121111fft	01020333ffft	1 2 1 1 2 3 2 4 2 5 5 5 ffffft
121111fft	01021333ffft	1 2 1 1 2 3 2 4 3 5 5 5 ffffft
121111fft	01022333ffft	1 2 1 1 2 3 2 4 4 5 5 5 ffffft
121111fft	01023233ffft	1 2 1 1 2 3 2 4 5 4 5 5 ffffft
121111fft	01023333ffft	1 2 1 1 2 3 2 4 5 5 5 5 ffffft
121111fft	01121333ffft	1 2 1 1 2 3 3 4 3 5 5 5 ffffft
121111fft	01122333ffft	1 2 1 1 2 3 3 4 4 5 5 5 ffffft
121111fft	01123233ffft	1 2 1 1 2 3 3 4 5 4 5 5 ffffft
121111fft	01123333ffft	1 2 1 1 2 3 3 4 5 5 5 5 ffffft
121111fft	01210333ffft	1 2 1 1 2 3 4 3 2 5 5 5 ffffft
121111fft	01211333ffft	1 2 1 1 2 3 4 3 3 5 5 5 ffffft
121111fft	01212333ffft	1 2 1 1 2 3 4 3 4 5 5 5 ffffft
121111fft	01213133ffft	1 2 1 1 2 3 4 3 5 3 5 5 ffffft
121111fft	01213233ffft	1 2 1 1 2 3 4 3 5 4 5 5 ffffft
121111fft	01213333ffft	1 2 1 1 2 3 4 3 5 5 5 5 ffffft
121111fft	01222333ffft	1 2 1 1 2 3 4 4 4 5 5 5 ffffft
121111fft	01223233ffft	1 2 1 1 2 3 4 4 5 4 5 5 ffffft
121111fft	01223333ffft	1 2 1 1 2 3 4 4 5 5 5 5 ffffft
121111fft	01230333ffft	1 2 1 1 2 3 4 5 2 5 5 5 ffffft
121111fft	01231133ffft	1 2 1 1 2 4 4 4 3 5 5 5 ffffft
121111fft	01232222fftf	1 2 1 1 2 3 5 4 5 5 5 5 ffffft
121111fft	01233133ffft	1 2 1 1 2 3 4 5 5 3 5 5 ffffft
121111fft	01233333ffft	1 2 1 1 2 3 4 5 5 5 5 5 ffffft
121111fft	11121333ffft	1 2 1 1 3 3 3 4 3 5 5 5 ffffft
121111fft	11122333ffft	1 2 1 1 3 3 3 4 4 5 5 5 ffffft
121111fft	11123233ffft	1 2 1 1 3 3 3 4 5 4 5 5 ffffft
121111fft	11123333ffft	1 2 1 1 3 3 3 4 5 5 5 5 ffffft
121111fft	11222333ffft	1 2 1 1 3 3 4 4 4 5 5 5 ffffft
121111fft	11223333ffft	1 2 1 1 3 3 4 4 5 5 5 5 ffffft
121111fft	11232222fftf	1 2 1 1 3 3 5 4 5 5 5 5 ffffft
121111fft	12111311ftff	1 2 1 1 5 3 5 4 5 5 5 5 ffffft
121111fft	12131133ffft	1 2 1 1 4 3 4 4 4 5 5 5 ffffft
121111fft	12133233ffft	1 2 1 1 3 4 3 5 5 4 5 5 ffffft
121111fft	12133333ffft	1 2 1 1 3 4 3 5 5 5 5 5 ffffft
121111fft	12222333ffft	1 2 1 1 3 4 4 4 4 5 5 5 ffffft
121111fft	12223333ffft	1 2 1 1 3 4 4 4 5 5 5 5 ffffft
121111fft	12233333ffft	1 2 1 1 3 4 4 5 5 5 5 5 ffffft
121111fft	12321333ffft	1 2 1 1 3 4 5 4 3 5 5 5 ffffft
121111fft	12323333ffft	1 2 1 1 3 4 5 4 5 5 5 5 ffffft
121121fft	01020333ffft	1 2 1 1 2 3 2 4 2 5 5 5 ffffft
121121fft	01021333ffft	1 2 1 1 2 3 2 4 3 5 5 5 ffffft
121121fft	01022333ffft	1 2 1 1 2 3 2 4 4 5 5 5 ffffft
121121fft	01023233ffft	1 2 1 1 2 3 2 4 5 4 5 5 ffffft
121121fft	01023333ffft	1 2 1 1 2 3 2 4 5 5 5 5 ffffft
121121fft	01121333ffft	1 2 1 1 2 3 3 4 3 5 5 5 ffffft
121121fft	01122333ffft	1 2 1 1 2 3 3 4 4 5 5 5 ffffft
121121fft	01123233ffft	1 2 1 1 2 3 3 4 5 4 5 5 ffffft
121121fft	01123333ffft	1 2 1 1 2 3 3 4 5 5 5 5 ffffft
121121fft	01210333ffft	1 2 1 1 2 3 4 3 2 5 5 5 ffffft
121121fft	01211333ffft	1 2 1 1 2 3 4 3 3 5 5 5 ffffft
121121fft	01212333ffft	1 2 1 1 2 3 4 3 4 5 5 5 ffffft
121121fft	01213133ffft	1 2 1 1 2 3 4 3 5 3 5 5 ffffft
121121fft	01213233ffft	1 2 1 1 2 3 4 3 5 4 5 5 ffffft
121121fft	01213333ffft	1 2 1 1 2 3 4 3 5 5 5 5 ffffft
121121fft	01222333ffft	1 2 1 1 2 3 4 4 4 5 5 5 ffffft
121121fft	01223233ffft	1 2 1 1 2 3 4 4 5 4 5 5 ffffft
121121fft	01223333ffft	1 2 1 1 2 3 4 4 5 5 5 5 ffffft
121121fft	01230333ffft	1 2 1 1 2 3 4 5 2 5 5 5 ffffft
121121fft	01231133ffft	1 2 1 1 2 4 4 4 3 5 5 5 ffffft
121121fft	01232222fftf	1 2 1 1 2 3 5 4 5 5 5 5 ffffft
121121fft	01233133ffft	1 2 1 1 2 3 4 5 5 3 5 5 ffffft
121121fft	01233333ffft	1 2 1 1 2 3 4 5 5 5 5 5 ffffft
121121fft	11121333ffft	1 2 1 1 2 3 3 4 3 5 5 5 ffffft
121121fft	11122333ffft	1 2 1 1 2 3 3 4 4 5 5 5 ffffft
121121fft	11123233ffft	1 2 1 1 2 3 3 4 5 4 5 5 ffffft
121121fft	11123333ffft	1 2 1 1 2 3 3 4 5 5 5 5 ffffft
121121fft	11222333ffft	1 2 1 1 2 3 4 4 4 5 5 5 ffffft
121121fft	11223333ffft	1 2 1 1 2 3 4 4 5 5 5 5 ffffft
121121fft	11232222fftf	1 2 1 1 2 3 5 4 5 5 5 5 ffffft
121121fft	12111311ftff	1 2 1 1 2 3 5 4 5 5 5 5 ffffft
121121fft	12131133ffft	1 2 1 1 2 3 4 4 4 5 5 5 ffffft
121121fft	12321333ffft	1 2 1 1 2 4 5 4 3 5 5 5 ffffft
