121111fft	0102030444fffft	1 2 1 1 2 3 2 4 2 5 2 6 6 6 fffffft
121111fft	0102031444fffft	1 2 1 1 2 3 2 4 2 5 3 6 6 6 fffffft
121111fft	0102032444fffft	1 2 1 1 2 3 2 4 2 5 4 6 6 6 fffffft
121111fft	0102033444fffft	1 2 1 1 2 3 2 4 2 5 5 6 6 6 fffffft
121111fft	0102034344fffft	1 2 1 1 2 3 2 4 2 5 6 5 6 6 fffffft
121111fft	0102034444fffft	1 2 1 1 2 3 2 4 2 5 6 6 6 6 fffffft
121111fft	0102131444fffft	1 2 1 1 2 3 2 4 3 5 3 6 6 6 fffffft
121111fft	0102132444fffft	1 2 1 1 2 3 2 4 3 5 4 6 6 6 fffffft
121111fft	0102133444fffft	1 2 1 1 2 3 2 4 3 5 5 6 6 6 fffffft
121111fft	0102134344fffft	1 2 1 1 2 3 2 4 3 5 6 5 6 6 fffffft
121111fft	0102134444fffft	1 2 1 1 2 3 2 4 3 5 6 6 6 6 fffffft
121111fft	0102232444fffft	1 2 1 1 2 3 2 4 4 5 4 6 6 6 fffffft
121111fft	0102233444fffft	1 2 1 1 2 3 2 4 4 5 5 6 6 6 fffffft
121111fft	0102234344fffft	1 2 1 1 2 3 2 4 4 5 6 5 6 6 fffffft
121111fft	0102234444fffft	1 2 1 1 2 3 2 4 4 5 6 6 6 6 fffffft
121111fft	0102320444fffft	1 2 1 1 2 3 2 4 5 4 2 6 6 6 fffffft
121111fft	0102321444fffft	1 2 1 1 2 3 2 4 5 4 3 6 6 6 fffffft
121111fft	0102322444fffft	1 2 1 1 2 3 2 4 5 4 4 6 6 6 fffffft
121111fft	0102323444fffft	1 2 1 1 2 3 2 4 5 4 5 6 6 6 fffffft
121111fft	0102324144fffft	1 2 1 1 2 3 2 4 5 4 6 3 6 6 fffffft
121111fft	0102324244fffft	1 2 1 1 2 3 2 4 5 4 6 4 6 6 fffffft
121111fft	0102324344fffft	1 2 1 1 2 3 2 4 5 4 6 5 6 6 fffffft
121111fft	0102324444fffft	1 2 1 1 2 3 2 4 5 4 6 6 6 6 fffffft
121111fft	0102333444fffft	1 2 1 1 2 3 2 4 5 5 5 6 6 6 fffffft
121111fft	0102334344fffft	1 2 1 1 2 3 2 4 5 5 6 5 6 6 fffffft
121111fft	0102334444fffft	1 2 1 1 2 3 2 4 5 5 6 6 6 6 fffffft
121111fft	0102340444fffft	1 2 1 1 2 3 2 4 5 6 2 6 6 6 fffffft
121111fft	0102341144fffft	1 2 1 1 2 4 4 4 2 5 3 6 6 6 fffffft
121111fft	0102341244fffft	1 2 1 1 2 3 2 5 3 5 4 6 6 6 fffffft
121111fft	0102341444fffft	1 2 1 1 2 3 2 4 5 6 3 6 6 6 fffffft
121111fft	0102342144fffft	1 2 1 1 2 3 2 5 5 3 4 6 6 6 fffffft
121111fft	0102342244fffft	1 2 1 1 2 3 2 5 5 5 4 6 6 6 fffffft
121111fft	0102343244fffft	1 2 1 1 2 3 2 5 4 5 4 6 6 6 fffffft
121111fft	0102343333ffftf	1 2 1 1 2 3 2 4 6 5 6 6 6 6 fffffft
121111fft	0102344144fffft	1 2 1 1 2 3 2 4 5 6 6 3 6 6 fffffft
121111fft	0102344244fffft	1 2 1 1 2 3 2 4 5 6 6 4 6 6 fffffft
121111fft	0102344444fffft	1 2 1 1 2 3 2 4 5 6 6 6 6 6 fffffft
121111fft	0112131444fffft	1 2 1 1 2 3 3 4 3 5 3 6 6 6 fffffft
121111fft	0112132444fffft	1 2 1 1 2 3 3 4 3 5 4 6 6 6 fffffft
121111fft	0112133444fffft	1 2 1 1 2 3 3 4 3 5 5 6 6 6 fffffft
121111fft	0112134344fffft	1 2 1 1 2 3 3 4 3 5 6 5 6 6 fffffft
121111fft	0112134444fffft	1 2 1 1 2 3 3 4 3 5 6 6 6 6 fffffft
121111fft	0112232444fffft	1 2 1 1 2 3 3 4 4 5 4 6 6 6 fffffft
121111fft	0112233444fffft	1 2 1 1 2 3 3 4 4 5 5 6 6 6 fffffft
121111fft	0112234344fffft	1 2 1 1 2 3 3 4 4 5 6 5 6 6 fffffft
121111fft	0112234444fffft	1 2 1 1 2 3 3 4 4 5 6 6 6 6 fffffft
121111fft	0112321444fffft	1 2 1 1 2 3 3 4 5 4 3 6 6 6 fffffft
121111fft	0112322444fffft	1 2 1 1 2 3 3 4 5 4 4 6 6 6 fffffft
121111fft	0112323444fffft	1 2 1 1 2 3 3 4 5 4 5 6 6 6 fffffft
121111fft	0112324244fffft	1 2 1 1 2 3 3 4 5 4 6 4 6 6 fffffft
121111fft	0112324344fffft	1 2 1 1 2 3 3 4 5 4 6 5 6 6 fffffft
121111fft	0112324444fffft	1 2 1 1 2 3 3 4 5 4 6 6 6 6 fffffft
121111fft	0112333444fffft	1 2 1 1 2 3 3 4 5 5 5 6 6 6 fffffft
121111fft	0112334344fffft	1 2 1 1 2 3 3 4 5 5 6 5 6 6 fffffft
121111fft	0112334444fffft	1 2 1 1 2 3 3 4 5 5 6 6 6 6 fffffft
121111fft	0112341444fffft	1 2 1 1 2 3 3 4 5 6 3 6 6 6 fffffft
121111fft	0112342244fffft	1 2 1 1 2 3 3 5 5 5 4 6 6 6 fffffft
121111fft	0112343333ffftf	1 2 1 1 2 3 3 4 6 5 6 6 6 6 fffffft
121111fft	0112344244fffft	1 2 1 1 2 3 3 4 5 6 6 4 6 6 fffffft
121111fft	0112344444fffft	1 2 1 1 2 3 3 4 5 6 6 6 6 6 fffffft
121111fft	0121032444fffft	1 2 1 1 2 3 4 3 2 5 4 6 6 6 fffffft
121111fft	0121033444fffft	1 2 1 1 2 3 4 3 2 5 5 6 6 6 fffffft
121111fft	0121034144fffft	1 2 1 1 2 3 4 3 2 5 6 3 6 6 fffffft
121111fft	0121034344fffft	1 2 1 1 2 3 4 3 2 5 6 5 6 6 fffffft
121111fft	0121034444fffft	1 2 1 1 2 3 4 3 2 5 6 6 6 6 fffffft
121111fft	0121132444fffft	1 2 1 1 2 3 4 3 3 5 4 6 6 6 fffffft
121111fft	0121133444fffft	1 2 1 1 2 3 4 3 3 5 5 6 6 6 fffffft
121111fft	0121134144fffft	1 2 1 1 2 3 4 3 3 5 6 3 6 6 fffffft
121111fft	0121134344fffft	1 2 1 1 2 3 4 3 3 5 6 5 6 6 fffffft
121111fft	0121134444fffft	1 2 1 1 2 3 4 3 3 5 6 6 6 6 fffffft
121111fft	0121232444fffft	1 2 1 1 2 3 4 3 4 5 4 6 6 6 fffffft
121111fft	0121233444fffft	1 2 1 1 2 3 4 3 4 5 5 6 6 6 fffffft
121111fft	0121234144fffft	1 2 1 1 2 3 4 3 4 5 6 3 6 6 fffffft
121111fft	0121234244fffft	1 2 1 1 2 3 4 3 4 5 6 4 6 6 fffffft
121111fft	0121234344fffft	1 2 1 1 2 3 4 3 4 5 6 5 6 6 fffffft
121111fft	0121234444fffft	1 2 1 1 2 3 4 3 4 5 6 6 6 6 fffffft
121111fft	0121310444fffft	1 2 1 1 2 3 4 3 5 3 2 6 6 6 fffffft
121111fft	0121311444fffft	1 2 1 1 2 3 4 3 5 3 3 6 6 6 fffffft
121111fft	0121312444fffft	1 2 1 1 2 3 4 3 5 3 4 6 6 6 fffffft
121111fft	0121313444fffft	1 2 1 1 2 3 4 3 5 3 5 6 6 6 fffffft
121111fft	0121314144fffft	1 2 1 1 2 3 4 3 5 3 6 3 6 6 fffffft
121111fft	0121314244fffft	1 2 1 1 2 3 4 3 5 3 6 4 6 6 fffffft
121111fft	0121314344fffft	1 2 1 1 2 3 4 3 5 3 6 5 6 6 fffffft
121111fft	0121314444fffft	1 2 1 1 2 3 4 3 5 3 6 6 6 6 fffffft
121111fft	0121323444fffft	1 2 1 1 2 3 4 3 5 4 5 6 6 6 fffffft
121111fft	0121324244fffft	1 2 1 1 2 3 4 3 5 4 6 4 6 6 fffffft
121111fft	0121324344fffft	1 2 1 1 2 3 4 3 5 4 6 5 6 6 fffffft
121111fft	0121324444fffft	1 2 1 1 2 3 4 3 5 4 6 6 6 6 fffffft
121111fft	0121332444fffft	1 2 1 1 2 3 4 3 5 5 4 6 6 6 fffffft
121111fft	0121333444fffft	1 2 1 1 2 3 4 3 5 5 5 6 6 6 fffffft
121111fft	0121334144fffft	1 2 1 1 2 3 4 3 5 5 6 3 6 6 fffffft
121111fft	0121334344fffft	1 2 1 1 2 3 4 3 5 5 6 5 6 6 fffffft
121111fft	0121334444fffft	1 2 1 1 2 3 4 3 5 5 6 6 6 6 fffffft
121111fft	0121340444fffft	1 2 1 1 2 3 4 3 5 6 2 6 6 6 fffffft
121111fft	0121341144fffft	1 2 1 1 2 4 4 4 5 4 3 6 6 6 fffffft
121111fft	0121341444fffft	1 2 1 1 2 3 4 3 5 6 3 6 6 6 fffffft
121111fft	0121343322ffftf	1 2 1 1 2 3 5 3 5 5 6 4 6 6 fffffft
121111fft	0121343323ffftf	1 2 1 1 2 3 4 3 6 5 4 6 6 6 fffffft
121111fft	0121343331ffftf	1 2 1 1 2 3 4 3 6 5 6 3 6 6 fffffft
121111fft	0121343333ffftf	1 2 1 1 2 3 4 3 6 5 6 6 6 6 fffffft
121111fft	0121344144fffft	1 2 1 1 2 3 4 3 5 6 6 3 6 6 fffffft
121111fft	0121344344fffft	1 2 1 1 2 3 4 3 5 6 6 5 6 6 fffffft
121111fft	0121344444fffft	1 2 1 1 2 3 4 3 5 6 6 6 6 6 fffffft
121111fft	0122232444fffft	1 2 1 1 2 3 4 4 4 5 4 6 6 6 fffffft
121111fft	0122233444fffft	1 2 1 1 2 3 4 4 4 5 5 6 6 6 fffffft
121111fft	0122234344fffft	1 2 1 1 2 3 4 4 4 5 6 5 6 6 fffffft
121111fft	0122234444fffft	1 2 1 1 2 3 4 4 4 5 6 6 6 6 fffffft
121111fft	0122323444fffft	1 2 1 1 2 3 4 4 5 4 5 6 6 6 fffffft
121111fft	0122324244fffft	1 2 1 1 2 3 4 4 5 4 6 4 6 6 fffffft
121111fft	0122324344fffft	1 2 1 1 2 3 4 4 5 4 6 5 6 6 fffffft
121111fft	0122324444fffft	1 2 1 1 2 3 4 4 5 4 6 6 6 6 fffffft
121111fft	0122333444fffft	1 2 1 1 2 3 4 4 5 5 5 6 6 6 fffffft
121111fft	0122334344fffft	1 2 1 1 2 3 4 4 5 5 6 5 6 6 fffffft
121111fft	0122334444fffft	1 2 1 1 2 3 4 4 5 5 6 6 6 6 fffffft
121111fft	0122343333ffftf	1 2 1 1 2 3 4 4 6 5 6 6 6 6 fffffft
121111fft	0122344444fffft	1 2 1 1 2 3 4 4 5 6 6 6 6 6 fffffft
121111fft	0123031444fffft	1 2 1 1 2 3 4 5 2 5 3 6 6 6 fffffft
121111fft	0123032444fffft	1 2 1 1 2 3 4 5 2 5 4 6 6 6 fffffft
121111fft	0123033444fffft	1 2 1 1 2 3 4 5 2 5 5 6 6 6 fffffft
121111fft	0123034344fffft	1 2 1 1 2 3 4 5 2 5 6 5 6 6 fffffft
121111fft	0123034444fffft	1 2 1 1 2 3 4 5 2 5 6 6 6 6 fffffft
121111fft	0123042444fffft	1 2 1 1 2 3 4 5 2 6 4 6 6 6 fffffft
121111fft	0123043313ffftf	1 2 1 1 2 4 2 5 3 6 4 6 6 6 fffffft
121111fft	0123043333ffftf	1 2 1 1 2 4 2 5 3 6 6 6 6 6 fffffft
121111fft	0123043343ffftf	1 2 1 1 2 4 2 5 3 6 5 6 6 6 fffffft
121111fft	0123043444fffft	1 2 1 1 2 3 4 5 2 6 5 6 6 6 fffffft
121111fft	0123044344fffft	1 2 1 1 2 3 4 5 2 6 6 5 6 6 fffffft
121111fft	0123044444fffft	1 2 1 1 2 3 4 5 2 6 6 6 6 6 fffffft
121111fft	0123112444fffft	1 2 1 1 2 4 4 4 3 5 3 6 6 6 fffffft
121111fft	0123113444fffft	1 2 1 1 2 4 4 4 3 5 5 6 6 6 fffffft
121111fft	0123114344fffft	1 2 1 1 2 4 4 4 3 5 6 5 6 6 fffffft
121111fft	0123114444fffft	1 2 1 1 2 4 4 4 3 5 6 6 6 6 fffffft
121111fft	0123142444fffft	1 2 1 1 2 3 4 5 3 6 4 6 6 6 fffffft
121111fft	0123143333ffftf	1 2 1 1 2 4 4 5 3 6 6 6 6 6 fffffft
121111fft	0123143343ffftf	1 2 1 1 2 4 4 5 3 6 5 6 6 6 fffffft
121111fft	0123143444fffft	1 2 1 1 2 3 4 5 3 6 5 6 6 6 fffffft
121111fft	0123144344fffft	1 2 1 1 2 3 4 5 3 6 6 5 6 6 fffffft
121111fft	0123144444fffft	1 2 1 1 2 3 4 5 3 6 6 6 6 6 fffffft
121111fft	0123222422fftff	1 2 1 1 2 3 6 4 6 5 6 6 6 6 fffffft
121111fft	0123242244fffft	1 2 1 1 2 3 5 4 5 5 5 6 6 6 fffffft
121111fft	0123243313ffftf	1 2 1 1 2 4 3 5 3 6 4 6 6 6 fffffft
121111fft	0123243333ffftf	1 2 1 1 2 4 3 5 3 6 6 6 6 6 fffffft
121111fft	0123243343ffftf	1 2 1 1 2 4 3 5 3 6 5 6 6 6 fffffft
121111fft	0123244344fffft	1 2 1 1 2 3 4 5 4 6 6 5 6 6 fffffft
121111fft	0123244444fffft	1 2 1 1 2 3 4 5 4 6 6 6 6 6 fffffft
121111fft	0123312444fffft	1 2 1 1 2 3 4 5 5 3 4 6 6 6 fffffft
121111fft	0123313444fffft	1 2 1 1 2 3 4 5 5 3 5 6 6 6 fffffft
121111fft	0123314344fffft	1 2 1 1 2 3 4 5 5 3 6 5 6 6 fffffft
121111fft	0123314444fffft	1 2 1 1 2 3 4 5 5 3 6 6 6 6 fffffft
121111fft	0123332444fffft	1 2 1 1 2 3 4 5 5 5 4 6 6 6 fffffft
121111fft	0123333444fffft	1 2 1 1 2 3 4 5 5 5 5 6 6 6 fffffft
121111fft	0123334344fffft	1 2 1 1 2 3 4 5 5 5 6 5 6 6 fffffft
121111fft	0123334444fffft	1 2 1 1 2 3 4 5 5 5 6 6 6 6 fffffft
121111fft	0123343333ffftf	1 2 1 1 2 3 4 6 6 5 6 6 6 6 fffffft
121111fft	0123344344fffft	1 2 1 1 2 3 4 5 5 6 6 5 6 6 fffffft
121111fft	0123344444fffft	1 2 1 1 2 3 4 5 5 6 6 6 6 6 fffffft
121111fft	0123412444fffft	1 2 1 1 2 3 4 5 6 3 4 6 6 6 fffffft
121111fft	0123413303ffftf	1 2 1 1 2 4 5 4 3 6 2 6 6 6 fffffft
121111fft	0123413311ffftf	1 2 1 1 2 5 4 5 5 5 3 6 6 6 fffffft
121111fft	0123413313ffftf	1 2 1 1 2 4 5 4 3 6 4 6 6 6 fffffft
121111fft	0123413331ffftf	1 2 1 1 2 4 5 4 3 6 6 4 6 6 fffffft
121111fft	0123413333ffftf	1 2 1 1 2 4 5 4 3 6 6 6 6 6 fffffft
121111fft	0123413343ffftf	1 2 1 1 2 4 5 4 3 6 5 6 6 6 fffffft
121111fft	0123414344fffft	1 2 1 1 2 3 4 5 6 3 6 5 6 6 fffffft
121111fft	0123414444fffft	1 2 1 1 2 3 4 5 6 3 6 6 6 6 fffffft
121111fft	0123422244fffft	1 2 1 1 2 3 5 4 5 5 6 5 6 6 fffffft
121111fft	0123432444fffft	1 2 1 1 2 3 4 5 6 5 4 6 6 6 fffffft
121111fft	0123433303ffftf	1 2 1 1 2 3 4 6 5 6 2 6 6 6 fffffft
121111fft	0123433311ffftf	1 2 1 1 2 4 4 4 5 6 3 6 6 6 fffffft
121111fft	0123433321ffftf	1 2 1 1 2 4 5 4 5 6 3 6 6 6 fffffft
121111fft	0123433331ffftf	1 2 1 1 2 3 4 6 5 6 6 3 6 6 fffffft
121111fft	0123433333ffftf	1 2 1 1 2 3 4 6 5 6 6 6 6 6 fffffft
121111fft	0123434444fffft	1 2 1 1 2 3 4 5 6 5 6 6 6 6 fffffft
121111fft	0123442244fffft	1 2 1 1 2 3 5 4 5 5 6 6 6 6 fffffft
121111fft	0123442444fffft	1 2 1 1 2 3 4 5 6 6 4 6 6 6 fffffft
121111fft	0123443333ffftf	1 2 1 1 2 4 5 5 3 6 6 6 6 6 fffffft
121111fft	0123443343ffftf	1 2 1 1 2 4 5 5 3 6 5 6 6 6 fffffft
121111fft	0123444244fffft	1 2 1 1 2 3 4 5 6 6 6 4 6 6 fffffft
121111fft	0123444344fffft	1 2 1 1 2 3 4 5 6 6 6 5 6 6 fffffft
121111fft	1112131444fffft	1 2 1 1 3 3 3 4 3 5 3 6 6 6 fffffft
121111fft	1112132444fffft	1 2 1 1 3 3 3 4 3 5 4 6 6 6 fffffft
121111fft	1112133444fffft	1 2 1 1 3 3 3 4 3 5 5 6 6 6 fffffft
121111fft	1112134344fffft	1 2 1 1 3 3 3 4 3 5 6 5 6 6 fffffft
121111fft	1112134444fffft	1 2 1 1 3 3 3 4 3 5 6 6 6 6 fffffft
121111fft	1112232444fffft	1 2 1 1 3 3 3 4 4 5 4 6 6 6 fffffft
121111fft	1112233444fffft	1 2 1 1 3 3 3 4 4 5 5 6 6 6 fffffft
121111fft	1112234344fffft	1 2 1 1 3 3 3 4 4 5 6 5 6 6 fffffft
121111fft	1112234444fffft	1 2 1 1 3 3 3 4 4 5 6 6 6 6 fffffft
121111fft	1112321444fffft	1 2 1 1 3 3 3 4 5 4 3 6 6 6 fffffft
121111fft	1112322444fffft	1 2 1 1 3 3 3 4 5 4 4 6 6 6 fffffft
121111fft	1112323444fffft	1 2 1 1 3 3 3 4 5 4 5 6 6 6 fffffft
121111fft	1112324244fffft	1 2 1 1 3 3 3 4 5 4 6 4 6 6 fffffft
121111fft	1112324344fffft	1 2 1 1 3 3 3 4 5 4 6 5 6 6 fffffft
121111fft	1112324444fffft	1 2 1 1 3 3 3 4 5 4 6 6 6 6 fffffft
121111fft	1112333444fffft	1 2 1 1 3 3 3 4 5 5 5 6 6 6 fffffft
121111fft	1112334344fffft	1 2 1 1 3 3 3 4 5 5 6 5 6 6 fffffft
121111fft	1112334444fffft	1 2 1 1 3 3 3 4 5 5 6 6 6 6 fffffft
121111fft	1112341444fffft	1 2 1 1 3 3 3 4 5 6 3 6 6 6 fffffft
121111fft	1112342244fffft	1 2 1 1 3 3 3 5 5 5 4 6 6 6 fffffft
121111fft	1112343333ffftf	1 2 1 1 3 3 3 4 6 5 6 6 6 6 fffffft
121111fft	1112344244fffft	1 2 1 1 3 3 3 4 5 6 6 4 6 6 fffffft
121111fft	1112344444fffft	1 2 1 1 3 3 3 4 5 6 6 6 6 6 fffffft
121111fft	1122232444fffft	1 2 1 1 3 3 4 4 4 5 4 6 6 6 fffffft
121111fft	1122233444fffft	1 2 1 1 3 3 4 4 4 5 5 6 6 6 fffffft
121111fft	1122234344fffft	1 2 1 1 3 3 4 4 4 5 6 5 6 6 fffffft
121111fft	1122234444fffft	1 2 1 1 3 3 4 4 4 5 6 6 6 6 fffffft
121111fft	1122333444fffft	1 2 1 1 3 3 4 4 5 5 5 6 6 6 fffffft
121111fft	1122334444fffft	1 2 1 1 3 3 4 4 5 5 6 6 6 6 fffffft
121111fft	1122343333ffftf	1 2 1 1 3 3 4 4 6 5 6 6 6 6 fffffft
121111fft	1123222422fftff	1 2 1 1 3 3 6 4 6 5 6 6 6 6 fffffft
121111fft	1123242244fffft	1 2 1 1 3 3 5 4 5 5 5 6 6 6 fffffft
121111fft	1123244344fffft	1 2 1 1 3 3 4 5 4 6 6 5 6 6 fffffft
121111fft	1123244444fffft	1 2 1 1 3 3 4 5 4 6 6 6 6 6 fffffft
121111fft	1123333444fffft	1 2 1 1 3 3 4 5 5 5 5 6 6 6 fffffft
121111fft	1123334444fffft	1 2 1 1 3 3 4 5 5 5 6 6 6 6 fffffft
121111fft	1123344444fffft	1 2 1 1 3 3 4 5 5 6 6 6 6 6 fffffft
121111fft	1123432444fffft	1 2 1 1 3 3 4 5 6 5 4 6 6 6 fffffft
121111fft	1123434444fffft	1 2 1 1 3 3 4 5 6 5 6 6 6 6 fffffft
121111fft	1211131411ftfff	1 2 1 1 6 3 6 4 6 5 6 6 6 6 fffffft
121111fft	1213111444fffft	1 2 1 1 4 3 4 4 4 5 4 6 6 6 fffffft
121111fft	1213113444fffft	1 2 1 1 4 3 4 4 4 5 5 6 6 6 fffffft
121111fft	1213114344fffft	1 2 1 1 4 3 4 4 4 5 6 5 6 6 fffffft
121111fft	1213114444fffft	1 2 1 1 4 3 4 4 4 5 6 6 6 6 fffffft
121111fft	1213142444fffft	1 2 1 1 3 4 3 5 3 6 4 6 6 6 fffffft
121111fft	1213143311ffftf	1 2 1 1 5 3 5 4 5 5 5 6 6 6 fffffft
121111fft	1213143333ffftf	1 2 1 1 4 3 4 5 4 6 6 6 6 6 fffffft
121111fft	1213143334ffftf	1 2 1 1 4 3 4 5 4 6 6 5 6 6 fffffft
121111fft	1213143444fffft	1 2 1 1 3 4 3 5 3 6 5 6 6 6 fffffft
121111fft	1213144444fffft	1 2 1 1 3 4 3 5 3 6 6 6 6 6 fffffft
121111fft	1213244444fffft	1 2 1 1 3 4 3 5 4 6 6 6 6 6 fffffft
121111fft	1213323444fffft	1 2 1 1 3 4 3 5 5 4 5 6 6 6 fffffft
121111fft	1213324444fffft	1 2 1 1 3 4 3 5 5 4 6 6 6 6 fffffft
121111fft	1213333444fffft	1 2 1 1 3 4 3 5 5 5 5 6 6 6 fffffft
121111fft	1213334344fffft	1 2 1 1 3 4 3 5 5 5 6 5 6 6 fffffft
121111fft	1213334444fffft	1 2 1 1 3 4 3 5 5 5 6 6 6 6 fffffft
121111fft	1213343333ffftf	1 2 1 1 3 4 3 6 6 5 6 6 6 6 fffffft
121111fft	1213344444fffft	1 2 1 1 3 4 3 5 5 6 6 6 6 6 fffffft
121111fft	1213423333ffftf	1 2 1 1 4 3 5 3 4 6 6 6 6 6 fffffft
121111fft	1213433333ffftf	1 2 1 1 3 4 3 6 5 6 6 6 6 6 fffffft
121111fft	1213434444fffft	1 2 1 1 3 4 3 5 6 5 6 6 6 6 fffffft
121111fft	1213443333ffftf	1 2 1 1 4 3 5 5 4 6 6 6 6 6 fffffft
121111fft	1222232444fffft	1 2 1 1 3 4 4 4 4 5 4 6 6 6 fffffft
121111fft	1222233444fffft	1 2 1 1 3 4 4 4 4 5 5 6 6 6 fffffft
121111fft	1222234344fffft	1 2 1 1 3 4 4 4 4 5 6 5 6 6 fffffft
121111fft	1222234444fffft	1 2 1 1 3 4 4 4 4 5 6 6 6 6 fffffft
121111fft	1222333444fffft	1 2 1 1 3 4 4 4 5 5 5 6 6 6 fffffft
121111fft	1222334344fffft	1 2 1 1 3 4 4 4 5 5 6 5 6 6 fffffft
121111fft	1222334444fffft	1 2 1 1 3 4 4 4 5 5 6 6 6 6 fffffft
121111fft	1222343333ffftf	1 2 1 1 3 4 4 4 6 5 6 6 6 6 fffffft
121111fft	1222344444fffft	1 2 1 1 3 4 4 4 5 6 6 6 6 6 fffffft
121111fft	1223244444fffft	1 2 1 1 3 4 4 5 4 6 6 6 6 6 fffffft
121111fft	1223333444fffft	1 2 1 1 3 4 4 5 5 5 5 6 6 6 fffffft
121111fft	1223334344fffft	1 2 1 1 3 4 4 5 5 5 6 5 6 6 fffffft
121111fft	1223334444fffft	1 2 1 1 3 4 4 5 5 5 6 6 6 6 fffffft
121111fft	1223344444fffft	1 2 1 1 3 4 4 5 5 6 6 6 6 6 fffffft
121111fft	1223433333ffftf	1 2 1 1 3 4 4 6 5 6 6 6 6 6 fffffft
121111fft	1223434444fffft	1 2 1 1 3 4 4 5 6 5 6 6 6 6 fffffft
121111fft	1231143311ffftf	1 2 1 1 5 3 5 4 5 5 6 5 6 6 fffffft
121111fft	1232133444fffft	1 2 1 1 3 4 5 4 3 5 5 6 6 6 fffffft
121111fft	1232134444fffft	1 2 1 1 3 4 5 4 3 5 6 6 6 6 fffffft
121111fft	1232143313ffftf	1 2 1 1 4 3 4 5 6 3 4 6 6 6 fffffft
121111fft	1232143333ffftf	1 2 1 1 4 3 4 5 6 3 6 6 6 6 fffffft
121111fft	1232143334ffftf	1 2 1 1 4 3 4 5 6 3 6 5 6 6 fffffft
121111fft	1232333444fffft	1 2 1 1 3 4 5 4 5 5 5 6 6 6 fffffft
121111fft	1232334344fffft	1 2 1 1 3 4 5 4 5 5 6 5 6 6 fffffft
121111fft	1232334444fffft	1 2 1 1 3 4 5 4 5 5 6 6 6 6 fffffft
121111fft	1232343333ffftf	1 2 1 1 3 4 6 4 6 5 6 6 6 6 fffffft
121111fft	1232344244fffft	1 2 1 1 3 4 5 4 5 6 6 4 6 6 fffffft
121111fft	1232344444fffft	1 2 1 1 3 4 5 4 5 6 6 6 6 6 fffffft
121111fft	1232433333ffftf	1 2 1 1 3 4 6 4 5 6 6 6 6 6 fffffft
121111fft	1232434444fffft	1 2 1 1 3 4 5 4 6 5 6 6 6 6 fffffft
121111fft	1232442244fffft	1 2 1 1 3 5 4 5 5 5 6 6 6 6 fffffft
121111fft	1232442444fffft	1 2 1 1 3 4 5 4 6 6 4 6 6 6 fffffft
121111fft	1232443333ffftf	1 2 1 1 4 3 5 5 6 3 6 6 6 6 fffffft
121111fft	1232443334ffftf	1 2 1 1 4 3 5 5 6 3 6 5 6 6 fffffft
121111fft	1232443444fffft	1 2 1 1 3 4 5 4 6 6 5 6 6 6 fffffft
121111fft	1232444244fffft	1 2 1 1 3 4 5 4 6 6 6 4 6 6 fffffft
121111fft	1233343331ffftf	1 2 1 1 3 4 6 6 6 5 6 3 6 6 fffffft
121111fft	1233344444fffft	1 2 1 1 3 4 5 5 5 6 6 6 6 6 fffffft
121111fft	1233434444fffft	1 2 1 1 3 4 5 5 6 5 6 6 6 6 fffffft
121111fft	1234433333ffftf	1 2 1 1 3 4 6 5 5 6 6 6 6 6 fffffft
121111fft	1234434444fffft	1 2 1 1 3 4 5 6 6 5 6 6 6 6 fffffft
121121fft	0102030444fffft	1 2 1 1 2 3 2 4 2 5 2 6 6 6 fffffft
121121fft	0102031444fffft	1 2 1 1 2 3 2 4 2 5 3 6 6 6 fffffft
121121fft	0102032444fffft	1 2 1 1 2 3 2 4 2 5 4 6 6 6 fffffft
121121fft	0102033444fffft	1 2 1 1 2 3 2 4 2 5 5 6 6 6 fffffft
121121fft	0102034344fffft	1 2 1 1 2 3 2 4 2 5 6 5 6 6 fffffft
121121fft	0102034444fffft	1 2 1 1 2 3 2 4 2 5 6 6 6 6 fffffft
121121fft	0102131444fffft	1 2 1 1 2 3 2 4 3 5 3 6 6 6 fffffft
121121fft	0102132444fffft	1 2 1 1 2 3 2 4 3 5 4 6 6 6 fffffft
121121fft	0102133444fffft	1 2 1 1 2 3 2 4 3 5 5 6 6 6 fffffft
121121fft	0102134344fffft	1 2 1 1 2 3 2 4 3 5 6 5 6 6 fffffft
121121fft	0102134444fffft	1 2 1 1 2 3 2 4 3 5 6 6 6 6 fffffft
121121fft	0102232444fffft	1 2 1 1 2 3 2 4 4 5 4 6 6 6 fffffft
121121fft	0102233444fffft	1 2 1 1 2 3 2 4 4 5 5 6 6 6 fffffft
121121fft	0102234344fffft	1 2 1 1 2 3 2 4 4 5 6 5 6 6 fffffft
121121fft	0102234444fffft	1 2 1 1 2 3 2 4 4 5 6 6 6 6 fffffft
121121fft	0102320444fffft	1 2 1 1 2 3 2 4 5 4 2 6 6 6 fffffft
121121fft	0102321444fffft	1 2 1 1 2 3 2 4 5 4 3 6 6 6 fffffft
121121fft	0102322444fffft	1 2 1 1 2 3 2 4 5 4 4 6 6 6 fffffft
121121fft	0102323444fffft	1 2 1 1 2 3 2 4 5 4 5 6 6 6 fffffft
121121fft	0102324144fffft	1 2 1 1 2 3 2 4 5 4 6 3 6 6 fffffft
121121fft	0102324244fffft	1 2 1 1 2 3 2 4 5 4 6 4 6 6 fffffft
121121fft	0102324344fffft	1 2 1 1 2 3 2 4 5 4 6 5 6 6 fffffft
121121fft	0102324444fffft	1 2 1 1 2 3 2 4 5 4 6 6 6 6 fffffft
121121fft	0102333444fffft	1 2 1 1 2 3 2 4 5 5 5 6 6 6 fffffft
121121fft	0102334344fffft	1 2 1 1 2 3 2 4 5 5 6 5 6 6 fffffft
121121fft	0102334444fffft	1 2 1 1 2 3 2 4 5 5 6 6 6 6 fffffft
121121fft	0102340444fffft	1 2 1 1 2 3 2 4 5 6 2 6 6 6 fffffft
121121fft	0102341144fffft	1 2 1 1 2 4 4 4 2 5 3 6 6 6 fffffft
121121fft	0102341244fffft	1 2 1 1 2 3 2 5 3 5 4 6 6 6 fffffft
121121fft	0102341444fffft	1 2 1 1 2 3 2 4 5 6 3 6 6 6 fffffft
121121fft	0102342144fffft	1 2 1 1 2 3 2 5 5 3 4 6 6 6 fffffft
121121fft	0102342244fffft	1 2 1 1 2 3 2 5 5 5 4 6 6 6 fffffft
121121fft	0102343244fffft	1 2 1 1 2 3 2 5 4 5 4 6 6 6 fffffft
121121fft	0102343333ffftf	1 2 1 1 2 3 2 4 6 5 6 6 6 6 fffffft
121121fft	0102344144fffft	1 2 1 1 2 3 2 4 5 6 6 3 6 6 fffffft
121121fft	0102344244fffft	1 2 1 1 2 3 2 4 5 6 6 4 6 6 fffffft
121121fft	0102344444fffft	1 2 1 1 2 3 2 4 5 6 6 6 6 6 fffffft
121121fft	0112131444fffft	1 2 1 1 2 3 3 4 3 5 3 6 6 6 fffffft
121121fft	0112132444fffft	1 2 1 1 2 3 3 4 3 5 4 6 6 6 fffffft
121121fft	0112133444fffft	1 2 1 1 2 3 3 4 3 5 5 6 6 6 fffffft
121121fft	0112134344fffft	1 2 1 1 2 3 3 4 3 5 6 5 6 6 fffffft
121121fft	0112134444fffft	1 2 1 1 2 3 3 4 3 5 6 6 6 6 fffffft
121121fft	0112232444fffft	1 2 1 1 2 3 3 4 4 5 4 6 6 6 fffffft
121121fft	0112233444fffft	1 2 1 1 2 3 3 4 4 5 5 6 6 6 fffffft
121121fft	0112234344fffft	1 2 1 1 2 3 3 4 4 5 6 5 6 6 fffffft
121121fft	0112234444fffft	1 2 1 1 2 3 3 4 4 5 6 6 6 6 fffffft
121121fft	0112321444fffft	1 2 1 1 2 3 3 4 5 4 3 6 6 6 fffffft
121121fft	0112322444fffft	1 2 1 1 2 3 3 4 5 4 4 6 6 6 fffffft
121121fft	0112323444fffft	1 2 1 1 2 3 3 4 5 4 5 6 6 6 fffffft
121121fft	0112324244fffft	1 2 1 1 2 3 3 4 5 4 6 4 6 6 fffffft
121121fft	0112324344fffft	1 2 1 1 2 3 3 4 5 4 6 5 6 6 fffffft
121121fft	0112324444fffft	1 2 1 1 2 3 3 4 5 4 6 6 6 6 fffffft
121121fft	0112333444fffft	1 2 1 1 2 3 3 4 5 5 5 6 6 6 fffffft
121121fft	0112334344fffft	1 2 1 1 2 3 3 4 5 5 6 5 6 6 fffffft
121121fft	0112334444fffft	1 2 1 1 2 3 3 4 5 5 6 6 6 6 fffffft
121121fft	0112341444fffft	1 2 1 1 2 3 3 4 5 6 3 6 6 6 fffffft
121121fft	0112342244fffft	1 2 1 1 2 3 3 5 5 5 4 6 6 6 fffffft
121121fft	0112343333ffftf	1 2 1 1 2 3 3 4 6 5 6 6 6 6 fffffft
121121fft	0112344244fffft	1 2 1 1 2 3 3 4 5 6 6 4 6 6 fffffft
121121fft	0112344444fffft	1 2 1 1 2 3 3 4 5 6 6 6 6 6 fffffft
121121fft	0121032444fffft	1 2 1 1 2 3 4 3 2 5 4 6 6 6 fffffft
121121fft	0121033444fffft	1 2 1 1 2 3 4 3 2 5 5 6 6 6 fffffft
121121fft	0121034144fffft	1 2 1 1 2 3 4 3 2 5 6 3 6 6 fffffft
121121fft	0121034344fffft	1 2 1 1 2 3 4 3 2 5 6 5 6 6 fffffft
121121fft	0121034444fffft	1 2 1 1 2 3 4 3 2 5 6 6 6 6 fffffft
121121fft	0121132444fffft	1 2 1 1 2 3 4 3 3 5 4 6 6 6 fffffft
121121fft	0121133444fffft	1 2 1 1 2 3 4 3 3 5 5 6 6 6 fffffft
121121fft	0121134144fffft	1 2 1 1 2 3 4 3 3 5 6 3 6 6 fffffft
121121fft	0121134344fffft	1 2 1 1 2 3 4 3 3 5 6 5 6 6 fffffft
121121fft	0121134444fffft	1 2 1 1 2 3 4 3 3 5 6 6 6 6 fffffft
121121fft	0121232444fffft	1 2 1 1 2 3 4 3 4 5 4 6 6 6 fffffft
121121fft	0121233444fffft	1 2 1 1 2 3 4 3 4 5 5 6 6 6 fffffft
121121fft	0121234144fffft	1 2 1 1 2 3 4 3 4 5 6 3 6 6 fffffft
121121fft	0121234244fffft	1 2 1 1 2 3 4 3 4 5 6 4 6 6 fffffft
121121fft	0121234344fffft	1 2 1 1 2 3 4 3 4 5 6 5 6 6 fffffft
121121fft	0121234444fffft	1 2 1 1 2 3 4 3 4 5 6 6 6 6 fffffft
121121fft	0121310444fffft	1 2 1 1 2 3 4 3 5 3 2 6 6 6 fffffft
121121fft	0121311444fffft	1 2 1 1 2 3 4 3 5 3 3 6 6 6 fffffft
121121fft	0121312444fffft	1 2 1 1 2 3 4 3 5 3 4 6 6 6 fffffft
121121fft	0121313444fffft	1 2 1 1 2 3 4 3 5 3 5 6 6 6 fffffft
121121fft	0121314144fffft	1 2 1 1 2 3 4 3 5 3 6 3 6 6 fffffft
121121fft	0121314244fffft	1 2 1 1 2 3 4 3 5 3 6 4 6 6 fffffft
121121fft	0121314344fffft	1 2 1 1 2 3 4 3 5 3 6 5 6 6 fffffft
121121fft	0121314444fffft	1 2 1 1 2 3 4 3 5 3 6 6 6 6 fffffft
121121fft	0121323444fffft	1 2 1 1 2 3 4 3 5 4 5 6 6 6 fffffft
121121fft	0121324244fffft	1 2 1 1 2 3 4 3 5 4 6 4 6 6 fffffft
121121fft	0121324344fffft	1 2 1 1 2 3 4 3 5 4 6 5 6 6 fffffft
121121fft	0121324444fffft	1 2 1 1 2 3 4 3 5 4 6 6 6 6 fffffft
121121fft	0121332444fffft	1 2 1 1 2 3 4 3 5 5 4 6 6 6 fffffft
121121fft	0121333444fffft	1 2 1 1 2 3 4 3 5 5 5 6 6 6 fffffft
121121fft	0121334144fffft	1 2 1 1 2 3 4 3 5 5 6 3 6 6 fffffft
121121fft	0121334344fffft	1 2 1 1 2 3 4 3 5 5 6 5 6 6 fffffft
121121fft	0121334444fffft	1 2 1 1 2 3 4 3 5 5 6 6 6 6 fffffft
121121fft	0121340444fffft	1 2 1 1 2 3 4 3 5 6 2 6 6 6 fffffft
121121fft	0121341144fffft	1 2 1 1 2 4 4 4 5 4 3 6 6 6 fffffft
121121fft	0121341444fffft	1 2 1 1 2 3 4 3 5 6 3 6 6 6 fffffft
121121fft	0121343322ffftf	1 2 1 1 2 3 5 3 5 5 6 4 6 6 fffffft
121121fft	0121343323ffftf	1 2 1 1 2 3 4 3 6 5 4 6 6 6 fffffft
121121fft	0121343331ffftf	1 2 1 1 2 3 4 3 6 5 6 3 6 6 fffffft
121121fft	0121343333ffftf	1 2 1 1 2 3 4 3 6 5 6 6 6 6 fffffft
121121fft	0121344144fffft	1 2 1 1 2 3 4 3 5 6 6 3 6 6 fffffft
121121fft	0121344344fffft	1 2 1 1 2 3 4 3 5 6 6 5 6 6 fffffft
121121fft	0121344444fffft	1 2 1 1 2 3 4 3 5 6 6 6 6 6 fffffft
121121fft	0122232444fffft	1 2 1 1 2 3 4 4 4 5 4 6 6 6 fffffft
121121fft	0122233444fffft	1 2 1 1 2 3 4 4 4 5 5 6 6 6 fffffft
121121fft	0122234344fffft	1 2 1 1 2 3 4 4 4 5 6 5 6 6 fffffft
121121fft	0122234444fffft	1 2 1 1 2 3 4 4 4 5 6 6 6 6 fffffft
121121fft	0122323444fffft	1 2 1 1 2 3 4 4 5 4 5 6 6 6 fffffft
121121fft	0122324244fffft	1 2 1 1 2 3 4 4 5 4 6 4 6 6 fffffft
121121fft	0122324344fffft	1 2 1 1 2 3 4 4 5 4 6 5 6 6 fffffft
121121fft	0122324444fffft	1 2 1 1 2 3 4 4 5 4 6 6 6 6 fffffft
121121fft	0122333444fffft	1 2 1 1 2 3 4 4 5 5 5 6 6 6 fffffft
121121fft	0122334344fffft	1 2 1 1 2 3 4 4 5 5 6 5 6 6 fffffft
121121fft	0122334444fffft	1 2 1 1 2 3 4 4 5 5 6 6 6 6 fffffft
121121fft	0122343333ffftf	1 2 1 1 2 3 4 4 6 5 6 6 6 6 fffffft
121121fft	0122344444fffft	1 2 1 1 2 3 4 4 5 6 6 6 6 6 fffffft
121121fft	0123031444fffft	1 2 1 1 2 3 4 5 2 5 3 6 6 6 fffffft
121121fft	0123032444fffft	1 2 1 1 2 3 4 5 2 5 4 6 6 6 fffffft
121121fft	0123033444fffft	1 2 1 1 2 3 4 5 2 5 5 6 6 6 fffffft
121121fft	0123034344fffft	1 2 1 1 2 3 4 5 2 5 6 5 6 6 fffffft
121121fft	0123034444fffft	1 2 1 1 2 3 4 5 2 5 6 6 6 6 fffffft
121121fft	0123042444fffft	1 2 1 1 2 3 4 5 2 6 4 6 6 6 fffffft
121121fft	0123043313ffftf	1 2 1 1 2 4 2 5 3 6 4 6 6 6 fffffft
121121fft	0123043333ffftf	1 2 1 1 2 4 2 5 3 6 6 6 6 6 fffffft
121121fft	0123043343ffftf	1 2 1 1 2 4 2 5 3 6 5 6 6 6 fffffft
121121fft	0123043444fffft	1 2 1 1 2 3 4 5 2 6 5 6 6 6 fffffft
121121fft	0123044344fffft	1 2 1 1 2 3 4 5 2 6 6 5 6 6 fffffft
121121fft	0123044444fffft	1 2 1 1 2 3 4 5 2 6 6 6 6 6 fffffft
121121fft	0123112444fffft	1 2 1 1 2 4 4 4 3 5 3 6 6 6 fffffft
121121fft	0123113444fffft	1 2 1 1 2 4 4 4 3 5 5 6 6 6 fffffft
121121fft	0123114344fffft	1 2 1 1 2 4 4 4 3 5 6 5 6 6 fffffft
121121fft	0123114444fffft	1 2 1 1 2 4 4 4 3 5 6 6 6 6 fffffft
121121fft	0123142444fffft	1 2 1 1 2 3 4 5 3 6 4 6 6 6 fffffft
121121fft	0123143333ffftf	1 2 1 1 2 4 4 5 3 6 6 6 6 6 fffffft
121121fft	0123143343ffftf	1 2 1 1 2 4 4 5 3 6 5 6 6 6 fffffft
121121fft	0123143444fffft	1 2 1 1 2 3 4 5 3 6 5 6 6 6 fffffft
121121fft	0123144344fffft	1 2 1 1 2 3 4 5 3 6 6 5 6 6 fffffft
121121fft	0123144444fffft	1 2 1 1 2 3 4 5 3 6 6 6 6 6 fffffft
121121fft	0123222422fftff	1 2 1 1 2 3 6 4 6 5 6 6 6 6 fffffft
121121fft	0123242244fffft	1 2 1 1 2 3 5 4 5 5 5 6 6 6 fffffft
121121fft	0123243313ffftf	1 2 1 1 2 4 3 5 3 6 4 6 6 6 fffffft
121121fft	0123243333ffftf	1 2 1 1 2 4 3 5 3 6 6 6 6 6 fffffft
121121fft	0123243343ffftf	1 2 1 1 2 4 3 5 3 6 5 6 6 6 fffffft
121121fft	0123244344fffft	1 2 1 1 2 3 4 5 4 6 6 5 6 6 fffffft
121121fft	0123244444fffft	1 2 1 1 2 3 4 5 4 6 6 6 6 6 fffffft
121121fft	0123312444fffft	1 2 1 1 2 3 4 5 5 3 4 6 6 6 fffffft
121121fft	0123313444fffft	1 2 1 1 2 3 4 5 5 3 5 6 6 6 fffffft
121121fft	0123314344fffft	1 2 1 1 2 3 4 5 5 3 6 5 6 6 fffffft
121121fft	0123314444fffft	1 2 1 1 2 3 4 5 5 3 6 6 6 6 fffffft
121121fft	0123332444fffft	1 2 1 1 2 3 4 5 5 5 4 6 6 6 fffffft
121121fft	0123333444fffft	1 2 1 1 2 3 4 5 5 5 5 6 6 6 fffffft
121121fft	0123334344fffft	1 2 1 1 2 3 4 5 5 5 6 5 6 6 fffffft
121121fft	0123334444fffft	1 2 1 1 2 3 4 5 5 5 6 6 6 6 fffffft
121121fft	0123343333ffftf	1 2 1 1 2 3 4 6 6 5 6 6 6 6 fffffft
121121fft	0123344344fffft	1 2 1 1 2 3 4 5 5 6 6 5 6 6 fffffft
121121fft	0123344444fffft	1 2 1 1 2 3 4 5 5 6 6 6 6 6 fffffft
121121fft	0123412444fffft	1 2 1 1 2 3 4 5 6 3 4 6 6 6 fffffft
121121fft	0123413303ffftf	1 2 1 1 2 4 5 4 3 6 2 6 6 6 fffffft
121121fft	0123413311ffftf	1 2 1 1 2 5 4 5 5 5 3 6 6 6 fffffft
121121fft	0123413313ffftf	1 2 1 1 2 4 5 4 3 6 4 6 6 6 fffffft
121121fft	0123413331ffftf	1 2 1 1 2 4 5 4 3 6 6 4 6 6 fffffft
121121fft	0123413333ffftf	1 2 1 1 2 4 5 4 3 6 6 6 6 6 fffffft
121121fft	0123413343ffftf	1 2 1 1 2 4 5 4 3 6 5 6 6 6 fffffft
121121fft	0123414344fffft	1 2 1 1 2 3 4 5 6 3 6 5 6 6 fffffft
121121fft	0123414444fffft	1 2 1 1 2 3 4 5 6 3 6 6 6 6 fffffft
121121fft	0123422244fffft	1 2 1 1 2 3 5 4 5 5 6 5 6 6 fffffft
121121fft	0123432444fffft	1 2 1 1 2 3 4 5 6 5 4 6 6 6 fffffft
121121fft	0123433303ffftf	1 2 1 1 2 3 4 6 5 6 2 6 6 6 fffffft
121121fft	0123433311ffftf	1 2 1 1 2 4 4 4 5 6 3 6 6 6 fffffft
121121fft	0123433321ffftf	1 2 1 1 2 4 5 4 5 6 3 6 6 6 fffffft
121121fft	0123433331ffftf	1 2 1 1 2 3 4 6 5 6 6 3 6 6 fffffft
121121fft	0123433333ffftf	1 2 1 1 2 3 4 6 5 6 6 6 6 6 fffffft
121121fft	0123434444fffft	1 2 1 1 2 3 4 5 6 5 6 6 6 6 fffffft
121121fft	0123442244fffft	1 2 1 1 2 3 5 4 5 5 6 6 6 6 fffffft
121121fft	0123442444fffft	1 2 1 1 2 3 4 5 6 6 4 6 6 6 fffffft
121121fft	0123443333ffftf	1 2 1 1 2 4 5 5 3 6 6 6 6 6 fffffft
121121fft	0123443343ffftf	1 2 1 1 2 4 5 5 3 6 5 6 6 6 fffffft
121121fft	0123444244fffft	1 2 1 1 2 3 4 5 6 6 6 4 6 6 fffffft
121121fft	0123444344fffft	1 2 1 1 2 3 4 5 6 6 6 5 6 6 fffffft
121121fft	1112131444fffft	1 2 1 1 2 3 3 4 3 5 3 6 6 6 fffffft
121121fft	1112132444fffft	1 2 1 1 2 3 3 4 3 5 4 6 6 6 fffffft
121121fft	1112133444fffft	1 2 1 1 2 3 3 4 3 5 5 6 6 6 fffffft
121121fft	1112134344fffft	1 2 1 1 2 3 3 4 3 5 6 5 6 6 fffffft
121121fft	1112134444fffft	1 2 1 1 2 3 3 4 3 5 6 6 6 6 fffffft
121121fft	1112232444fffft	1 2 1 1 2 3 3 4 4 5 4 6 6 6 fffffft
121121fft	1112233444fffft	1 2 1 1 2 3 3 4 4 5 5 6 6 6 fffffft
121121fft	1112234344fffft	1 2 1 1 2 3 3 4 4 5 6 5 6 6 fffffft
121121fft	1112234444fffft	1 2 1 1 2 3 3 4 4 5 6 6 6 6 fffffft
121121fft	1112321444fffft	1 2 1 1 2 3 3 4 5 4 3 6 6 6 fffffft
121121fft	1112322444fffft	1 2 1 1 2 3 3 4 5 4 4 6 6 6 fffffft
121121fft	1112323444fffft	1 2 1 1 2 3 3 4 5 4 5 6 6 6 fffffft
121121fft	1112324244fffft	1 2 1 1 2 3 3 4 5 4 6 4 6 6 fffffft
121121fft	1112324344fffft	1 2 1 1 2 3 3 4 5 4 6 5 6 6 fffffft
121121fft	1112324444fffft	1 2 1 1 2 3 3 4 5 4 6 6 6 6 fffffft
121121fft	1112333444fffft	1 2 1 1 2 3 3 4 5 5 5 6 6 6 fffffft
121121fft	1112334344fffft	1 2 1 1 2 3 3 4 5 5 6 5 6 6 fffffft
121121fft	1112334444fffft	1 2 1 1 2 3 3 4 5 5 6 6 6 6 fffffft
121121fft	1112341444fffft	1 2 1 1 2 3 3 4 5 6 3 6 6 6 fffffft
121121fft	1112342244fffft	1 2 1 1 2 3 3 5 5 5 4 6 6 6 fffffft
121121fft	1112343333ffftf	1 2 1 1 2 3 3 4 6 5 6 6 6 6 fffffft
121121fft	1112344244fffft	1 2 1 1 2 3 3 4 5 6 6 4 6 6 fffffft
121121fft	1112344444fffft	1 2 1 1 2 3 3 4 5 6 6 6 6 6 fffffft
121121fft	1122232444fffft	1 2 1 1 2 3 4 4 4 5 4 6 6 6 fffffft
121121fft	1122233444fffft	1 2 1 1 2 3 4 4 4 5 5 6 6 6 fffffft
121121fft	1122234344fffft	1 2 1 1 2 3 4 4 4 5 6 5 6 6 fffffft
121121fft	1122234444fffft	1 2 1 1 2 3 4 4 4 5 6 6 6 6 fffffft
121121fft	1122333444fffft	1 2 1 1 2 3 4 4 5 5 5 6 6 6 fffffft
121121fft	1122334444fffft	1 2 1 1 2 3 4 4 5 5 6 6 6 6 fffffft
121121fft	1122343333ffftf	1 2 1 1 2 3 4 4 6 5 6 6 6 6 fffffft
121121fft	1123222422fftff	1 2 1 1 2 3 6 4 6 5 6 6 6 6 fffffft
121121fft	1123242244fffft	1 2 1 1 2 3 5 4 5 5 5 6 6 6 fffffft
121121fft	1123244344fffft	1 2 1 1 2 3 4 5 4 6 6 5 6 6 fffffft
121121fft	1123244444fffft	1 2 1 1 2 3 4 5 4 6 6 6 6 6 fffffft
121121fft	1123333444fffft	1 2 1 1 2 3 4 5 5 5 5 6 6 6 fffffft
121121fft	1123334444fffft	1 2 1 1 2 3 4 5 5 5 6 6 6 6 fffffft
121121fft	1123344444fffft	1 2 1 1 2 3 4 5 5 6 6 6 6 6 fffffft
121121fft	1123432444fffft	1 2 1 1 2 3 4 5 6 5 4 6 6 6 fffffft
121121fft	1123434444fffft	1 2 1 1 2 3 4 5 6 5 6 6 6 6 fffffft
121121fft	1211131411ftfff	1 2 1 1 2 3 6 4 6 5 6 6 6 6 fffffft
121121fft	1213111444fffft	1 2 1 1 2 3 4 4 4 5 4 6 6 6 fffffft
121121fft	1213113444fffft	1 2 1 1 2 3 4 4 4 5 5 6 6 6 fffffft
121121fft	1213114344fffft	1 2 1 1 2 3 4 4 4 5 6 5 6 6 fffffft
121121fft	1213114444fffft	1 2 1 1 2 3 4 4 4 5 6 6 6 6 fffffft
121121fft	1213142444fffft	1 2 1 1 2 4 3 5 3 6 4 6 6 6 fffffft
121121fft	1213143311ffftf	1 2 1 1 2 3 5 4 5 5 5 6 6 6 fffffft
121121fft	1213143333ffftf	1 2 1 1 2 3 4 5 4 6 6 6 6 6 fffffft
121121fft	1213143334ffftf	1 2 1 1 2 3 4 5 4 6 6 5 6 6 fffffft
121121fft	1213143444fffft	1 2 1 1 2 4 3 5 3 6 5 6 6 6 fffffft
121121fft	1213144444fffft	1 2 1 1 2 4 3 5 3 6 6 6 6 6 fffffft
121121fft	1231143311ffftf	1 2 1 1 2 3 5 4 5 5 6 5 6 6 fffffft
121121fft	1232133444fffft	1 2 1 1 2 4 5 4 3 5 5 6 6 6 fffffft
121121fft	1232134444fffft	1 2 1 1 2 4 5 4 3 5 6 6 6 6 fffffft
121121fft	1232143313ffftf	1 2 1 1 2 3 4 5 6 3 4 6 6 6 fffffft
121121fft	1232143333ffftf	1 2 1 1 2 3 4 5 6 3 6 6 6 6 fffffft
121121fft	1232143334ffftf	1 2 1 1 2 3 4 5 6 3 6 5 6 6 fffffft
121121fft	1233343331ffftf	1 2 1 1 2 4 6 6 6 5 6 3 6 6 fffffft
