12113123fftf	0102030444fffft	1 3 1 1 2 5 4 5 3 6 2 7 3 8 2 9 3 10 2 11 3 12 11 11 3 12 ffffffffffftt
12113123fftf	0102031444fffft	1 3 1 1 2 5 4 5 3 6 2 7 3 8 2 9 3 10 5 11 3 12 11 11 3 12 ffffffffffftt
12113123fftf	0102032444fffft	1 3 1 1 2 5 4 5 3 6 2 7 3 8 2 9 3 10 7 11 3 12 11 11 3 12 ffffffffffftt
12113123fftf	0102033444fffft	1 3 1 1 2 5 4 5 3 6 2 7 3 8 2 9 3 10 9 11 3 12 11 11 3 12 ffffffffffftt
12113123fftf	0102034444fffft	1 3 1 1 2 5 4 5 3 6 2 7 3 8 2 9 3 10 11 11 3 12 11 11 3 12 ffffffffffftt
12113123fftf	0102131444fffft	1 3 1 1 2 5 4 5 3 6 2 7 3 8 5 9 3 10 5 11 3 12 11 11 3 12 ffffffffffftt
12113123fftf	0102132444fffft	1 3 1 1 2 5 4 5 3 6 2 7 3 8 5 9 3 10 7 11 3 12 11 11 3 12 ffffffffffftt
12113123fftf	0102133444fffft	1 3 1 1 2 5 4 5 3 6 2 7 3 8 5 9 3 10 9 11 3 12 11 11 3 12 ffffffffffftt
12113123fftf	0102134444fffft	1 3 1 1 2 5 4 5 3 6 2 7 3 8 5 9 3 10 11 11 3 12 11 11 3 12 ffffffffffftt
12113123fftf	0102232444fffft	1 3 1 1 2 5 4 5 3 6 2 7 3 8 7 9 3 10 7 11 3 12 11 11 3 12 ffffffffffftt
12113123fftf	0102233444fffft	1 3 1 1 2 5 4 5 3 6 2 7 3 8 7 9 3 10 9 11 3 12 11 11 3 12 ffffffffffftt
12113123fftf	0102234444fffft	1 3 1 1 2 5 4 5 3 6 2 7 3 8 7 9 3 10 11 11 3 12 11 11 3 12 ffffffffffftt
12113123fftf	0102333444fffft	1 3 1 1 2 5 4 5 3 6 2 7 3 8 9 9 3 10 9 11 3 12 11 11 3 12 ffffffffffftt
12113123fftf	0102334444fffft	1 3 1 1 2 5 4 5 3 6 2 7 3 8 9 9 3 10 11 11 3 12 11 11 3 12 ffffffffffftt
12113123fftf	0102343333ffftf	1 4 1 1 4 5 3 6 2 6 4 7 3 8 4 10 11 9 11 11 4 12 11 11 4 12 ffffffffffftt
