1111tf	01122333tttf	0 2 1 1 2 3 3 1 tftt
1111tf	01123233tttf	0 2 1 1 2 3 1 3 tftt
1111tf	01123333tttf	0 2 1 1 2 3 1 1 tftt
1111tf	01212333tttf	0 2 1 1 3 2 3 1 tftt
1111tf	01213233tttf	0 2 1 1 3 2 1 3 tftt
1111tf	01213333tttf	0 2 1 1 3 2 1 1 tftt
1111tf	01222333tttf	0 2 1 1 3 3 3 1 tftt
1111tf	01223233tttf	0 2 1 1 3 3 1 3 tftt
1111tf	01223333tttf	0 2 1 1 3 3 1 1 tftt
1111tf	01232222ttft	0 2 1 1 1 3 1 1 tftt
1111tf	01233333tttf	0 2 1 1 3 1 1 1 tftt
1111tf	11122333tttf	2 2 1 1 2 3 3 1 tftt
1111tf	11123233tttf	2 2 1 1 2 3 1 3 tftt
1111tf	11123333tttf	2 2 1 1 2 3 1 1 tftt
1111tf	11222333tttf	2 2 1 1 3 3 3 1 tftt
1111tf	11223333tttf	2 2 1 1 3 3 1 1 tftt
1111tf	11232222ttft	2 2 1 1 1 3 1 1 tftt
1111tf	12111311tftt	1 2 1 1 1 3 1 1 tftt
1111tf	12131133tttf	3 2 1 1 3 3 3 1 tftt
1111tf	12133233tttf	2 3 1 1 2 1 1 3 tftt
1111tf	12133333tttf	2 3 1 1 2 1 1 1 tftt
1111tf	12222333tttf	2 3 1 1 3 3 3 1 tftt
1111tf	12223333tttf	2 3 1 1 3 3 1 1 tftt
1111tf	12233333tttf	2 3 1 1 3 1 1 1 tftt
1111tf	12323333tttf	2 3 1 1 1 3 1 1 tftt
