121121fft	01122333tttf	3 1 1 1 2 4 2 3 4 5 5 1 fftttt
121121fft	01123233tttf	3 1 1 1 2 4 2 3 4 5 1 5 fftttt
121121fft	01123333tttf	3 1 1 1 2 4 2 3 4 5 1 1 fftttt
121121fft	01212333tttf	3 1 1 1 2 4 2 3 5 4 5 1 fftttt
121121fft	01213233tttf	3 1 1 1 2 4 2 3 5 4 1 5 fftttt
121121fft	01213333tttf	3 1 1 1 2 4 2 3 5 4 1 1 fftttt
121121fft	01222333tttf	3 1 1 1 2 4 2 3 5 5 5 1 fftttt
121121fft	01223233tttf	3 1 1 1 2 4 2 3 5 5 1 5 fftttt
121121fft	01223333tttf	3 1 1 1 2 4 2 3 5 5 1 1 fftttt
121121fft	01232222ttft	3 1 1 1 2 4 2 3 1 5 1 1 fftttt
121121fft	01233333tttf	3 1 1 1 2 4 2 3 5 1 1 1 fftttt
