121121fft	0112233444ttttf	3 1 1 1 2 4 2 3 4 5 5 6 6 1 ffttttt
121121fft	0112234344ttttf	3 1 1 1 2 4 2 3 4 5 5 6 1 6 ffttttt
121121fft	0112234444ttttf	3 1 1 1 2 4 2 3 4 5 5 6 1 1 ffttttt
121121fft	0112323444ttttf	3 1 1 1 2 4 2 3 4 5 6 5 6 1 ffttttt
121121fft	0112324344ttttf	3 1 1 1 2 4 2 3 4 5 6 5 1 6 ffttttt
121121fft	0112324444ttttf	3 1 1 1 2 4 2 3 4 5 6 5 1 1 ffttttt
121121fft	0112333444ttttf	3 1 1 1 2 4 2 3 4 5 6 6 6 1 ffttttt
121121fft	0112334344ttttf	3 1 1 1 2 4 2 3 4 5 6 6 1 6 ffttttt
121121fft	0112334444ttttf	3 1 1 1 2 4 2 3 4 5 6 6 1 1 ffttttt
121121fft	0112343333tttft	3 1 1 1 2 4 2 3 4 5 1 6 1 1 ffttttt
121121fft	0112344444ttttf	3 1 1 1 2 4 2 3 4 5 6 1 1 1 ffttttt
121121fft	0121233444ttttf	3 1 1 1 2 4 2 3 5 4 5 6 6 1 ffttttt
121121fft	0121234344ttttf	3 1 1 1 2 4 2 3 5 4 5 6 1 6 ffttttt
121121fft	0121234444ttttf	3 1 1 1 2 4 2 3 5 4 5 6 1 1 ffttttt
121121fft	0121323444ttttf	3 1 1 1 2 4 2 3 5 4 6 5 6 1 ffttttt
121121fft	0121324344ttttf	3 1 1 1 2 4 2 3 5 4 6 5 1 6 ffttttt
121121fft	0121324444ttttf	3 1 1 1 2 4 2 3 5 4 6 5 1 1 ffttttt
121121fft	0121333444ttttf	3 1 1 1 2 4 2 3 5 4 6 6 6 1 ffttttt
121121fft	0121334344ttttf	3 1 1 1 2 4 2 3 5 4 6 6 1 6 ffttttt
121121fft	0121334444ttttf	3 1 1 1 2 4 2 3 5 4 6 6 1 1 ffttttt
121121fft	0121343333tttft	3 1 1 1 2 4 2 3 5 4 1 6 1 1 ffttttt
121121fft	0121344444ttttf	3 1 1 1 2 4 2 3 5 4 6 1 1 1 ffttttt
121121fft	0122233444ttttf	3 1 1 1 2 4 2 3 5 5 5 6 6 1 ffttttt
121121fft	0122234344ttttf	3 1 1 1 2 4 2 3 5 5 5 6 1 6 ffttttt
121121fft	0122234444ttttf	3 1 1 1 2 4 2 3 5 5 5 6 1 1 ffttttt
121121fft	0122323444ttttf	3 1 1 1 2 4 2 3 5 5 6 5 6 1 ffttttt
121121fft	0122324344ttttf	3 1 1 1 2 4 2 3 5 5 6 5 1 6 ffttttt
121121fft	0122324444ttttf	3 1 1 1 2 4 2 3 5 5 6 5 1 1 ffttttt
121121fft	0122333444ttttf	3 1 1 1 2 4 2 3 5 5 6 6 6 1 ffttttt
121121fft	0122334344ttttf	3 1 1 1 2 4 2 3 5 5 6 6 1 6 ffttttt
121121fft	0122334444ttttf	3 1 1 1 2 4 2 3 5 5 6 6 1 1 ffttttt
121121fft	0122343333tttft	3 1 1 1 2 4 2 3 5 5 1 6 1 1 ffttttt
121121fft	0122344444ttttf	3 1 1 1 2 4 2 3 5 5 6 1 1 1 ffttttt
121121fft	0123222422ttftt	3 1 1 1 2 4 2 3 1 5 1 6 1 1 ffttttt
121121fft	0123242244ttttf	3 1 1 1 2 4 2 3 6 5 6 6 6 1 ffttttt
121121fft	0123244344ttttf	3 1 1 1 2 4 2 3 5 6 5 1 1 6 ffttttt
121121fft	0123244444ttttf	3 1 1 1 2 4 2 3 5 6 5 1 1 1 ffttttt
121121fft	0123333444ttttf	3 1 1 1 2 4 2 3 5 6 6 6 6 1 ffttttt
121121fft	0123334344ttttf	3 1 1 1 2 4 2 3 5 6 6 6 1 6 ffttttt
121121fft	0123334444ttttf	3 1 1 1 2 4 2 3 5 6 6 6 1 1 ffttttt
121121fft	0123344444ttttf	3 1 1 1 2 4 2 3 5 6 6 1 1 1 ffttttt
121121fft	0123422244ttttf	3 1 1 1 2 4 2 3 6 5 6 6 1 6 ffttttt
121121fft	0123433333tttft	3 1 1 1 2 4 2 3 5 1 6 1 1 1 ffttttt
121121fft	0123434444ttttf	3 1 1 1 2 4 2 3 5 6 1 6 1 1 ffttttt
121121fft	0123442244ttttf	3 1 1 1 2 4 2 3 6 5 6 6 1 1 ffttttt
121121fft	0123442444ttttf	3 1 1 1 2 4 2 3 5 6 1 1 5 1 ffttttt
121121fft	0123444244ttttf	3 1 1 1 2 4 2 3 5 6 1 1 1 5 ffttttt
121121fft	0123444344ttttf	3 1 1 1 2 4 2 3 5 6 1 1 1 6 ffttttt
