12113123fftf	0121324344ttttf	4 1 1 1 2 4 3 5 3 6 7 5 8 4 9 7 10 4 1 9 2 4 ffftttttttt
12113123fftf	0121324444ttttf	4 1 1 1 2 4 3 5 3 6 7 5 8 4 9 7 10 4 1 1 2 4 ffftttttttt
12113123fftf	0121334344ttttf	4 1 1 1 2 4 3 5 3 6 7 5 8 4 9 9 10 4 1 9 2 4 ffftttttttt
12113123fftf	0121334444ttttf	4 1 1 1 2 4 3 5 3 6 7 5 8 4 9 9 10 4 1 1 2 4 ffftttttttt
12113123fftf	0121344444ttttf	4 1 1 1 2 4 3 6 3 5 7 4 8 6 10 4 9 1 1 1 2 4 ffftttttttt
12113123fftf	0122324344ttttf	4 1 1 1 2 4 3 5 3 6 7 7 8 4 9 7 10 4 1 9 2 4 ffftttttttt
12113123fftf	0122324444ttttf	4 1 1 1 2 4 3 5 3 6 7 7 8 4 9 7 10 4 1 1 2 4 ffftttttttt
12113123fftf	0122334344ttttf	4 1 1 1 2 4 3 5 3 6 7 7 8 4 9 9 10 4 1 9 2 4 ffftttttttt
12113123fftf	0122334444ttttf	4 1 1 1 2 4 3 5 3 6 7 7 8 4 9 9 10 4 1 1 2 4 ffftttttttt
12113123fftf	0122344444ttttf	4 1 1 1 2 4 3 6 3 5 7 4 8 8 10 4 9 1 1 1 2 4 ffftttttttt
12113123fftf	0123334344ttttf	4 1 1 1 2 4 3 6 3 5 8 4 7 9 9 9 10 4 1 9 2 4 ffftttttttt
12113123fftf	0123334444ttttf	4 1 1 1 2 4 3 6 3 5 8 4 7 9 9 9 10 4 1 1 2 4 ffftttttttt
12113123fftf	0123344444ttttf	4 1 1 1 2 4 3 6 3 5 7 4 8 9 10 4 9 1 1 1 2 4 ffftttttttt
12113123fftf	0123433333tttft	4 1 1 1 2 4 3 7 3 5 6 4 10 4 8 1 9 1 1 1 2 4 ffftttttttt
