12111321ffft	011222ttf	2 1 1 1 4 1 3 5 3 6 5 1 4 1 ffftttt
12111321ffft	012122ttf	2 1 1 1 5 1 3 6 5 6 3 4 1 6 ffftttt
12111321ffft	012222ttf	2 1 1 1 4 1 3 5 3 6 1 1 4 1 ffftttt
12113121ffft	011222ttf	2 1 1 1 1 4 3 6 3 5 6 4 6 1 ffftttt
12113121ffft	012122ttf	2 1 1 1 1 4 3 5 3 6 1 5 1 4 ffftttt
12113121ffft	012222ttf	2 1 1 1 1 4 3 5 3 6 1 1 1 4 ffftttt
12113123fftf	012122ttf	4 1 1 1 2 4 3 5 3 6 1 5 2 4 ffftttt
12113123fftf	012222ttf	4 1 1 1 2 4 3 5 3 6 1 1 2 4 ffftttt
12113321ffft	011222ttf	2 1 1 1 4 4 3 6 3 5 4 4 6 1 ffftttt
12113321ffft	012122ttf	2 1 1 1 4 4 3 6 3 5 4 4 1 6 ffftttt
12113321ffft	012222ttf	2 1 1 1 4 4 3 6 3 5 4 4 1 1 ffftttt
12113321fftf	011222ttf	3 1 1 1 2 6 4 5 2 3 6 3 6 1 ffttttt
12113321fftf	012122ttf	3 1 1 1 2 5 4 6 2 3 1 5 1 3 ffttttt
12113321fftf	012222ttf	3 1 1 1 2 5 4 6 2 3 1 1 1 3 ffttttt
12233133fftf	011222ttf	4 1 2 4 2 2 5 4 3 6 5 6 6 2 ffftttt
12233133fftf	012122ttf	4 1 2 4 2 2 5 4 3 6 5 6 2 6 ffftttt
12233133fftf	012222ttf	4 1 2 4 2 2 5 4 3 6 5 6 2 2 ffftttt
