1211132431fftff	01122333tttf	5 1 1 1 1 3 2 5 4 10 6 10 7 5 4 8 9 5 10 11 10 12 13 5 12 1 12 3 fffftttttttttt
1211133421fftff	01122333tttf	5 1 1 1 3 2 1 5 4 9 6 9 7 10 4 5 9 5 9 12 8 13 12 5 12 1 11 2 fffftttttttttt
1211342143fftff	01122333tttf	6 1 1 1 3 2 1 6 4 9 7 10 5 8 4 6 9 6 9 12 8 13 12 6 12 1 11 2 fffftttttttttt
1211342143fftff	01223333tttf	5 1 1 1 3 2 1 5 4 8 7 9 4 5 6 10 11 11 11 5 13 12 1 1 3 2 1 5 fffftttttttttt
1211344123fftff	01122333tttf	5 1 1 1 1 3 2 5 4 10 7 9 4 8 6 5 9 5 10 11 10 12 13 5 12 1 12 3 fffftttttttttt
1211344123fftff	01213233tttf	5 1 1 1 1 3 2 5 4 8 7 9 4 10 6 5 11 8 11 10 12 5 1 11 1 13 2 5 fffftttttttttt
1211344123fftff	01223233tttf	5 1 1 1 1 3 2 5 4 8 7 9 4 10 6 5 11 11 11 13 12 5 1 11 1 13 2 5 fffftttttttttt
1211344123fftff	01223333tttf	5 1 1 1 1 3 2 5 4 8 7 9 4 10 6 5 11 11 11 13 12 5 1 1 1 3 2 5 fffftttttttttt
1223343341fftff	01122333tttf	5 1 2 5 2 2 1 3 6 5 7 9 6 9 4 10 9 5 9 12 8 13 12 5 12 2 11 3 fffftttttttttt
1234432144fftff	01122333tttf	7 2 1 1 1 3 2 7 8 6 4 7 9 7 5 10 8 10 10 11 10 13 12 7 13 3 13 1 fffftttttttttt
