1211132431fftff	0112233444ttttf	5 2 3 5 2 2 2 1 4 11 6 11 7 5 4 8 9 5 11 10 12 5 11 13 13 14 13 15 16 5 15 2 15 1 ffffttttttttttttt
1211133421fftff	0112233444ttttf	5 2 3 1 2 2 2 5 4 9 6 9 7 10 4 5 9 5 9 12 8 13 12 5 12 15 11 16 15 5 15 2 14 1 ffffttttttttttttt
1211342143fftff	0112233444ttttf	6 2 2 6 2 2 1 3 4 9 7 10 5 8 4 6 9 6 9 12 8 13 12 6 12 15 11 16 15 6 15 2 14 3 ffffttttttttttttt
1211342143fftff	0122334444ttttf	5 2 2 5 2 2 1 3 4 8 7 9 4 5 6 10 11 11 11 5 12 13 14 14 14 5 16 15 2 2 1 3 2 5 ffffttttttttttttt
1211344123fftff	0112233444ttttf	5 2 2 3 2 2 1 5 4 11 7 9 4 8 6 5 9 5 11 10 12 5 11 13 13 14 13 15 16 5 15 2 15 3 ffffttttttttttttt
1211344123fftff	0121324344ttttf	5 2 2 3 2 2 1 5 4 8 7 9 4 10 6 5 11 8 11 10 12 5 14 11 14 13 15 5 2 14 2 16 1 5 ffffttttttttttttt
1211344123fftff	0122324344ttttf	5 2 2 3 2 2 1 5 4 8 7 9 4 10 6 5 11 11 11 13 12 5 14 11 14 13 15 5 2 14 2 16 1 5 ffffttttttttttttt
1211344123fftff	0122334344ttttf	5 2 2 3 2 2 1 5 4 8 7 9 4 10 6 5 11 11 11 13 12 5 14 14 14 16 15 5 2 14 2 16 1 5 ffffttttttttttttt
1211344123fftff	0122334444ttttf	5 2 2 3 2 2 1 5 4 8 7 9 4 10 6 5 11 11 11 13 12 5 14 14 14 16 15 5 2 2 2 3 1 5 ffffttttttttttttt
1223343341fftff	0112233444ttttf	5 1 2 5 2 2 1 3 6 5 7 9 6 9 4 10 9 5 9 12 8 13 12 5 12 15 11 16 15 5 15 2 14 3 ffffttttttttttttt
1234432144fftff	0112233444ttttf	7 1 2 3 2 2 1 7 8 6 4 7 9 7 5 11 8 11 11 10 12 7 11 13 13 14 13 15 16 7 15 2 15 3 ffffttttttttttttt
