0101ft	01122333ffft	1 0 1 2 1 3 1 4 1 4 fffft
0101ft	01123333ffft	1 0 1 2 1 3 1 4 1 4 fffft
0101ft	01222333ffft	1 0 1 2 1 3 1 4 1 4 fffft
0101ft	01223333ffft	1 0 1 2 1 3 1 4 1 4 fffft
0101ft	01232222fftf	1 0 1 2 1 3 1 4 1 4 fffft
0101ft	11122333ffft	1 0 1 2 1 3 1 4 1 4 fffft
0101ft	11123333ffft	1 0 1 2 1 3 1 4 1 4 fffft
0101ft	11222333ffft	1 0 1 2 1 3 1 4 1 4 fffft
0101ft	11223333ffft	1 0 1 2 1 3 1 4 1 4 fffft
0101ft	11232222fftf	1 0 1 2 1 3 1 4 1 4 fffft
0101ft	12111311ftff	1 0 1 2 1 3 1 4 1 4 fffft
0101ft	12131133ffft	1 0 1 2 1 3 1 4 1 4 fffft
