0102324101fffft	011222fft	1 0 2 0 2 3 1 6 4 7 4 8 5 8 9 6 9 11 10 11 10 14 12 11 13 11 13 14 12 6 ffffffffffftttt
0102324111fffft	011222fft	1 0 2 0 2 3 1 6 4 7 4 8 5 9 9 6 9 11 10 11 10 14 12 11 13 11 13 14 12 6 ffffffffffftttt
0102324121fffft	011222fft	1 0 2 0 2 3 1 6 4 7 4 8 5 10 9 6 9 11 10 11 10 14 12 11 13 11 13 14 12 6 ffffffffffftttt
0102324131fffft	011222fft	1 0 2 0 2 3 1 5 4 7 6 7 4 8 9 5 9 11 10 11 10 14 12 11 13 11 13 14 12 5 ffffffffffftttt
0102324141fffft	011222fft	1 0 2 0 2 3 1 5 4 7 6 5 4 8 9 5 9 11 10 11 10 14 12 11 13 11 13 14 12 5 ffffffffffftttt
0102324201fffft	011222fft	1 0 2 0 2 3 2 6 4 7 4 8 5 8 10 6 9 11 10 11 10 14 12 11 13 11 13 14 13 6 ffffffffffftttt
0102324203fffft	011222fft	1 0 2 0 2 3 2 6 5 6 5 7 4 8 10 6 9 11 10 11 10 14 12 11 13 11 13 14 13 6 ffffffffffftttt
0102324211fffft	011222fft	1 0 2 0 2 3 2 6 4 7 4 8 5 9 10 6 9 11 10 11 10 14 12 11 13 11 13 14 13 6 ffffffffffftttt
0102324221fffft	011222fft	1 0 2 0 2 3 2 6 4 7 4 8 5 10 10 6 9 11 10 11 10 14 12 11 13 11 13 14 13 6 ffffffffffftttt
0102324231fffft	011222fft	1 0 2 0 2 3 2 5 4 7 6 7 4 8 10 5 9 11 10 11 10 14 12 11 13 11 13 14 13 5 ffffffffffftttt
0102324241fffft	011222fft	1 0 2 0 2 3 2 5 4 7 6 5 4 8 10 5 9 11 10 11 10 14 12 11 13 11 13 14 13 5 ffffffffffftttt
0121034103fffft	011222fft	1 0 1 2 3 0 1 6 5 6 5 10 4 8 9 6 9 11 9 13 7 11 12 11 12 13 14 11 12 6 ffffffffffftttt
