0101ft	1122334444fffft	0 1 2 1 3 1 4 1 5 1 5 1 ffffft
0101ft	1123304244fffft	0 1 2 1 3 1 4 1 5 1 5 1 ffffft
0101ft	1123304444fffft	0 1 2 1 3 1 4 1 5 1 5 1 ffffft
0101ft	1123314244fffft	0 1 2 1 3 1 4 1 5 1 5 1 ffffft
0101ft	1123314444fffft	0 1 2 1 3 1 4 1 5 1 5 1 ffffft
0101ft	1123324244fffft	0 1 2 1 3 1 4 1 5 1 5 1 ffffft
0101ft	1123324444fffft	0 1 2 1 3 1 4 1 5 1 5 1 ffffft
0101ft	1123334244fffft	0 1 2 1 3 1 4 1 5 1 5 1 ffffft
0101ft	1123334444fffft	0 1 2 1 3 1 4 1 5 1 5 1 ffffft
0101ft	1123344244fffft	0 1 2 1 3 1 4 1 5 1 5 1 ffffft
0101ft	1123344444fffft	0 1 2 1 3 1 4 1 5 1 5 1 ffffft
0101ft	1220314044fffft	0 1 2 1 3 1 4 1 5 1 5 1 ffffft
0101ft	1220314144fffft	0 1 2 1 3 1 4 1 5 1 5 1 ffffft
0101ft	1220314244fffft	0 1 2 1 3 1 4 1 5 1 5 1 ffffft
0101ft	1220314344fffft	0 1 2 1 3 1 4 1 5 1 5 1 ffffft
0101ft	1220314444fffft	0 1 2 1 3 1 4 1 5 1 5 1 ffffft
0101ft	1220334044fffft	0 1 2 1 3 1 4 1 5 1 5 1 ffffft
0101ft	1220334144fffft	0 1 2 1 3 1 4 1 5 1 5 1 ffffft
0101ft	1220334244fffft	0 1 2 1 3 1 4 1 5 1 5 1 ffffft
0101ft	1220334344fffft	0 1 2 1 3 1 4 1 5 1 5 1 ffffft
0101ft	1220334444fffft	0 1 2 1 3 1 4 1 5 1 5 1 ffffft
0101ft	1220344044fffft	0 1 2 1 3 1 4 1 5 1 5 1 ffffft
0101ft	1220344144fffft	0 1 2 1 3 1 4 1 5 1 5 1 ffffft
0101ft	1220344244fffft	0 1 2 1 3 1 4 1 5 1 5 1 ffffft
0101ft	1220344344fffft	0 1 2 1 3 1 4 1 5 1 5 1 ffffft
0101ft	1220344444fffft	0 1 2 1 3 1 4 1 5 1 5 1 ffffft
0101ft	1221314044fffft	0 1 2 1 3 1 4 1 5 1 5 1 ffffft
0101ft	1221314144fffft	0 1 2 1 3 1 4 1 5 1 5 1 ffffft
0101ft	1221314244fffft	0 1 2 1 3 1 4 1 5 1 5 1 ffffft
0101ft	1221314344fffft	0 1 2 1 3 1 4 1 5 1 5 1 ffffft
0101ft	1221314444fffft	0 1 2 1 3 1 4 1 5 1 5 1 ffffft
0101ft	1221334044fffft	0 1 2 1 3 1 4 1 5 1 5 1 ffffft
0101ft	1221334144fffft	0 1 2 1 3 1 4 1 5 1 5 1 ffffft
0101ft	1221334244fffft	0 1 2 1 3 1 4 1 5 1 5 1 ffffft
0101ft	1221334344fffft	0 1 2 1 3 1 4 1 5 1 5 1 ffffft
0101ft	1221334444fffft	0 1 2 1 3 1 4 1 5 1 5 1 ffffft
0101ft	1221344044fffft	0 1 2 1 3 1 4 1 5 1 5 1 ffffft
0101ft	1221344144fffft	0 1 2 1 3 1 4 1 5 1 5 1 ffffft
0101ft	1221344244fffft	0 1 2 1 3 1 4 1 5 1 5 1 ffffft
0101ft	1221344344fffft	0 1 2 1 3 1 4 1 5 1 5 1 ffffft
0101ft	1221344444fffft	0 1 2 1 3 1 4 1 5 1 5 1 ffffft
0101ft	1222314044fffft	0 1 2 1 3 1 4 1 5 1 5 1 ffffft
0101ft	1222314144fffft	0 1 2 1 3 1 4 1 5 1 5 1 ffffft
0101ft	1222314244fffft	0 1 2 1 3 1 4 1 5 1 5 1 ffffft
0101ft	1222314344fffft	0 1 2 1 3 1 4 1 5 1 5 1 ffffft
0101ft	1222314444fffft	0 1 2 1 3 1 4 1 5 1 5 1 ffffft
0101ft	1222334044fffft	0 1 2 1 3 1 4 1 5 1 5 1 ffffft
0101ft	1222334144fffft	0 1 2 1 3 1 4 1 5 1 5 1 ffffft
0101ft	1222334244fffft	0 1 2 1 3 1 4 1 5 1 5 1 ffffft
0101ft	1222334344fffft	0 1 2 1 3 1 4 1 5 1 5 1 ffffft
0101ft	1222334444fffft	0 1 2 1 3 1 4 1 5 1 5 1 ffffft
0101ft	1222344044fffft	0 1 2 1 3 1 4 1 5 1 5 1 ffffft
0101ft	1222344144fffft	0 1 2 1 3 1 4 1 5 1 5 1 ffffft
0101ft	1222344244fffft	0 1 2 1 3 1 4 1 5 1 5 1 ffffft
0101ft	1222344344fffft	0 1 2 1 3 1 4 1 5 1 5 1 ffffft
0101ft	1222344444fffft	0 1 2 1 3 1 4 1 5 1 5 1 ffffft
0101ft	1223314444fffft	0 1 2 1 3 1 4 1 5 1 5 1 ffffft
0101ft	1223334044fffft	0 1 2 1 3 1 4 1 5 1 5 1 ffffft
0101ft	1223334144fffft	0 1 2 1 3 1 4 1 5 1 5 1 ffffft
0101ft	1223334244fffft	0 1 2 1 3 1 4 1 5 1 5 1 ffffft
0101ft	1223334344fffft	0 1 2 1 3 1 4 1 5 1 5 1 ffffft
0101ft	1223334444fffft	0 1 2 1 3 1 4 1 5 1 5 1 ffffft
0101ft	1223344044fffft	0 1 2 1 3 1 4 1 5 1 5 1 ffffft
0101ft	1223344144fffft	0 1 2 1 3 1 4 1 5 1 5 1 ffffft
0101ft	1223344244fffft	0 1 2 1 3 1 4 1 5 1 5 1 ffffft
0101ft	1223344344fffft	0 1 2 1 3 1 4 1 5 1 5 1 ffffft
0101ft	1223344444fffft	0 1 2 1 3 1 4 1 5 1 5 1 ffffft
0101ft	1223413333ffftf	0 1 2 1 3 1 4 1 5 1 5 1 ffffft
0101ft	1223413334ffftf	0 1 2 1 3 1 4 1 5 1 5 1 ffffft
0101ft	1223433330ffftf	0 1 2 1 3 1 4 1 5 1 5 1 ffffft
0101ft	1223433331ffftf	0 1 2 1 3 1 4 1 5 1 5 1 ffffft
0101ft	1223433332ffftf	0 1 2 1 3 1 4 1 5 1 5 1 ffffft
0101ft	1223433333ffftf	0 1 2 1 3 1 4 1 5 1 5 1 ffffft
0101ft	1223433334ffftf	0 1 2 1 3 1 4 1 5 1 5 1 ffffft
0101ft	1223443330ffftf	0 1 2 1 3 1 4 1 5 1 5 1 ffffft
0101ft	1223443331ffftf	0 1 2 1 3 1 4 1 5 1 5 1 ffffft
0101ft	1223443332ffftf	0 1 2 1 3 1 4 1 5 1 5 1 ffffft
0101ft	1223443333ffftf	0 1 2 1 3 1 4 1 5 1 5 1 ffffft
0101ft	1223443334ffftf	0 1 2 1 3 1 4 1 5 1 5 1 ffffft
0101ft	1230432044fffft	0 1 2 1 3 1 4 1 5 1 5 1 ffffft
0101ft	1230432144fffft	0 1 2 1 3 1 4 1 5 1 5 1 ffffft
0101ft	1230432244fffft	0 1 2 1 3 1 4 1 5 1 5 1 ffffft
0101ft	1230432344fffft	0 1 2 1 3 1 4 1 5 1 5 1 ffffft
0101ft	1230432444fffft	0 1 2 1 3 1 4 1 5 1 5 1 ffffft
0101ft	1230442044fffft	0 1 2 1 3 1 4 1 5 1 5 1 ffffft
0101ft	1230442144fffft	0 1 2 1 3 1 4 1 5 1 5 1 ffffft
0101ft	1230442244fffft	0 1 2 1 3 1 4 1 5 1 5 1 ffffft
0101ft	1230442344fffft	0 1 2 1 3 1 4 1 5 1 5 1 ffffft
0101ft	1230442444fffft	0 1 2 1 3 1 4 1 5 1 5 1 ffffft
0101ft	1231432044fffft	0 1 2 1 3 1 4 1 5 1 5 1 ffffft
0101ft	1231432144fffft	0 1 2 1 3 1 4 1 5 1 5 1 ffffft
0101ft	1231432244fffft	0 1 2 1 3 1 4 1 5 1 5 1 ffffft
0101ft	1231432344fffft	0 1 2 1 3 1 4 1 5 1 5 1 ffffft
0101ft	1231432444fffft	0 1 2 1 3 1 4 1 5 1 5 1 ffffft
0101ft	1231442044fffft	0 1 2 1 3 1 4 1 5 1 5 1 ffffft
0101ft	1231442144fffft	0 1 2 1 3 1 4 1 5 1 5 1 ffffft
0101ft	1231442244fffft	0 1 2 1 3 1 4 1 5 1 5 1 ffffft
0101ft	1231442344fffft	0 1 2 1 3 1 4 1 5 1 5 1 ffffft
0101ft	1231442444fffft	0 1 2 1 3 1 4 1 5 1 5 1 ffffft
0101ft	1232432044fffft	0 1 2 1 3 1 4 1 5 1 5 1 ffffft
0101ft	1232432144fffft	0 1 2 1 3 1 4 1 5 1 5 1 ffffft
0101ft	1232432244fffft	0 1 2 1 3 1 4 1 5 1 5 1 ffffft
0101ft	1232432344fffft	0 1 2 1 3 1 4 1 5 1 5 1 ffffft
0101ft	1232432444fffft	0 1 2 1 3 1 4 1 5 1 5 1 ffffft
0101ft	1232442044fffft	0 1 2 1 3 1 4 1 5 1 5 1 ffffft
0101ft	1232442144fffft	0 1 2 1 3 1 4 1 5 1 5 1 ffffft
0101ft	1232442244fffft	0 1 2 1 3 1 4 1 5 1 5 1 ffffft
0101ft	1232442344fffft	0 1 2 1 3 1 4 1 5 1 5 1 ffffft
0101ft	1232442444fffft	0 1 2 1 3 1 4 1 5 1 5 1 ffffft
0101ft	1233432044fffft	0 1 2 1 3 1 4 1 5 1 5 1 ffffft
0101ft	1233432144fffft	0 1 2 1 3 1 4 1 5 1 5 1 ffffft
0101ft	1233432244fffft	0 1 2 1 3 1 4 1 5 1 5 1 ffffft
0101ft	1233432344fffft	0 1 2 1 3 1 4 1 5 1 5 1 ffffft
0101ft	1233432444fffft	0 1 2 1 3 1 4 1 5 1 5 1 ffffft
0101ft	1233442044fffft	0 1 2 1 3 1 4 1 5 1 5 1 ffffft
0101ft	1233442144fffft	0 1 2 1 3 1 4 1 5 1 5 1 ffffft
0101ft	1233442244fffft	0 1 2 1 3 1 4 1 5 1 5 1 ffffft
0101ft	1233442344fffft	0 1 2 1 3 1 4 1 5 1 5 1 ffffft
0101ft	1233442444fffft	0 1 2 1 3 1 4 1 5 1 5 1 ffffft
0101ft	1234432144fffft	0 1 2 1 3 1 4 1 5 1 5 1 ffffft
0101ft	1234432344fffft	0 1 2 1 3 1 4 1 5 1 5 1 ffffft
0101ft	1234432444fffft	0 1 2 1 3 1 4 1 5 1 5 1 ffffft
