010212fft	0112233444fffft	0 1 0 2 3 2 4 2 4 5 6 2 6 7 8 2 8 9 10 2 10 12 11 12 11 2 ffffffffffftt
010212fft	0112332444fffft	0 1 0 2 3 2 4 2 4 5 6 2 6 9 8 2 10 7 10 2 8 12 11 12 11 2 ffffffffffftt
010212fft	0112342344fffft	0 1 0 2 3 2 4 2 4 5 6 2 6 7 8 2 10 9 10 2 8 12 11 12 11 2 ffffffffffftt
010212fft	0122133444fffft	0 1 0 2 3 2 4 2 4 7 6 2 8 5 8 2 6 9 10 2 10 12 11 12 11 2 ffffffffffftt
010212fft	0122331444fffft	0 1 0 2 3 2 4 2 4 7 6 2 8 9 8 2 10 5 10 2 6 12 11 12 11 2 ffffffffffftt
010212fft	0122341344fffft	0 1 0 2 3 2 5 2 6 2 5 9 8 7 8 2 10 4 10 2 6 12 11 12 11 2 ffffffffffftt
010212fft	0123123444fffft	0 1 0 2 3 2 4 2 4 5 6 2 8 7 8 2 6 9 10 2 10 12 11 12 11 2 ffffffffffftt
010212fft	0123143244fffft	0 1 0 2 4 2 5 2 6 2 5 7 6 9 8 2 10 3 10 2 8 12 11 12 11 2 ffffffffffftt
010212fft	0123143342ffftf	0 1 0 2 3 2 4 2 4 6 7 2 8 2 7 9 10 5 10 2 8 12 11 12 11 2 ffffffffffftt
010212fft	0123321444fffft	0 1 0 2 3 2 4 2 4 7 6 2 8 5 8 2 10 9 10 2 6 12 11 12 11 2 ffffffffffftt
010212fft	0123341244fffft	0 1 0 2 3 2 5 2 6 2 5 9 8 4 8 2 10 7 10 2 6 12 11 12 11 2 ffffffffffftt
010212fft	0123423314ffftf	0 1 0 2 3 2 4 2 4 5 6 2 8 7 8 2 10 9 10 2 6 12 11 12 11 2 ffffffffffftt
010212fft	0123443312ffftf	0 1 0 2 3 2 4 2 4 5 6 2 8 9 8 2 10 7 10 2 6 12 11 12 11 2 ffffffffffftt
010212fft	1203223440fftff	0 2 1 5 0 7 1 7 4 6 4 7 8 7 9 7 10 3 10 7 8 12 11 12 11 7 ffffffffffftt
010212fft	1203224034fftff	0 2 3 5 0 7 1 6 1 7 3 7 8 7 9 7 10 4 10 7 8 12 11 12 11 7 ffffffffffftt
010212fft	1203224430fftff	0 2 3 4 0 7 1 6 1 7 3 7 8 7 9 7 10 5 10 7 8 12 11 12 11 7 ffffffffffftt
010212fft	1203243044fffft	0 1 0 5 2 4 2 5 6 5 7 5 8 3 8 5 6 9 10 5 10 12 11 12 11 5 ffffffffffftt
010212fft	1203243340ffftf	0 1 0 4 3 4 3 5 6 4 7 4 8 4 7 9 10 2 10 4 8 12 11 12 11 4 ffffffffffftt
010212fft	1203302444fffft	0 1 0 3 4 3 5 3 6 7 6 3 4 9 8 3 10 2 10 3 8 12 11 12 11 3 ffffffffffftt
010212fft	1203342044fffft	0 1 0 2 3 2 4 2 6 7 6 2 4 9 8 2 10 5 10 2 8 12 11 12 11 2 ffffffffffftt
010212fft	1203443320ffftf	0 1 0 3 4 3 6 3 7 2 7 3 8 3 4 9 10 5 10 3 8 12 11 12 11 3 ffffffffffftt
010212fft	1223043044fffft	0 1 0 7 2 6 2 7 5 7 8 4 8 7 9 7 10 3 10 7 5 12 11 12 11 7 ffffffffffftt
010212fft	1223043340ffftf	0 1 0 2 3 2 5 2 7 2 8 4 8 2 7 9 10 6 10 2 5 12 11 12 11 2 ffffffffffftt
010212fft	1223340044fffft	0 1 0 7 3 7 5 6 5 7 8 2 8 7 9 7 10 4 10 7 3 12 11 12 11 7 ffffffffffftt
010212fft	1223443300ffftf	0 1 0 2 3 2 4 2 6 7 6 2 8 9 8 2 10 5 10 2 4 12 11 12 11 2 ffffffffffftt
