01021323ffft	01122333ffft	0 1 0 2 1 3 4 3 5 3 6 7 6 8 8 3 9 10 9 12 12 3 11 14 11 15 13 14 13 15 14 3 fffffffffffffttt
01021323ffft	01221333ffft	0 1 0 2 1 3 4 3 6 3 5 9 5 10 9 3 11 12 11 7 12 3 8 14 8 15 13 14 13 15 14 3 fffffffffffffttt
01021323ffft	01231233ffft	0 1 0 2 1 3 4 3 5 3 7 6 9 3 7 12 11 9 11 10 12 3 8 14 8 15 13 14 13 15 14 3 fffffffffffffttt
01021323ffft	12032230fftf	0 1 0 2 1 5 6 5 8 5 9 5 10 4 11 6 11 3 12 5 10 12 7 14 7 15 13 14 13 15 14 5 fffffffffffffttt
01230313ffft	01122333ffft	0 1 2 3 0 3 4 3 5 3 6 3 6 7 8 3 9 3 9 10 11 3 12 3 12 14 13 14 15 3 13 3 fffffffffffffttt
01230313ffft	01221333ffft	0 1 2 3 0 3 4 3 5 3 6 3 6 7 9 3 11 3 10 3 12 8 12 3 10 14 13 14 15 3 13 3 fffffffffffffttt
01230313ffft	01231233ffft	0 1 2 3 0 3 4 3 5 3 6 3 6 8 9 3 11 3 10 3 12 7 12 3 10 14 13 14 15 3 13 3 fffffffffffffttt
01230313ffft	12002333ffft	0 1 2 3 0 3 4 3 6 3 8 3 7 3 9 5 9 3 7 10 11 3 12 3 12 14 13 14 15 3 13 3 fffffffffffffttt
01230313ffft	12032230fftf	0 1 2 4 0 4 5 4 6 4 7 4 9 4 7 8 11 4 10 4 12 3 12 4 10 14 13 14 15 4 13 4 fffffffffffffttt
01230313ffft	12200333ffft	0 1 2 3 0 3 4 3 6 3 9 3 7 3 10 5 11 3 10 3 12 8 12 3 7 14 13 14 15 3 13 3 fffffffffffffttt
