01021323ffft	0112233444fffft	0 1 0 2 1 3 4 3 5 3 6 7 6 8 8 3 9 10 9 11 11 3 12 13 12 15 15 3 14 17 14 18 16 17 16 18 17 3 ffffffffffffffffttt
01021323ffft	0112332444fffft	0 1 0 2 1 3 4 3 5 3 6 7 6 9 9 3 8 12 8 13 12 3 14 15 14 10 15 3 11 17 11 18 16 17 16 18 17 3 ffffffffffffffffttt
01021323ffft	0112342344fffft	0 1 0 2 1 3 4 3 5 3 6 7 6 8 8 3 10 9 12 3 10 15 14 12 14 13 15 3 11 17 11 18 16 17 16 18 17 3 ffffffffffffffffttt
01021323ffft	0122133444fffft	0 1 0 2 1 3 4 3 5 3 6 7 6 10 11 3 10 3 12 11 12 8 9 13 9 15 15 3 14 17 14 18 16 17 16 18 17 3 ffffffffffffffffttt
01021323ffft	0122331444fffft	0 1 0 2 1 3 4 3 6 3 5 9 5 10 9 3 11 12 11 13 12 3 14 15 14 7 15 3 8 17 8 18 16 17 16 18 17 3 ffffffffffffffffttt
01021323ffft	0122341344fffft	0 1 0 2 1 3 4 3 7 3 9 3 6 12 6 13 11 9 11 10 12 3 14 15 14 5 15 3 8 17 8 18 16 17 16 18 17 3 ffffffffffffffffttt
01021323ffft	0123123444fffft	0 1 0 2 1 3 4 3 5 3 6 7 6 9 11 3 9 3 10 13 12 11 12 8 10 15 15 3 14 17 14 18 16 17 16 18 17 3 ffffffffffffffffttt
01021323ffft	0123143244fffft	0 1 0 2 1 3 4 3 7 3 9 3 6 11 6 12 11 3 13 8 14 9 14 5 15 3 13 15 10 17 10 18 16 17 16 18 17 3 ffffffffffffffffttt
01021323ffft	0123143342ffftf	0 1 0 2 1 3 5 3 7 3 8 3 6 12 6 13 10 9 12 3 10 15 14 7 14 4 15 3 11 17 11 18 16 17 16 18 17 3 ffffffffffffffffttt
01021323ffft	0123321444fffft	0 1 0 2 1 3 4 3 6 3 5 8 5 9 8 3 11 7 12 3 11 15 14 12 14 13 15 3 10 17 10 18 16 17 16 18 17 3 ffffffffffffffffttt
01021323ffft	0123341244fffft	0 1 0 2 1 3 4 3 7 3 8 3 6 11 6 12 10 5 11 3 14 8 14 9 15 3 10 15 13 17 13 18 16 17 16 18 17 3 ffffffffffffffffttt
01021323ffft	0123423314ffftf	0 1 0 2 1 3 4 3 6 3 8 3 10 5 11 8 11 9 12 3 10 15 14 12 14 13 15 3 7 17 7 18 16 17 16 18 17 3 ffffffffffffffffttt
01021323ffft	0123443312ffftf	0 1 0 2 1 3 4 3 6 3 8 3 10 5 11 12 11 13 12 3 10 15 14 8 14 9 15 3 7 17 7 18 16 17 16 18 17 3 ffffffffffffffffttt
01021323ffft	1203223440fftff	0 1 0 3 6 5 1 9 2 9 7 9 6 7 13 8 11 9 12 9 14 2 14 4 15 9 13 15 10 17 10 18 16 17 16 18 17 9 ffffffffffffffffttt
01021323ffft	1203224034fftff	0 1 0 2 1 9 4 9 6 8 7 9 13 7 13 3 11 9 12 9 14 4 14 5 15 9 6 15 10 17 10 18 16 17 16 18 17 9 ffffffffffffffffttt
01021323ffft	1203224430fftff	0 1 0 4 8 6 9 7 1 7 2 7 11 7 12 7 13 2 13 3 14 9 14 5 15 7 8 15 10 17 10 18 16 17 16 18 17 7 ffffffffffffffffttt
01021323ffft	1203243044fffft	0 1 0 2 1 4 5 4 7 4 8 6 11 4 9 4 8 9 10 13 12 5 12 3 10 15 15 4 14 17 14 18 16 17 16 18 17 4 ffffffffffffffffttt
01021323ffft	1203243340ffftf	0 1 0 2 1 6 4 6 7 5 9 6 10 6 7 9 8 12 8 13 12 6 14 4 14 3 15 6 11 17 11 18 16 17 16 18 17 6 ffffffffffffffffttt
01021323ffft	1203302444fffft	0 1 0 2 1 4 5 4 6 4 7 9 8 4 10 12 10 13 12 4 7 15 14 8 14 3 15 4 11 17 11 18 16 17 16 18 17 4 ffffffffffffffffttt
01021323ffft	1203342044fffft	0 1 0 2 1 3 4 3 5 3 7 9 8 3 10 12 10 13 12 3 7 15 14 5 14 6 15 3 11 17 11 18 16 17 16 18 17 3 ffffffffffffffffttt
01021323ffft	1203443320ffftf	0 1 0 2 1 4 6 4 10 4 8 9 8 3 9 4 5 12 5 13 12 4 14 6 14 7 15 4 11 17 11 18 16 17 16 18 17 4 ffffffffffffffffttt
01021323ffft	1223043044fffft	0 1 0 2 1 9 3 7 3 8 4 9 7 9 11 6 12 9 13 9 11 15 14 4 14 5 15 9 10 17 10 18 16 17 16 18 17 9 ffffffffffffffffttt
01021323ffft	1223043340ffftf	0 1 0 2 1 3 5 3 7 3 9 3 6 12 6 13 11 7 11 4 12 3 14 9 14 10 15 3 8 17 8 18 16 17 16 18 17 3 ffffffffffffffffttt
01021323ffft	1223340044fffft	0 1 0 2 1 7 9 7 5 7 11 3 12 7 13 7 10 5 10 6 11 15 14 9 14 4 15 7 8 17 8 18 16 17 16 18 17 7 ffffffffffffffffttt
01021323ffft	1223443300ffftf	0 1 0 2 1 3 4 3 6 3 8 9 8 10 9 3 11 12 11 13 12 3 14 6 14 7 15 3 5 17 5 18 16 17 16 18 17 3 ffffffffffffffffttt
01230313ffft	0112233444fffft	0 1 2 3 0 3 4 3 5 3 6 3 6 7 8 3 9 3 9 10 11 3 12 3 12 13 14 3 15 3 15 17 16 17 18 3 16 3 ffffffffffffffffttt
01230313ffft	0112332444fffft	0 1 2 3 0 3 4 3 5 3 6 3 6 7 8 3 9 3 9 10 12 3 14 3 13 3 15 11 15 3 13 17 16 17 18 3 16 3 ffffffffffffffffttt
01230313ffft	0112342344fffft	0 1 2 3 0 3 4 3 5 3 6 3 6 7 8 3 9 3 9 11 12 3 14 3 13 3 15 10 15 3 13 17 16 17 18 3 16 3 ffffffffffffffffttt
01230313ffft	0122133444fffft	0 1 2 3 0 3 4 3 5 3 6 3 6 7 9 3 11 3 10 3 12 8 12 3 10 13 14 3 15 3 15 17 16 17 18 3 16 3 ffffffffffffffffttt
01230313ffft	0122331444fffft	0 1 2 3 0 3 4 3 5 3 7 3 9 3 7 11 12 3 10 3 13 6 14 3 13 3 15 8 15 3 10 17 16 17 18 3 16 3 ffffffffffffffffttt
01230313ffft	0122341344fffft	0 1 2 3 0 3 4 3 5 3 6 3 6 7 9 3 12 3 10 3 13 11 14 3 13 3 15 8 15 3 10 17 16 17 18 3 16 3 ffffffffffffffffttt
01230313ffft	0123123444fffft	0 1 2 3 0 3 4 3 5 3 6 3 6 8 9 3 11 3 10 3 12 7 12 3 10 13 14 3 15 3 15 17 16 17 18 3 16 3 ffffffffffffffffttt
01230313ffft	0123143244fffft	0 1 2 3 0 3 4 3 5 3 7 3 8 3 7 9 10 3 12 3 10 11 14 3 13 3 15 6 15 3 13 17 16 17 18 3 16 3 ffffffffffffffffttt
01230313ffft	0123143342ffftf	0 1 2 4 0 4 5 4 6 4 7 4 8 4 7 10 9 4 9 11 12 4 14 4 13 4 15 3 15 4 13 17 16 17 18 4 16 4 ffffffffffffffffttt
01230313ffft	0123321444fffft	0 1 2 3 0 3 4 3 5 3 7 3 9 3 7 11 12 3 10 3 13 8 14 3 13 3 15 6 15 3 10 17 16 17 18 3 16 3 ffffffffffffffffttt
01230313ffft	0123341244fffft	0 1 2 3 0 3 4 3 5 3 6 3 6 7 9 3 12 3 10 3 13 8 14 3 13 3 15 11 15 3 10 17 16 17 18 3 16 3 ffffffffffffffffttt
01230313ffft	0123423314ffftf	0 1 2 3 0 3 4 3 5 3 7 3 9 3 7 8 12 3 10 3 13 11 14 3 13 3 15 6 15 3 10 17 16 17 18 3 16 3 ffffffffffffffffttt
01230313ffft	0123443312ffftf	0 1 2 3 0 3 4 3 5 3 7 3 9 3 7 8 11 3 10 3 13 6 13 3 14 3 15 12 15 3 10 17 16 17 18 3 16 3 ffffffffffffffffttt
01230313ffft	1200233444fffft	0 1 2 3 0 3 4 3 6 3 8 3 7 3 9 5 9 3 7 10 11 3 12 3 12 13 14 3 15 3 15 17 16 17 18 3 16 3 ffffffffffffffffttt
01230313ffft	1200332444fffft	0 1 2 3 0 3 4 3 6 3 8 3 7 3 9 5 9 3 7 10 12 3 14 3 13 3 15 11 15 3 13 17 16 17 18 3 16 3 ffffffffffffffffttt
01230313ffft	1200342344fffft	0 1 2 3 0 3 4 3 6 3 8 3 7 3 9 5 9 3 7 11 12 3 14 3 13 3 15 10 15 3 13 17 16 17 18 3 16 3 ffffffffffffffffttt
01230313ffft	1203223440fftff	0 2 1 6 4 8 5 8 0 8 1 8 7 8 9 8 10 8 9 11 12 8 14 8 13 8 15 3 15 8 13 17 16 17 18 8 16 8 ffffffffffffffffttt
01230313ffft	1203224034fftff	0 1 3 8 5 8 0 8 7 8 6 8 10 2 10 8 9 8 12 8 6 11 14 8 13 8 15 4 15 8 13 17 16 17 18 8 16 8 ffffffffffffffffttt
01230313ffft	1203224430fftff	0 1 2 6 0 6 5 6 8 6 7 6 10 6 9 4 9 6 7 11 12 6 14 6 13 6 15 3 15 6 13 17 16 17 18 6 16 6 ffffffffffffffffttt
01230313ffft	1203243044fffft	0 1 2 4 0 4 5 4 6 4 7 4 9 4 7 8 11 4 10 4 12 3 12 4 10 13 14 4 15 4 15 17 16 17 18 4 16 4 ffffffffffffffffttt
01230313ffft	1203243340ffftf	0 5 1 3 2 9 4 10 2 10 7 10 8 10 0 10 1 10 12 10 11 10 14 10 13 10 15 6 15 10 13 17 16 17 18 10 16 10 ffffffffffffffffttt
01230313ffft	1203302444fffft	0 1 2 4 0 4 6 4 5 4 8 4 7 4 9 10 9 4 7 11 12 4 14 4 13 4 15 3 15 4 13 17 16 17 18 4 16 4 ffffffffffffffffttt
01230313ffft	1203342044fffft	0 1 2 3 0 3 4 3 6 3 8 3 7 3 9 10 9 3 7 11 12 3 14 3 13 3 15 5 15 3 13 17 16 17 18 3 16 3 ffffffffffffffffttt
01230313ffft	1203443320ffftf	0 5 2 8 1 9 1 10 0 10 4 10 3 10 2 10 7 10 12 10 11 10 14 10 13 10 15 6 15 10 13 17 16 17 18 10 16 10 ffffffffffffffffttt
01230313ffft	1220033444fffft	0 1 2 3 0 3 4 3 6 3 9 3 7 3 10 5 11 3 10 3 12 8 12 3 7 13 14 3 15 3 15 17 16 17 18 3 16 3 ffffffffffffffffttt
01230313ffft	1220330444fffft	0 1 2 9 0 9 5 9 8 9 6 9 10 3 11 9 10 9 12 9 13 7 13 9 14 9 15 4 15 9 6 17 16 17 18 9 16 9 ffffffffffffffffttt
01230313ffft	1220340344fffft	0 1 2 3 0 3 4 3 6 3 9 3 7 3 10 8 11 3 10 3 13 5 13 3 14 3 15 12 15 3 7 17 16 17 18 3 16 3 ffffffffffffffffttt
01230313ffft	1223043044fffft	0 1 2 3 0 3 5 3 6 3 8 3 9 3 12 3 10 3 9 11 13 7 14 3 13 3 15 4 15 3 10 17 16 17 18 3 16 3 ffffffffffffffffttt
01230313ffft	1223043340ffftf	0 4 1 6 3 7 1 7 5 7 0 7 9 7 8 7 11 7 10 7 13 2 13 7 14 7 15 12 15 7 10 17 16 17 18 7 16 7 ffffffffffffffffttt
01230313ffft	1223340044fffft	0 1 2 3 0 3 4 3 6 3 9 3 7 3 10 11 12 3 10 3 13 5 14 3 13 3 15 8 15 3 7 17 16 17 18 3 16 3 ffffffffffffffffttt
01230313ffft	1223443300ffftf	0 1 2 4 0 4 6 4 5 4 9 4 7 4 10 12 11 4 10 4 13 3 13 4 14 4 15 8 15 4 7 17 16 17 18 4 16 4 ffffffffffffffffttt
01230313ffft	1230032444fffft	0 1 2 3 0 3 4 3 6 3 9 3 7 3 10 5 12 3 10 3 13 8 14 3 13 3 15 11 15 3 7 17 16 17 18 3 16 3 ffffffffffffffffttt
01230313ffft	1230042344fffft	0 1 2 9 0 9 5 9 8 9 6 9 10 4 11 9 10 9 12 9 13 7 13 9 14 9 15 3 15 9 6 17 16 17 18 9 16 9 ffffffffffffffffttt
01230313ffft	1230230444fffft	0 1 2 4 0 4 5 4 6 4 7 4 9 4 7 8 11 4 10 4 13 3 13 4 14 4 15 12 15 4 10 17 16 17 18 4 16 4 ffffffffffffffffttt
01230313ffft	1230240344fffft	0 1 2 6 0 6 5 6 8 6 7 6 9 6 10 4 10 6 11 6 12 3 12 6 7 13 14 6 15 6 15 17 16 17 18 6 16 6 ffffffffffffffffttt
