0102132434fffft	01122333ffft	0 1 0 2 1 3 2 4 5 4 6 4 7 8 9 10 10 4 9 12 12 13 11 15 11 16 16 4 14 18 14 19 15 20 17 18 17 19 18 20 19 4 ffffffffffffffffftttt
0102132434fffft	01221333ffft	0 1 0 2 1 3 2 4 5 4 9 4 12 4 7 11 7 12 8 13 14 15 14 16 15 6 16 4 10 18 10 19 11 20 17 18 17 19 18 20 19 4 ffffffffffffffffftttt
0102132434fffft	01231233ffft	0 1 0 2 1 3 2 4 5 4 6 4 9 7 13 4 8 15 8 16 16 4 14 12 14 13 15 10 11 18 11 19 12 20 17 18 17 19 18 20 19 4 ffffffffffffffffftttt
0102132434fffft	12032230fftf	0 1 0 2 1 3 2 7 5 7 13 6 10 7 11 7 14 13 14 5 15 4 16 7 12 15 12 16 8 19 8 20 9 17 20 7 18 19 18 20 19 17 ffffffffffffffffftttt
0102321422fffft	01122333ffft	0 1 0 2 3 2 1 7 6 7 5 11 5 12 8 12 4 12 11 7 10 15 10 16 9 16 15 7 14 18 14 19 13 19 17 18 17 19 20 19 18 7 ffffffffffffffffftttt
0102321422fffft	01221333ffft	0 1 0 2 3 2 1 9 7 9 11 9 6 11 6 12 4 12 8 12 14 15 14 16 5 16 15 9 10 18 10 19 13 19 17 18 17 19 20 19 18 9 ffffffffffffffffftttt
0102321422fffft	01231233ffft	0 1 0 2 4 2 6 3 1 9 8 9 13 9 7 15 7 16 10 16 5 16 15 9 14 13 14 3 12 18 12 19 11 19 17 18 17 19 20 19 18 9 ffffffffffffffffftttt
0102321422fffft	12002333ffft	0 1 0 2 3 2 1 12 7 12 4 11 9 10 9 11 10 12 6 15 6 16 8 16 5 16 15 12 14 18 14 19 13 19 17 18 17 19 20 19 18 12 ffffffffffffffffftttt
0102321422fffft	12032230fftf	0 1 0 2 8 2 9 6 4 14 4 15 7 15 5 16 1 16 11 16 13 5 13 6 14 16 10 19 10 20 12 20 3 20 19 16 18 19 18 20 17 20 ffffffffffffffffftttt
0102321422fffft	12200333ffft	0 1 0 2 4 2 8 10 1 10 3 9 12 10 11 15 11 16 13 16 5 16 14 8 14 9 15 10 7 18 7 19 6 19 17 18 17 19 20 19 18 10 ffffffffffffffffftttt
0102322412fffft	12200333ffft	0 1 0 2 4 2 10 9 2 9 6 9 3 10 11 15 11 16 12 16 13 16 14 8 14 10 16 9 7 18 7 19 5 19 17 18 17 19 20 19 19 9 ffffffffffffffffftttt
0102341224fffft	01122333ffft	0 1 0 3 1 3 2 4 5 4 7 4 8 9 6 9 8 10 11 4 12 13 10 13 12 15 14 4 15 20 16 20 16 18 17 18 17 20 18 20 19 4 ffffffffffffffffftttt
0102341224fffft	01221333ffft	0 1 0 3 1 3 2 4 5 4 8 4 6 11 6 12 7 12 13 4 16 15 16 9 14 4 15 9 11 20 10 20 10 18 17 18 17 20 18 20 19 4 ffffffffffffffffftttt
0102341224fffft	01231233ffft	0 1 0 3 1 3 2 4 5 4 6 4 7 8 9 8 10 4 9 15 15 13 14 12 14 13 16 4 11 18 11 20 12 20 17 18 17 20 18 20 19 4 ffffffffffffffffftttt
0102341224fffft	12002333ffft	0 1 0 3 1 3 2 5 7 5 6 5 9 5 8 4 10 13 11 13 12 8 12 4 10 15 14 5 15 20 16 20 16 18 17 18 17 20 18 20 19 5 ffffffffffffffffftttt
0102341224fffft	12032230fftf	0 1 0 3 1 3 2 8 5 8 6 7 13 7 12 8 11 8 14 6 14 4 16 8 15 4 13 15 9 18 9 20 10 20 18 20 19 20 19 18 17 8 ffffffffffffffffftttt
0102341224fffft	12200333ffft	0 1 0 3 1 3 2 8 6 8 10 4 11 4 13 8 12 8 10 15 16 5 16 7 14 8 15 7 5 20 9 20 9 18 17 18 17 20 18 20 19 8 ffffffffffffffffftttt
0102341424fffft	01122333ffft	0 1 0 2 3 4 1 4 5 4 6 4 7 4 9 8 10 4 9 11 11 4 13 12 14 4 13 16 16 4 15 18 15 19 17 18 17 19 20 4 18 4 ffffffffffffffffftttt
0102341424fffft	01221333ffft	0 1 0 2 3 4 1 4 5 4 6 4 7 4 11 8 9 4 13 4 14 4 11 13 15 16 15 10 16 4 12 18 12 19 17 18 17 19 20 4 18 4 ffffffffffffffffftttt
0102341424fffft	01231233ffft	0 1 0 2 3 4 1 4 5 4 6 4 8 4 10 4 11 9 12 4 14 4 11 16 16 4 15 14 15 7 13 18 13 19 17 18 17 19 20 4 18 4 ffffffffffffffffftttt
0102341424fffft	12002333ffft	0 1 0 2 3 5 1 5 7 5 6 5 9 5 8 5 10 12 11 5 13 8 13 4 14 5 10 16 16 5 15 18 15 19 17 18 17 19 20 5 18 5 ffffffffffffffffftttt
0102341424fffft	12032230fftf	0 1 0 2 3 5 1 5 6 5 7 5 8 5 10 5 14 9 13 5 12 5 15 8 15 4 16 5 14 16 11 20 11 18 20 5 17 5 19 20 19 18 ffffffffffffffffftttt
0102341424fffft	12200333ffft	0 1 0 2 3 4 1 4 5 4 6 4 8 4 9 4 12 7 13 4 14 4 12 16 15 8 15 10 16 4 11 18 11 19 17 18 17 19 20 4 18 4 ffffffffffffffffftttt
0123031434fffft	01122333ffft	0 1 2 3 0 3 1 4 5 4 6 4 7 9 8 9 8 10 10 4 11 13 12 13 12 15 15 4 14 18 16 20 14 20 17 18 19 20 17 20 18 4 ffffffffffffffffftttt
0123031434fffft	01221333ffft	0 1 2 3 0 3 1 4 5 4 8 4 11 4 7 11 9 12 7 12 14 15 16 6 15 4 14 6 10 18 13 20 10 20 17 18 19 20 17 20 18 4 ffffffffffffffffftttt
0123031434fffft	01231233ffft	0 1 2 3 0 3 1 4 5 4 6 4 7 8 9 8 13 4 9 15 15 4 14 13 14 10 16 10 11 18 12 20 11 20 17 18 19 20 17 20 18 4 ffffffffffffffffftttt
0123031434fffft	12002333ffft	0 1 2 3 0 3 1 5 6 5 7 5 9 4 8 5 11 13 10 13 12 8 12 4 10 15 15 5 14 18 16 20 14 20 17 18 19 20 17 20 18 5 ffffffffffffffffftttt
0123031434fffft	12032230fftf	0 1 2 4 0 4 6 7 1 8 3 8 13 7 11 8 12 8 14 3 14 5 16 5 15 8 13 15 9 19 10 17 9 17 19 8 18 19 20 17 18 17 ffffffffffffffffftttt
0123031434fffft	12200333ffft	0 1 2 4 0 4 5 8 1 8 11 3 10 3 12 8 13 8 10 15 14 5 14 7 16 7 15 8 9 18 6 20 9 20 17 18 19 20 17 20 18 8 ffffffffffffffffftttt
0123044313ffftf	01122333ffft	0 2 0 3 1 4 2 4 5 4 6 4 7 4 8 9 8 10 10 4 11 4 12 13 12 14 14 4 16 4 15 19 15 20 17 19 17 20 18 4 19 4 ffffffffffffffffftttt
0123044313ffftf	01221333ffft	0 2 0 3 1 4 2 4 5 4 6 4 7 4 11 8 10 4 14 4 13 4 11 14 15 10 15 9 16 4 12 19 12 20 17 19 17 20 18 4 19 4 ffffffffffffffffftttt
0123044313ffftf	01231233ffft	0 2 0 3 1 4 2 4 5 4 6 4 9 4 10 4 8 10 8 11 14 4 13 4 15 13 16 4 15 7 12 19 12 20 17 19 17 20 18 4 19 4 ffffffffffffffffftttt
0123044313ffftf	12002333ffft	0 2 0 3 1 4 2 4 6 4 8 4 7 4 11 4 9 4 10 13 12 7 12 5 10 14 14 4 16 4 15 19 15 20 17 19 17 20 18 4 19 4 ffffffffffffffffftttt
0123044313ffftf	12032230fftf	0 2 0 3 1 6 2 6 5 6 8 6 9 6 7 10 7 11 10 6 13 6 14 6 15 5 15 4 16 6 12 18 12 17 18 6 20 6 19 18 19 17 ffffffffffffffffftttt
0123044313ffftf	12200333ffft	0 2 0 3 1 4 2 4 5 4 7 4 10 4 9 4 12 7 12 6 13 4 14 4 15 10 15 11 16 4 8 19 8 20 17 19 17 20 18 4 19 4 ffffffffffffffffftttt
0123431303ffftf	01122333ffft	0 1 2 4 3 4 0 4 5 4 6 4 7 4 8 4 8 9 10 4 11 4 12 4 12 13 14 4 15 4 16 4 16 18 17 18 19 4 20 4 17 4 ffffffffffffffffftttt
0123431303ffftf	01221333ffft	0 1 2 4 3 4 0 4 5 4 6 4 7 4 8 4 8 10 11 4 13 4 12 4 14 4 15 4 16 9 16 4 14 18 17 18 19 4 20 4 17 4 ffffffffffffffffftttt
0123431303ffftf	01231233ffft	0 1 2 4 3 4 0 4 5 4 6 4 7 4 8 4 8 9 11 4 12 4 13 4 14 4 15 4 16 4 16 10 15 18 17 18 19 4 20 4 17 4 ffffffffffffffffftttt
0123431303ffftf	12032230fftf	0 1 6 9 2 8 4 9 5 9 2 9 7 9 0 9 11 9 10 9 12 9 13 9 15 9 14 9 16 3 16 9 14 18 20 9 19 9 17 9 20 18 ffffffffffffffffftttt
0123431303ffftf	12200333ffft	0 1 2 5 3 5 0 5 7 5 6 5 10 5 8 5 11 5 12 5 13 5 14 9 15 5 14 5 16 4 16 5 11 18 17 18 19 5 20 5 17 5 ffffffffffffffffftttt
