0101ft	01020333tttf	1 0 1 2 1 3 1 0 fttt
0101ft	01021333tttf	1 0 1 2 1 3 1 0 fttt
0101ft	01022333tttf	1 0 1 2 1 3 1 0 fttt
0101ft	01023333tttf	1 0 1 2 1 3 1 0 fttt
0101ft	01120333tttf	1 0 1 2 1 3 1 0 fttt
0101ft	01121333tttf	1 0 1 2 1 3 1 0 fttt
0101ft	01122333tttf	1 0 1 2 1 3 1 0 fttt
0101ft	01123333tttf	1 0 1 2 1 3 1 0 fttt
0101ft	01220333tttf	1 0 1 2 1 3 1 0 fttt
0101ft	01221333tttf	1 0 1 2 1 3 1 0 fttt
0101ft	01222333tttf	1 0 1 2 1 3 1 0 fttt
0101ft	01223333tttf	1 0 1 2 1 3 1 0 fttt
0101ft	01232202ttft	1 0 1 2 1 3 1 0 fttt
0101ft	01232212ttft	1 0 1 2 1 3 1 0 fttt
0101ft	01232222ttft	1 0 1 2 1 3 1 0 fttt
0101ft	01232232ttft	1 0 1 2 1 3 1 0 fttt
0101ft	11020333tttf	1 0 1 2 1 3 1 0 fttt
0101ft	11021333tttf	1 0 1 2 1 3 1 0 fttt
0101ft	11022333tttf	1 0 1 2 1 3 1 0 fttt
0101ft	11023333tttf	1 0 1 2 1 3 1 0 fttt
0101ft	11120333tttf	1 0 1 2 1 3 1 0 fttt
0101ft	11121333tttf	1 0 1 2 1 3 1 0 fttt
0101ft	11122333tttf	1 0 1 2 1 3 1 0 fttt
0101ft	11123333tttf	1 0 1 2 1 3 1 0 fttt
0101ft	11220333tttf	1 0 1 2 1 3 1 0 fttt
0101ft	11221333tttf	1 0 1 2 1 3 1 0 fttt
0101ft	11222333tttf	1 0 1 2 1 3 1 0 fttt
0101ft	11223333tttf	1 0 1 2 1 3 1 0 fttt
0101ft	11232202ttft	1 0 1 2 1 3 1 0 fttt
0101ft	11232212ttft	1 0 1 2 1 3 1 0 fttt
0101ft	11232222ttft	1 0 1 2 1 3 1 0 fttt
0101ft	11232232ttft	1 0 1 2 1 3 1 0 fttt
0101ft	12030133tttf	1 0 1 2 1 3 1 0 fttt
0101ft	12031133tttf	1 0 1 2 1 3 1 0 fttt
0101ft	12032133tttf	1 0 1 2 1 3 1 0 fttt
0101ft	12033133tttf	1 0 1 2 1 3 1 0 fttt
0101ft	12110301tftt	1 0 1 2 1 3 1 0 fttt
0101ft	12110311tftt	1 0 1 2 1 3 1 0 fttt
0101ft	12110321tftt	1 0 1 2 1 3 1 0 fttt
0101ft	12110331tftt	1 0 1 2 1 3 1 0 fttt
0101ft	12111301tftt	1 0 1 2 1 3 1 0 fttt
0101ft	12111311tftt	1 0 1 2 1 3 1 0 fttt
0101ft	12111321tftt	1 0 1 2 1 3 1 0 fttt
0101ft	12111331tftt	1 0 1 2 1 3 1 0 fttt
0101ft	12112301tftt	1 0 1 2 1 3 1 0 fttt
0101ft	12112311tftt	1 0 1 2 1 3 1 0 fttt
0101ft	12112321tftt	1 0 1 2 1 3 1 0 fttt
0101ft	12112331tftt	1 0 1 2 1 3 1 0 fttt
0101ft	12113301tftt	1 0 1 2 1 3 1 0 fttt
0101ft	12113311tftt	1 0 1 2 1 3 1 0 fttt
0101ft	12113321tftt	1 0 1 2 1 3 1 0 fttt
0101ft	12113331tftt	1 0 1 2 1 3 1 0 fttt
0101ft	12130133tttf	1 0 1 2 1 3 1 0 fttt
0101ft	12131133tttf	1 0 1 2 1 3 1 0 fttt
0101ft	12132133tttf	1 0 1 2 1 3 1 0 fttt
0101ft	12133133tttf	1 0 1 2 1 3 1 0 fttt
0101ft	12233133tttf	1 0 1 2 1 3 1 0 fttt
