0101ft	0102030444ttttf	1 0 1 2 1 3 1 4 1 0 ftttt
0101ft	0102031444ttttf	1 0 1 2 1 3 1 4 1 0 ftttt
0101ft	0102032444ttttf	1 0 1 2 1 3 1 4 1 0 ftttt
0101ft	0102033444ttttf	1 0 1 2 1 3 1 4 1 0 ftttt
0101ft	0102034444ttttf	1 0 1 2 1 3 1 4 1 0 ftttt
0101ft	0102130444ttttf	1 0 1 2 1 3 1 4 1 0 ftttt
0101ft	0102131444ttttf	1 0 1 2 1 3 1 4 1 0 ftttt
0101ft	0102132444ttttf	1 0 1 2 1 3 1 4 1 0 ftttt
0101ft	0102133444ttttf	1 0 1 2 1 3 1 4 1 0 ftttt
0101ft	0102134444ttttf	1 0 1 2 1 3 1 4 1 0 ftttt
0101ft	0102230444ttttf	1 0 1 2 1 3 1 4 1 0 ftttt
0101ft	0102231444ttttf	1 0 1 2 1 3 1 4 1 0 ftttt
0101ft	0102232444ttttf	1 0 1 2 1 3 1 4 1 0 ftttt
0101ft	0102233444ttttf	1 0 1 2 1 3 1 4 1 0 ftttt
0101ft	0102234444ttttf	1 0 1 2 1 3 1 4 1 0 ftttt
0101ft	0102330444ttttf	1 0 1 2 1 3 1 4 1 0 ftttt
0101ft	0102331444ttttf	1 0 1 2 1 3 1 4 1 0 ftttt
0101ft	0102332444ttttf	1 0 1 2 1 3 1 4 1 0 ftttt
0101ft	0102333444ttttf	1 0 1 2 1 3 1 4 1 0 ftttt
0101ft	0102334444ttttf	1 0 1 2 1 3 1 4 1 0 ftttt
0101ft	0102343303tttft	1 0 1 2 1 3 1 4 1 0 ftttt
0101ft	0102343313tttft	1 0 1 2 1 3 1 4 1 0 ftttt
0101ft	0102343323tttft	1 0 1 2 1 3 1 4 1 0 ftttt
0101ft	0102343333tttft	1 0 1 2 1 3 1 4 1 0 ftttt
0101ft	0102343343tttft	1 0 1 2 1 3 1 4 1 0 ftttt
0101ft	0112030444ttttf	1 0 1 2 1 3 1 4 1 0 ftttt
0101ft	0112031444ttttf	1 0 1 2 1 3 1 4 1 0 ftttt
0101ft	0112032444ttttf	1 0 1 2 1 3 1 4 1 0 ftttt
0101ft	0112033444ttttf	1 0 1 2 1 3 1 4 1 0 ftttt
0101ft	0112034444ttttf	1 0 1 2 1 3 1 4 1 0 ftttt
0101ft	0112130444ttttf	1 0 1 2 1 3 1 4 1 0 ftttt
0101ft	0112131444ttttf	1 0 1 2 1 3 1 4 1 0 ftttt
0101ft	0112132444ttttf	1 0 1 2 1 3 1 4 1 0 ftttt
0101ft	0112133444ttttf	1 0 1 2 1 3 1 4 1 0 ftttt
0101ft	0112134444ttttf	1 0 1 2 1 3 1 4 1 0 ftttt
0101ft	0112230444ttttf	1 0 1 2 1 3 1 4 1 0 ftttt
0101ft	0112231444ttttf	1 0 1 2 1 3 1 4 1 0 ftttt
0101ft	0112232444ttttf	1 0 1 2 1 3 1 4 1 0 ftttt
0101ft	0112233444ttttf	1 0 1 2 1 3 1 4 1 0 ftttt
0101ft	0112234444ttttf	1 0 1 2 1 3 1 4 1 0 ftttt
0101ft	0112330444ttttf	1 0 1 2 1 3 1 4 1 0 ftttt
0101ft	0112331444ttttf	1 0 1 2 1 3 1 4 1 0 ftttt
0101ft	0112332444ttttf	1 0 1 2 1 3 1 4 1 0 ftttt
0101ft	0112333444ttttf	1 0 1 2 1 3 1 4 1 0 ftttt
0101ft	0112334444ttttf	1 0 1 2 1 3 1 4 1 0 ftttt
0101ft	0112343303tttft	1 0 1 2 1 3 1 4 1 0 ftttt
0101ft	0112343313tttft	1 0 1 2 1 3 1 4 1 0 ftttt
0101ft	0112343323tttft	1 0 1 2 1 3 1 4 1 0 ftttt
0101ft	0112343333tttft	1 0 1 2 1 3 1 4 1 0 ftttt
0101ft	0112343343tttft	1 0 1 2 1 3 1 4 1 0 ftttt
0101ft	0122030444ttttf	1 0 1 2 1 3 1 4 1 0 ftttt
0101ft	0122031444ttttf	1 0 1 2 1 3 1 4 1 0 ftttt
0101ft	0122032444ttttf	1 0 1 2 1 3 1 4 1 0 ftttt
0101ft	0122033444ttttf	1 0 1 2 1 3 1 4 1 0 ftttt
0101ft	0122034444ttttf	1 0 1 2 1 3 1 4 1 0 ftttt
0101ft	0122130444ttttf	1 0 1 2 1 3 1 4 1 0 ftttt
0101ft	0122131444ttttf	1 0 1 2 1 3 1 4 1 0 ftttt
0101ft	0122132444ttttf	1 0 1 2 1 3 1 4 1 0 ftttt
0101ft	0122133444ttttf	1 0 1 2 1 3 1 4 1 0 ftttt
0101ft	0122134444ttttf	1 0 1 2 1 3 1 4 1 0 ftttt
0101ft	0122230444ttttf	1 0 1 2 1 3 1 4 1 0 ftttt
0101ft	0122231444ttttf	1 0 1 2 1 3 1 4 1 0 ftttt
0101ft	0122232444ttttf	1 0 1 2 1 3 1 4 1 0 ftttt
0101ft	0122233444ttttf	1 0 1 2 1 3 1 4 1 0 ftttt
0101ft	0122234444ttttf	1 0 1 2 1 3 1 4 1 0 ftttt
0101ft	0122330444ttttf	1 0 1 2 1 3 1 4 1 0 ftttt
0101ft	0122331444ttttf	1 0 1 2 1 3 1 4 1 0 ftttt
0101ft	0122332444ttttf	1 0 1 2 1 3 1 4 1 0 ftttt
0101ft	0122333444ttttf	1 0 1 2 1 3 1 4 1 0 ftttt
0101ft	0122334444ttttf	1 0 1 2 1 3 1 4 1 0 ftttt
0101ft	0122343303tttft	1 0 1 2 1 3 1 4 1 0 ftttt
0101ft	0122343313tttft	1 0 1 2 1 3 1 4 1 0 ftttt
0101ft	0122343323tttft	1 0 1 2 1 3 1 4 1 0 ftttt
0101ft	0122343333tttft	1 0 1 2 1 3 1 4 1 0 ftttt
0101ft	0122343343tttft	1 0 1 2 1 3 1 4 1 0 ftttt
0101ft	0123040244ttttf	1 0 1 2 1 3 1 4 1 0 ftttt
0101ft	0123041244ttttf	1 0 1 2 1 3 1 4 1 0 ftttt
0101ft	0123042244ttttf	1 0 1 2 1 3 1 4 1 0 ftttt
0101ft	0123043244ttttf	1 0 1 2 1 3 1 4 1 0 ftttt
0101ft	0123044244ttttf	1 0 1 2 1 3 1 4 1 0 ftttt
0101ft	0123140244ttttf	1 0 1 2 1 3 1 4 1 0 ftttt
0101ft	0123141244ttttf	1 0 1 2 1 3 1 4 1 0 ftttt
0101ft	0123142244ttttf	1 0 1 2 1 3 1 4 1 0 ftttt
0101ft	0123143244ttttf	1 0 1 2 1 3 1 4 1 0 ftttt
0101ft	0123144244ttttf	1 0 1 2 1 3 1 4 1 0 ftttt
0101ft	0123220402ttftt	1 0 1 2 1 3 1 4 1 0 ftttt
0101ft	0123220412ttftt	1 0 1 2 1 3 1 4 1 0 ftttt
0101ft	0123220422ttftt	1 0 1 2 1 3 1 4 1 0 ftttt
0101ft	0123220432ttftt	1 0 1 2 1 3 1 4 1 0 ftttt
0101ft	0123220442ttftt	1 0 1 2 1 3 1 4 1 0 ftttt
0101ft	0123221402ttftt	1 0 1 2 1 3 1 4 1 0 ftttt
0101ft	0123221412ttftt	1 0 1 2 1 3 1 4 1 0 ftttt
0101ft	0123221422ttftt	1 0 1 2 1 3 1 4 1 0 ftttt
0101ft	0123221432ttftt	1 0 1 2 1 3 1 4 1 0 ftttt
0101ft	0123221442ttftt	1 0 1 2 1 3 1 4 1 0 ftttt
0101ft	0123222402ttftt	1 0 1 2 1 3 1 4 1 0 ftttt
0101ft	0123222412ttftt	1 0 1 2 1 3 1 4 1 0 ftttt
0101ft	0123222422ttftt	1 0 1 2 1 3 1 4 1 0 ftttt
0101ft	0123222432ttftt	1 0 1 2 1 3 1 4 1 0 ftttt
0101ft	0123222442ttftt	1 0 1 2 1 3 1 4 1 0 ftttt
0101ft	0123223402ttftt	1 0 1 2 1 3 1 4 1 0 ftttt
0101ft	0123223412ttftt	1 0 1 2 1 3 1 4 1 0 ftttt
0101ft	0123223422ttftt	1 0 1 2 1 3 1 4 1 0 ftttt
0101ft	0123223432ttftt	1 0 1 2 1 3 1 4 1 0 ftttt
0101ft	0123223442ttftt	1 0 1 2 1 3 1 4 1 0 ftttt
0101ft	0123224402ttftt	1 0 1 2 1 3 1 4 1 0 ftttt
0101ft	0123224412ttftt	1 0 1 2 1 3 1 4 1 0 ftttt
0101ft	0123224422ttftt	1 0 1 2 1 3 1 4 1 0 ftttt
0101ft	0123224432ttftt	1 0 1 2 1 3 1 4 1 0 ftttt
0101ft	0123224442ttftt	1 0 1 2 1 3 1 4 1 0 ftttt
0101ft	0123240244ttttf	1 0 1 2 1 3 1 4 1 0 ftttt
0101ft	0123241244ttttf	1 0 1 2 1 3 1 4 1 0 ftttt
0101ft	0123242244ttttf	1 0 1 2 1 3 1 4 1 0 ftttt
0101ft	0123243244ttttf	1 0 1 2 1 3 1 4 1 0 ftttt
0101ft	0123244244ttttf	1 0 1 2 1 3 1 4 1 0 ftttt
0101ft	0123340244ttttf	1 0 1 2 1 3 1 4 1 0 ftttt
0101ft	0123341244ttttf	1 0 1 2 1 3 1 4 1 0 ftttt
0101ft	0123342244ttttf	1 0 1 2 1 3 1 4 1 0 ftttt
0101ft	0123343244ttttf	1 0 1 2 1 3 1 4 1 0 ftttt
0101ft	0123344244ttttf	1 0 1 2 1 3 1 4 1 0 ftttt
0101ft	0123440244ttttf	1 0 1 2 1 3 1 4 1 0 ftttt
0101ft	0123441244ttttf	1 0 1 2 1 3 1 4 1 0 ftttt
0101ft	0123442244ttttf	1 0 1 2 1 3 1 4 1 0 ftttt
0101ft	0123443244ttttf	1 0 1 2 1 3 1 4 1 0 ftttt
0101ft	0123444244ttttf	1 0 1 2 1 3 1 4 1 0 ftttt
0101ft	1102030444ttttf	1 0 1 2 1 3 1 4 1 0 ftttt
0101ft	1102031444ttttf	1 0 1 2 1 3 1 4 1 0 ftttt
0101ft	1102032444ttttf	1 0 1 2 1 3 1 4 1 0 ftttt
0101ft	1102033444ttttf	1 0 1 2 1 3 1 4 1 0 ftttt
0101ft	1102034444ttttf	1 0 1 2 1 3 1 4 1 0 ftttt
0101ft	1102130444ttttf	1 0 1 2 1 3 1 4 1 0 ftttt
0101ft	1102131444ttttf	1 0 1 2 1 3 1 4 1 0 ftttt
0101ft	1102132444ttttf	1 0 1 2 1 3 1 4 1 0 ftttt
0101ft	1102133444ttttf	1 0 1 2 1 3 1 4 1 0 ftttt
0101ft	1102134444ttttf	1 0 1 2 1 3 1 4 1 0 ftttt
0101ft	1102230444ttttf	1 0 1 2 1 3 1 4 1 0 ftttt
0101ft	1102231444ttttf	1 0 1 2 1 3 1 4 1 0 ftttt
0101ft	1102232444ttttf	1 0 1 2 1 3 1 4 1 0 ftttt
0101ft	1102233444ttttf	1 0 1 2 1 3 1 4 1 0 ftttt
0101ft	1102234444ttttf	1 0 1 2 1 3 1 4 1 0 ftttt
0101ft	1102330444ttttf	1 0 1 2 1 3 1 4 1 0 ftttt
0101ft	1102331444ttttf	1 0 1 2 1 3 1 4 1 0 ftttt
0101ft	1102332444ttttf	1 0 1 2 1 3 1 4 1 0 ftttt
0101ft	1102333444ttttf	1 0 1 2 1 3 1 4 1 0 ftttt
0101ft	1102334444ttttf	1 0 1 2 1 3 1 4 1 0 ftttt
0101ft	1102343303tttft	1 0 1 2 1 3 1 4 1 0 ftttt
0101ft	1102343313tttft	1 0 1 2 1 3 1 4 1 0 ftttt
0101ft	1102343323tttft	1 0 1 2 1 3 1 4 1 0 ftttt
0101ft	1102343333tttft	1 0 1 2 1 3 1 4 1 0 ftttt
0101ft	1102343343tttft	1 0 1 2 1 3 1 4 1 0 ftttt
0101ft	1112030444ttttf	1 0 1 2 1 3 1 4 1 0 ftttt
0101ft	1112031444ttttf	1 0 1 2 1 3 1 4 1 0 ftttt
0101ft	1112032444ttttf	1 0 1 2 1 3 1 4 1 0 ftttt
0101ft	1112033444ttttf	1 0 1 2 1 3 1 4 1 0 ftttt
0101ft	1112034444ttttf	1 0 1 2 1 3 1 4 1 0 ftttt
0101ft	1112130444ttttf	1 0 1 2 1 3 1 4 1 0 ftttt
0101ft	1112131444ttttf	1 0 1 2 1 3 1 4 1 0 ftttt
0101ft	1112132444ttttf	1 0 1 2 1 3 1 4 1 0 ftttt
0101ft	1112133444ttttf	1 0 1 2 1 3 1 4 1 0 ftttt
0101ft	1112134444ttttf	1 0 1 2 1 3 1 4 1 0 ftttt
0101ft	1112230444ttttf	1 0 1 2 1 3 1 4 1 0 ftttt
0101ft	1112231444ttttf	1 0 1 2 1 3 1 4 1 0 ftttt
0101ft	1112232444ttttf	1 0 1 2 1 3 1 4 1 0 ftttt
0101ft	1112233444ttttf	1 0 1 2 1 3 1 4 1 0 ftttt
0101ft	1112234444ttttf	1 0 1 2 1 3 1 4 1 0 ftttt
0101ft	1112330444ttttf	1 0 1 2 1 3 1 4 1 0 ftttt
0101ft	1112331444ttttf	1 0 1 2 1 3 1 4 1 0 ftttt
0101ft	1112332444ttttf	1 0 1 2 1 3 1 4 1 0 ftttt
0101ft	1112333444ttttf	1 0 1 2 1 3 1 4 1 0 ftttt
0101ft	1112334444ttttf	1 0 1 2 1 3 1 4 1 0 ftttt
0101ft	1112343303tttft	1 0 1 2 1 3 1 4 1 0 ftttt
0101ft	1112343313tttft	1 0 1 2 1 3 1 4 1 0 ftttt
0101ft	1112343323tttft	1 0 1 2 1 3 1 4 1 0 ftttt
0101ft	1112343333tttft	1 0 1 2 1 3 1 4 1 0 ftttt
0101ft	1112343343tttft	1 0 1 2 1 3 1 4 1 0 ftttt
0101ft	1122030444ttttf	1 0 1 2 1 3 1 4 1 0 ftttt
0101ft	1122031444ttttf	1 0 1 2 1 3 1 4 1 0 ftttt
0101ft	1122032444ttttf	1 0 1 2 1 3 1 4 1 0 ftttt
0101ft	1122033444ttttf	1 0 1 2 1 3 1 4 1 0 ftttt
0101ft	1122034444ttttf	1 0 1 2 1 3 1 4 1 0 ftttt
0101ft	1122130444ttttf	1 0 1 2 1 3 1 4 1 0 ftttt
0101ft	1122131444ttttf	1 0 1 2 1 3 1 4 1 0 ftttt
0101ft	1122132444ttttf	1 0 1 2 1 3 1 4 1 0 ftttt
0101ft	1122133444ttttf	1 0 1 2 1 3 1 4 1 0 ftttt
0101ft	1122134444ttttf	1 0 1 2 1 3 1 4 1 0 ftttt
0101ft	1122230444ttttf	1 0 1 2 1 3 1 4 1 0 ftttt
0101ft	1122231444ttttf	1 0 1 2 1 3 1 4 1 0 ftttt
0101ft	1122232444ttttf	1 0 1 2 1 3 1 4 1 0 ftttt
0101ft	1122233444ttttf	1 0 1 2 1 3 1 4 1 0 ftttt
0101ft	1122234444ttttf	1 0 1 2 1 3 1 4 1 0 ftttt
0101ft	1122330444ttttf	1 0 1 2 1 3 1 4 1 0 ftttt
0101ft	1122331444ttttf	1 0 1 2 1 3 1 4 1 0 ftttt
0101ft	1122332444ttttf	1 0 1 2 1 3 1 4 1 0 ftttt
0101ft	1122333444ttttf	1 0 1 2 1 3 1 4 1 0 ftttt
0101ft	1122334444ttttf	1 0 1 2 1 3 1 4 1 0 ftttt
0101ft	1122343303tttft	1 0 1 2 1 3 1 4 1 0 ftttt
0101ft	1122343313tttft	1 0 1 2 1 3 1 4 1 0 ftttt
0101ft	1122343323tttft	1 0 1 2 1 3 1 4 1 0 ftttt
0101ft	1122343333tttft	1 0 1 2 1 3 1 4 1 0 ftttt
0101ft	1122343343tttft	1 0 1 2 1 3 1 4 1 0 ftttt
0101ft	1123040244ttttf	1 0 1 2 1 3 1 4 1 0 ftttt
0101ft	1123041244ttttf	1 0 1 2 1 3 1 4 1 0 ftttt
0101ft	1123042244ttttf	1 0 1 2 1 3 1 4 1 0 ftttt
0101ft	1123043244ttttf	1 0 1 2 1 3 1 4 1 0 ftttt
0101ft	1123044244ttttf	1 0 1 2 1 3 1 4 1 0 ftttt
0101ft	1123140244ttttf	1 0 1 2 1 3 1 4 1 0 ftttt
0101ft	1123141244ttttf	1 0 1 2 1 3 1 4 1 0 ftttt
0101ft	1123142244ttttf	1 0 1 2 1 3 1 4 1 0 ftttt
0101ft	1123143244ttttf	1 0 1 2 1 3 1 4 1 0 ftttt
0101ft	1123144244ttttf	1 0 1 2 1 3 1 4 1 0 ftttt
0101ft	1123220402ttftt	1 0 1 2 1 3 1 4 1 0 ftttt
0101ft	1123220412ttftt	1 0 1 2 1 3 1 4 1 0 ftttt
0101ft	1123220422ttftt	1 0 1 2 1 3 1 4 1 0 ftttt
0101ft	1123220432ttftt	1 0 1 2 1 3 1 4 1 0 ftttt
0101ft	1123220442ttftt	1 0 1 2 1 3 1 4 1 0 ftttt
0101ft	1123221402ttftt	1 0 1 2 1 3 1 4 1 0 ftttt
0101ft	1123221412ttftt	1 0 1 2 1 3 1 4 1 0 ftttt
0101ft	1123221422ttftt	1 0 1 2 1 3 1 4 1 0 ftttt
0101ft	1123221432ttftt	1 0 1 2 1 3 1 4 1 0 ftttt
0101ft	1123221442ttftt	1 0 1 2 1 3 1 4 1 0 ftttt
0101ft	1123222402ttftt	1 0 1 2 1 3 1 4 1 0 ftttt
0101ft	1123222412ttftt	1 0 1 2 1 3 1 4 1 0 ftttt
0101ft	1123222422ttftt	1 0 1 2 1 3 1 4 1 0 ftttt
0101ft	1123222432ttftt	1 0 1 2 1 3 1 4 1 0 ftttt
0101ft	1123222442ttftt	1 0 1 2 1 3 1 4 1 0 ftttt
0101ft	1123223402ttftt	1 0 1 2 1 3 1 4 1 0 ftttt
0101ft	1123223412ttftt	1 0 1 2 1 3 1 4 1 0 ftttt
0101ft	1123223422ttftt	1 0 1 2 1 3 1 4 1 0 ftttt
0101ft	1123223432ttftt	1 0 1 2 1 3 1 4 1 0 ftttt
0101ft	1123223442ttftt	1 0 1 2 1 3 1 4 1 0 ftttt
0101ft	1123224402ttftt	1 0 1 2 1 3 1 4 1 0 ftttt
0101ft	1123224412ttftt	1 0 1 2 1 3 1 4 1 0 ftttt
0101ft	1123224422ttftt	1 0 1 2 1 3 1 4 1 0 ftttt
0101ft	1123224432ttftt	1 0 1 2 1 3 1 4 1 0 ftttt
0101ft	1123224442ttftt	1 0 1 2 1 3 1 4 1 0 ftttt
0101ft	1123240244ttttf	1 0 1 2 1 3 1 4 1 0 ftttt
0101ft	1123241244ttttf	1 0 1 2 1 3 1 4 1 0 ftttt
0101ft	1123242244ttttf	1 0 1 2 1 3 1 4 1 0 ftttt
0101ft	1123243244ttttf	1 0 1 2 1 3 1 4 1 0 ftttt
0101ft	1123244244ttttf	1 0 1 2 1 3 1 4 1 0 ftttt
0101ft	1123344244ttttf	1 0 1 2 1 3 1 4 1 0 ftttt
0101ft	1203010444ttttf	1 0 1 2 1 3 1 4 1 0 ftttt
0101ft	1203011444ttttf	1 0 1 2 1 3 1 4 1 0 ftttt
0101ft	1203012444ttttf	1 0 1 2 1 3 1 4 1 0 ftttt
0101ft	1203013444ttttf	1 0 1 2 1 3 1 4 1 0 ftttt
0101ft	1203014444ttttf	1 0 1 2 1 3 1 4 1 0 ftttt
0101ft	1203043301tttft	1 0 1 2 1 3 1 4 1 0 ftttt
0101ft	1203043311tttft	1 0 1 2 1 3 1 4 1 0 ftttt
0101ft	1203043321tttft	1 0 1 2 1 3 1 4 1 0 ftttt
0101ft	1203043331tttft	1 0 1 2 1 3 1 4 1 0 ftttt
0101ft	1203043341tttft	1 0 1 2 1 3 1 4 1 0 ftttt
0101ft	1203110444ttttf	1 0 1 2 1 3 1 4 1 0 ftttt
0101ft	1203111444ttttf	1 0 1 2 1 3 1 4 1 0 ftttt
0101ft	1203112444ttttf	1 0 1 2 1 3 1 4 1 0 ftttt
0101ft	1203113444ttttf	1 0 1 2 1 3 1 4 1 0 ftttt
0101ft	1203114444ttttf	1 0 1 2 1 3 1 4 1 0 ftttt
0101ft	1203143301tttft	1 0 1 2 1 3 1 4 1 0 ftttt
0101ft	1203143311tttft	1 0 1 2 1 3 1 4 1 0 ftttt
0101ft	1203143321tttft	1 0 1 2 1 3 1 4 1 0 ftttt
0101ft	1203143331tttft	1 0 1 2 1 3 1 4 1 0 ftttt
0101ft	1203143341tttft	1 0 1 2 1 3 1 4 1 0 ftttt
0101ft	1203210444ttttf	1 0 1 2 1 3 1 4 1 0 ftttt
0101ft	1203211444ttttf	1 0 1 2 1 3 1 4 1 0 ftttt
0101ft	1203212444ttttf	1 0 1 2 1 3 1 4 1 0 ftttt
0101ft	1203213444ttttf	1 0 1 2 1 3 1 4 1 0 ftttt
0101ft	1203214444ttttf	1 0 1 2 1 3 1 4 1 0 ftttt
0101ft	1203243301tttft	1 0 1 2 1 3 1 4 1 0 ftttt
0101ft	1203243311tttft	1 0 1 2 1 3 1 4 1 0 ftttt
0101ft	1203243321tttft	1 0 1 2 1 3 1 4 1 0 ftttt
0101ft	1203243331tttft	1 0 1 2 1 3 1 4 1 0 ftttt
0101ft	1203243341tttft	1 0 1 2 1 3 1 4 1 0 ftttt
0101ft	1203310444ttttf	1 0 1 2 1 3 1 4 1 0 ftttt
0101ft	1203311444ttttf	1 0 1 2 1 3 1 4 1 0 ftttt
0101ft	1203312444ttttf	1 0 1 2 1 3 1 4 1 0 ftttt
0101ft	1203313444ttttf	1 0 1 2 1 3 1 4 1 0 ftttt
0101ft	1203314444ttttf	1 0 1 2 1 3 1 4 1 0 ftttt
0101ft	1203343301tttft	1 0 1 2 1 3 1 4 1 0 ftttt
0101ft	1203343311tttft	1 0 1 2 1 3 1 4 1 0 ftttt
0101ft	1203343321tttft	1 0 1 2 1 3 1 4 1 0 ftttt
0101ft	1203343331tttft	1 0 1 2 1 3 1 4 1 0 ftttt
0101ft	1203343341tttft	1 0 1 2 1 3 1 4 1 0 ftttt
0101ft	1203410444ttttf	1 0 1 2 1 3 1 4 1 0 ftttt
0101ft	1203411444ttttf	1 0 1 2 1 3 1 4 1 0 ftttt
0101ft	1203412444ttttf	1 0 1 2 1 3 1 4 1 0 ftttt
0101ft	1203413444ttttf	1 0 1 2 1 3 1 4 1 0 ftttt
0101ft	1203414444ttttf	1 0 1 2 1 3 1 4 1 0 ftttt
0101ft	1203443301tttft	1 0 1 2 1 3 1 4 1 0 ftttt
0101ft	1203443311tttft	1 0 1 2 1 3 1 4 1 0 ftttt
0101ft	1203443321tttft	1 0 1 2 1 3 1 4 1 0 ftttt
0101ft	1203443331tttft	1 0 1 2 1 3 1 4 1 0 ftttt
0101ft	1203443341tttft	1 0 1 2 1 3 1 4 1 0 ftttt
0101ft	1211030401tfttt	1 0 1 2 1 3 1 4 1 0 ftttt
0101ft	1211030411tfttt	1 0 1 2 1 3 1 4 1 0 ftttt
0101ft	1211030421tfttt	1 0 1 2 1 3 1 4 1 0 ftttt
0101ft	1211030431tfttt	1 0 1 2 1 3 1 4 1 0 ftttt
0101ft	1211030441tfttt	1 0 1 2 1 3 1 4 1 0 ftttt
0101ft	1211031401tfttt	1 0 1 2 1 3 1 4 1 0 ftttt
0101ft	1211031411tfttt	1 0 1 2 1 3 1 4 1 0 ftttt
0101ft	1211031421tfttt	1 0 1 2 1 3 1 4 1 0 ftttt
0101ft	1211031431tfttt	1 0 1 2 1 3 1 4 1 0 ftttt
0101ft	1211031441tfttt	1 0 1 2 1 3 1 4 1 0 ftttt
0101ft	1211032401tfttt	1 0 1 2 1 3 1 4 1 0 ftttt
0101ft	1211032411tfttt	1 0 1 2 1 3 1 4 1 0 ftttt
0101ft	1211032421tfttt	1 0 1 2 1 3 1 4 1 0 ftttt
0101ft	1211032431tfttt	1 0 1 2 1 3 1 4 1 0 ftttt
0101ft	1211032441tfttt	1 0 1 2 1 3 1 4 1 0 ftttt
0101ft	1211033401tfttt	1 0 1 2 1 3 1 4 1 0 ftttt
0101ft	1211033411tfttt	1 0 1 2 1 3 1 4 1 0 ftttt
0101ft	1211033421tfttt	1 0 1 2 1 3 1 4 1 0 ftttt
0101ft	1211033431tfttt	1 0 1 2 1 3 1 4 1 0 ftttt
0101ft	1211033441tfttt	1 0 1 2 1 3 1 4 1 0 ftttt
0101ft	1211034401tfttt	1 0 1 2 1 3 1 4 1 0 ftttt
0101ft	1211034411tfttt	1 0 1 2 1 3 1 4 1 0 ftttt
0101ft	1211034421tfttt	1 0 1 2 1 3 1 4 1 0 ftttt
0101ft	1211034431tfttt	1 0 1 2 1 3 1 4 1 0 ftttt
0101ft	1211034441tfttt	1 0 1 2 1 3 1 4 1 0 ftttt
0101ft	1211130401tfttt	1 0 1 2 1 3 1 4 1 0 ftttt
0101ft	1211130411tfttt	1 0 1 2 1 3 1 4 1 0 ftttt
0101ft	1211130421tfttt	1 0 1 2 1 3 1 4 1 0 ftttt
0101ft	1211130431tfttt	1 0 1 2 1 3 1 4 1 0 ftttt
0101ft	1211130441tfttt	1 0 1 2 1 3 1 4 1 0 ftttt
0101ft	1211131401tfttt	1 0 1 2 1 3 1 4 1 0 ftttt
0101ft	1211131411tfttt	1 0 1 2 1 3 1 4 1 0 ftttt
0101ft	1211131421tfttt	1 0 1 2 1 3 1 4 1 0 ftttt
0101ft	1211131431tfttt	1 0 1 2 1 3 1 4 1 0 ftttt
0101ft	1211131441tfttt	1 0 1 2 1 3 1 4 1 0 ftttt
0101ft	1211132401tfttt	1 0 1 2 1 3 1 4 1 0 ftttt
0101ft	1211132411tfttt	1 0 1 2 1 3 1 4 1 0 ftttt
0101ft	1211132421tfttt	1 0 1 2 1 3 1 4 1 0 ftttt
0101ft	1211132431tfttt	1 0 1 2 1 3 1 4 1 0 ftttt
0101ft	1211132441tfttt	1 0 1 2 1 3 1 4 1 0 ftttt
0101ft	1211133401tfttt	1 0 1 2 1 3 1 4 1 0 ftttt
0101ft	1211133411tfttt	1 0 1 2 1 3 1 4 1 0 ftttt
0101ft	1211133421tfttt	1 0 1 2 1 3 1 4 1 0 ftttt
0101ft	1211133431tfttt	1 0 1 2 1 3 1 4 1 0 ftttt
0101ft	1211133441tfttt	1 0 1 2 1 3 1 4 1 0 ftttt
0101ft	1211134401tfttt	1 0 1 2 1 3 1 4 1 0 ftttt
0101ft	1211134411tfttt	1 0 1 2 1 3 1 4 1 0 ftttt
0101ft	1211134421tfttt	1 0 1 2 1 3 1 4 1 0 ftttt
0101ft	1211134431tfttt	1 0 1 2 1 3 1 4 1 0 ftttt
0101ft	1211134441tfttt	1 0 1 2 1 3 1 4 1 0 ftttt
0101ft	1211230401tfttt	1 0 1 2 1 3 1 4 1 0 ftttt
0101ft	1211230411tfttt	1 0 1 2 1 3 1 4 1 0 ftttt
0101ft	1211230421tfttt	1 0 1 2 1 3 1 4 1 0 ftttt
0101ft	1211230431tfttt	1 0 1 2 1 3 1 4 1 0 ftttt
0101ft	1211230441tfttt	1 0 1 2 1 3 1 4 1 0 ftttt
0101ft	1211231401tfttt	1 0 1 2 1 3 1 4 1 0 ftttt
0101ft	1211231411tfttt	1 0 1 2 1 3 1 4 1 0 ftttt
0101ft	1211231421tfttt	1 0 1 2 1 3 1 4 1 0 ftttt
0101ft	1211231431tfttt	1 0 1 2 1 3 1 4 1 0 ftttt
0101ft	1211231441tfttt	1 0 1 2 1 3 1 4 1 0 ftttt
0101ft	1211232401tfttt	1 0 1 2 1 3 1 4 1 0 ftttt
0101ft	1211232411tfttt	1 0 1 2 1 3 1 4 1 0 ftttt
0101ft	1211232421tfttt	1 0 1 2 1 3 1 4 1 0 ftttt
0101ft	1211232431tfttt	1 0 1 2 1 3 1 4 1 0 ftttt
0101ft	1211232441tfttt	1 0 1 2 1 3 1 4 1 0 ftttt
0101ft	1211233401tfttt	1 0 1 2 1 3 1 4 1 0 ftttt
0101ft	1211233411tfttt	1 0 1 2 1 3 1 4 1 0 ftttt
0101ft	1211233421tfttt	1 0 1 2 1 3 1 4 1 0 ftttt
0101ft	1211233431tfttt	1 0 1 2 1 3 1 4 1 0 ftttt
0101ft	1211233441tfttt	1 0 1 2 1 3 1 4 1 0 ftttt
0101ft	1211234401tfttt	1 0 1 2 1 3 1 4 1 0 ftttt
0101ft	1211234411tfttt	1 0 1 2 1 3 1 4 1 0 ftttt
0101ft	1211234421tfttt	1 0 1 2 1 3 1 4 1 0 ftttt
0101ft	1211234431tfttt	1 0 1 2 1 3 1 4 1 0 ftttt
0101ft	1211234441tfttt	1 0 1 2 1 3 1 4 1 0 ftttt
0101ft	1211330401tfttt	1 0 1 2 1 3 1 4 1 0 ftttt
0101ft	1211330411tfttt	1 0 1 2 1 3 1 4 1 0 ftttt
0101ft	1211330421tfttt	1 0 1 2 1 3 1 4 1 0 ftttt
0101ft	1211330431tfttt	1 0 1 2 1 3 1 4 1 0 ftttt
0101ft	1211330441tfttt	1 0 1 2 1 3 1 4 1 0 ftttt
0101ft	1211331401tfttt	1 0 1 2 1 3 1 4 1 0 ftttt
0101ft	1211331411tfttt	1 0 1 2 1 3 1 4 1 0 ftttt
0101ft	1211331421tfttt	1 0 1 2 1 3 1 4 1 0 ftttt
0101ft	1211331431tfttt	1 0 1 2 1 3 1 4 1 0 ftttt
0101ft	1211331441tfttt	1 0 1 2 1 3 1 4 1 0 ftttt
0101ft	1211332401tfttt	1 0 1 2 1 3 1 4 1 0 ftttt
0101ft	1211332411tfttt	1 0 1 2 1 3 1 4 1 0 ftttt
0101ft	1211332421tfttt	1 0 1 2 1 3 1 4 1 0 ftttt
0101ft	1211332431tfttt	1 0 1 2 1 3 1 4 1 0 ftttt
0101ft	1211332441tfttt	1 0 1 2 1 3 1 4 1 0 ftttt
0101ft	1211333401tfttt	1 0 1 2 1 3 1 4 1 0 ftttt
0101ft	1211333411tfttt	1 0 1 2 1 3 1 4 1 0 ftttt
0101ft	1211333421tfttt	1 0 1 2 1 3 1 4 1 0 ftttt
0101ft	1211333431tfttt	1 0 1 2 1 3 1 4 1 0 ftttt
0101ft	1211333441tfttt	1 0 1 2 1 3 1 4 1 0 ftttt
0101ft	1211334401tfttt	1 0 1 2 1 3 1 4 1 0 ftttt
0101ft	1211334411tfttt	1 0 1 2 1 3 1 4 1 0 ftttt
0101ft	1211334421tfttt	1 0 1 2 1 3 1 4 1 0 ftttt
0101ft	1211334431tfttt	1 0 1 2 1 3 1 4 1 0 ftttt
0101ft	1211334441tfttt	1 0 1 2 1 3 1 4 1 0 ftttt
0101ft	1211340103tfttt	1 0 1 2 1 3 1 4 1 0 ftttt
0101ft	1211340113tfttt	1 0 1 2 1 3 1 4 1 0 ftttt
0101ft	1211340123tfttt	1 0 1 2 1 3 1 4 1 0 ftttt
0101ft	1211340133tfttt	1 0 1 2 1 3 1 4 1 0 ftttt
0101ft	1211340143tfttt	1 0 1 2 1 3 1 4 1 0 ftttt
0101ft	1211341103tfttt	1 0 1 2 1 3 1 4 1 0 ftttt
0101ft	1211341113tfttt	1 0 1 2 1 3 1 4 1 0 ftttt
0101ft	1211341123tfttt	1 0 1 2 1 3 1 4 1 0 ftttt
0101ft	1211341133tfttt	1 0 1 2 1 3 1 4 1 0 ftttt
0101ft	1211341143tfttt	1 0 1 2 1 3 1 4 1 0 ftttt
0101ft	1211342103tfttt	1 0 1 2 1 3 1 4 1 0 ftttt
0101ft	1211342113tfttt	1 0 1 2 1 3 1 4 1 0 ftttt
0101ft	1211342123tfttt	1 0 1 2 1 3 1 4 1 0 ftttt
0101ft	1211342133tfttt	1 0 1 2 1 3 1 4 1 0 ftttt
0101ft	1211342143tfttt	1 0 1 2 1 3 1 4 1 0 ftttt
0101ft	1211343103tfttt	1 0 1 2 1 3 1 4 1 0 ftttt
0101ft	1211343113tfttt	1 0 1 2 1 3 1 4 1 0 ftttt
0101ft	1211343123tfttt	1 0 1 2 1 3 1 4 1 0 ftttt
0101ft	1211343133tfttt	1 0 1 2 1 3 1 4 1 0 ftttt
0101ft	1211343143tfttt	1 0 1 2 1 3 1 4 1 0 ftttt
0101ft	1211344103tfttt	1 0 1 2 1 3 1 4 1 0 ftttt
0101ft	1211344113tfttt	1 0 1 2 1 3 1 4 1 0 ftttt
0101ft	1211344123tfttt	1 0 1 2 1 3 1 4 1 0 ftttt
0101ft	1211344133tfttt	1 0 1 2 1 3 1 4 1 0 ftttt
0101ft	1211344143tfttt	1 0 1 2 1 3 1 4 1 0 ftttt
0101ft	1213010444ttttf	1 0 1 2 1 3 1 4 1 0 ftttt
0101ft	1213011444ttttf	1 0 1 2 1 3 1 4 1 0 ftttt
0101ft	1213012444ttttf	1 0 1 2 1 3 1 4 1 0 ftttt
0101ft	1213013444ttttf	1 0 1 2 1 3 1 4 1 0 ftttt
0101ft	1213014444ttttf	1 0 1 2 1 3 1 4 1 0 ftttt
0101ft	1213043301tttft	1 0 1 2 1 3 1 4 1 0 ftttt
0101ft	1213043311tttft	1 0 1 2 1 3 1 4 1 0 ftttt
0101ft	1213043321tttft	1 0 1 2 1 3 1 4 1 0 ftttt
0101ft	1213043331tttft	1 0 1 2 1 3 1 4 1 0 ftttt
0101ft	1213043341tttft	1 0 1 2 1 3 1 4 1 0 ftttt
0101ft	1213110444ttttf	1 0 1 2 1 3 1 4 1 0 ftttt
0101ft	1213111444ttttf	1 0 1 2 1 3 1 4 1 0 ftttt
0101ft	1213112444ttttf	1 0 1 2 1 3 1 4 1 0 ftttt
0101ft	1213113444ttttf	1 0 1 2 1 3 1 4 1 0 ftttt
0101ft	1213114444ttttf	1 0 1 2 1 3 1 4 1 0 ftttt
0101ft	1213143301tttft	1 0 1 2 1 3 1 4 1 0 ftttt
0101ft	1213143311tttft	1 0 1 2 1 3 1 4 1 0 ftttt
0101ft	1213143321tttft	1 0 1 2 1 3 1 4 1 0 ftttt
0101ft	1213143331tttft	1 0 1 2 1 3 1 4 1 0 ftttt
0101ft	1213143341tttft	1 0 1 2 1 3 1 4 1 0 ftttt
0101ft	1213210444ttttf	1 0 1 2 1 3 1 4 1 0 ftttt
0101ft	1213211444ttttf	1 0 1 2 1 3 1 4 1 0 ftttt
0101ft	1213212444ttttf	1 0 1 2 1 3 1 4 1 0 ftttt
0101ft	1213213444ttttf	1 0 1 2 1 3 1 4 1 0 ftttt
0101ft	1213214444ttttf	1 0 1 2 1 3 1 4 1 0 ftttt
0101ft	1213243301tttft	1 0 1 2 1 3 1 4 1 0 ftttt
0101ft	1213243311tttft	1 0 1 2 1 3 1 4 1 0 ftttt
0101ft	1213243321tttft	1 0 1 2 1 3 1 4 1 0 ftttt
0101ft	1213243331tttft	1 0 1 2 1 3 1 4 1 0 ftttt
0101ft	1213243341tttft	1 0 1 2 1 3 1 4 1 0 ftttt
0101ft	1213310444ttttf	1 0 1 2 1 3 1 4 1 0 ftttt
0101ft	1213311444ttttf	1 0 1 2 1 3 1 4 1 0 ftttt
0101ft	1213312444ttttf	1 0 1 2 1 3 1 4 1 0 ftttt
0101ft	1213313444ttttf	1 0 1 2 1 3 1 4 1 0 ftttt
0101ft	1213314444ttttf	1 0 1 2 1 3 1 4 1 0 ftttt
0101ft	1213343301tttft	1 0 1 2 1 3 1 4 1 0 ftttt
0101ft	1213343311tttft	1 0 1 2 1 3 1 4 1 0 ftttt
0101ft	1213343321tttft	1 0 1 2 1 3 1 4 1 0 ftttt
0101ft	1213343331tttft	1 0 1 2 1 3 1 4 1 0 ftttt
0101ft	1213343341tttft	1 0 1 2 1 3 1 4 1 0 ftttt
0101ft	1213410444ttttf	1 0 1 2 1 3 1 4 1 0 ftttt
0101ft	1213411444ttttf	1 0 1 2 1 3 1 4 1 0 ftttt
0101ft	1213412444ttttf	1 0 1 2 1 3 1 4 1 0 ftttt
0101ft	1213413444ttttf	1 0 1 2 1 3 1 4 1 0 ftttt
0101ft	1213414444ttttf	1 0 1 2 1 3 1 4 1 0 ftttt
0101ft	1213443301tttft	1 0 1 2 1 3 1 4 1 0 ftttt
0101ft	1213443311tttft	1 0 1 2 1 3 1 4 1 0 ftttt
0101ft	1213443321tttft	1 0 1 2 1 3 1 4 1 0 ftttt
0101ft	1213443331tttft	1 0 1 2 1 3 1 4 1 0 ftttt
0101ft	1213443341tttft	1 0 1 2 1 3 1 4 1 0 ftttt
0101ft	1223043301tttft	1 0 1 2 1 3 1 4 1 0 ftttt
0101ft	1223043311tttft	1 0 1 2 1 3 1 4 1 0 ftttt
0101ft	1223043321tttft	1 0 1 2 1 3 1 4 1 0 ftttt
0101ft	1223043331tttft	1 0 1 2 1 3 1 4 1 0 ftttt
0101ft	1223043341tttft	1 0 1 2 1 3 1 4 1 0 ftttt
0101ft	1223143301tttft	1 0 1 2 1 3 1 4 1 0 ftttt
0101ft	1223143311tttft	1 0 1 2 1 3 1 4 1 0 ftttt
0101ft	1223143321tttft	1 0 1 2 1 3 1 4 1 0 ftttt
0101ft	1223143331tttft	1 0 1 2 1 3 1 4 1 0 ftttt
0101ft	1223143341tttft	1 0 1 2 1 3 1 4 1 0 ftttt
0101ft	1223243301tttft	1 0 1 2 1 3 1 4 1 0 ftttt
0101ft	1223243311tttft	1 0 1 2 1 3 1 4 1 0 ftttt
0101ft	1223243321tttft	1 0 1 2 1 3 1 4 1 0 ftttt
0101ft	1223243331tttft	1 0 1 2 1 3 1 4 1 0 ftttt
0101ft	1223243341tttft	1 0 1 2 1 3 1 4 1 0 ftttt
0101ft	1223310444ttttf	1 0 1 2 1 3 1 4 1 0 ftttt
0101ft	1223311444ttttf	1 0 1 2 1 3 1 4 1 0 ftttt
0101ft	1223312444ttttf	1 0 1 2 1 3 1 4 1 0 ftttt
0101ft	1223313444ttttf	1 0 1 2 1 3 1 4 1 0 ftttt
0101ft	1223314444ttttf	1 0 1 2 1 3 1 4 1 0 ftttt
0101ft	1223343301tttft	1 0 1 2 1 3 1 4 1 0 ftttt
0101ft	1223343311tttft	1 0 1 2 1 3 1 4 1 0 ftttt
0101ft	1223343321tttft	1 0 1 2 1 3 1 4 1 0 ftttt
0101ft	1223343331tttft	1 0 1 2 1 3 1 4 1 0 ftttt
0101ft	1223343341tttft	1 0 1 2 1 3 1 4 1 0 ftttt
0101ft	1223410444ttttf	1 0 1 2 1 3 1 4 1 0 ftttt
0101ft	1223411444ttttf	1 0 1 2 1 3 1 4 1 0 ftttt
0101ft	1223412444ttttf	1 0 1 2 1 3 1 4 1 0 ftttt
0101ft	1223443301tttft	1 0 1 2 1 3 1 4 1 0 ftttt
0101ft	1223443311tttft	1 0 1 2 1 3 1 4 1 0 ftttt
0101ft	1223443321tttft	1 0 1 2 1 3 1 4 1 0 ftttt
0101ft	1223443331tttft	1 0 1 2 1 3 1 4 1 0 ftttt
0101ft	1223443341tttft	1 0 1 2 1 3 1 4 1 0 ftttt
0101ft	1233343301tttft	1 0 1 2 1 3 1 4 1 0 ftttt
0101ft	1233343311tttft	1 0 1 2 1 3 1 4 1 0 ftttt
0101ft	1233343321tttft	1 0 1 2 1 3 1 4 1 0 ftttt
0101ft	1233343331tttft	1 0 1 2 1 3 1 4 1 0 ftttt
0101ft	1233343341tttft	1 0 1 2 1 3 1 4 1 0 ftttt
0101ft	1234430144ttttf	1 0 1 2 1 3 1 4 1 0 ftttt
0101ft	1234431144ttttf	1 0 1 2 1 3 1 4 1 0 ftttt
0101ft	1234432144ttttf	1 0 1 2 1 3 1 4 1 0 ftttt
