010212fft	0120324344ttttf	1 0 4 0 3 6 4 6 4 5 4 2 7 2 4 8 9 8 4 10 1 10 ffttttttttt
010212fft	0120334244ttttf	1 0 4 0 3 6 4 6 4 5 4 2 9 2 4 8 7 10 4 10 1 8 ffttttttttt
010212fft	0120343342tttft	1 0 4 0 3 6 4 6 4 5 4 2 7 2 4 8 9 10 4 10 1 8 ffttttttttt
010212fft	0122304344ttttf	1 0 4 0 3 6 4 6 4 7 4 2 5 8 4 8 9 2 4 10 1 10 ffttttttttt
010212fft	0122334044ttttf	1 0 4 0 3 6 4 6 4 7 4 2 9 8 4 8 5 10 4 10 1 2 ffttttttttt
010212fft	0122343340tttft	1 0 4 0 3 8 4 8 4 9 4 6 7 2 4 2 5 10 4 10 1 6 ffttttttttt
010212fft	0123223440ttftt	1 0 4 0 3 10 4 10 4 5 4 6 7 8 4 8 9 2 4 2 1 6 ffttttttttt
010212fft	0123224034ttftt	1 0 4 0 3 10 4 10 4 6 4 7 4 8 9 7 5 2 4 2 1 8 ffttttttttt
010212fft	0123224430ttftt	1 0 4 0 3 10 4 10 4 5 4 6 9 8 4 8 7 2 4 2 1 6 ffttttttttt
010212fft	0123304244ttttf	1 0 4 0 3 8 4 8 4 9 7 2 4 2 4 5 6 10 4 10 1 5 ffttttttttt
010212fft	0123324044ttttf	1 0 4 0 3 8 4 8 4 9 7 5 4 5 4 2 6 10 4 10 1 2 ffttttttttt
010212fft	0123403244ttttf	1 0 4 0 3 6 4 6 4 7 4 2 5 8 4 8 9 10 4 10 1 2 ffttttttttt
010212fft	0123423044ttttf	1 0 4 0 3 8 4 8 4 5 4 6 7 2 4 2 9 6 4 10 1 10 ffttttttttt
010212fft	1200314344ttttf	1 0 4 0 7 8 4 8 4 5 4 6 3 2 4 2 9 6 4 10 1 10 ffttttttttt
010212fft	1200334144ttttf	1 0 4 0 6 8 4 8 4 9 3 2 4 2 4 5 7 10 4 10 1 5 ffttttttttt
010212fft	1200343341tttft	1 0 4 0 9 10 4 10 4 5 4 6 7 8 4 8 3 2 4 2 1 6 ffttttttttt
010212fft	1201304344ttttf	1 0 4 0 5 8 4 8 4 7 4 6 3 6 4 2 9 2 4 10 1 10 ffttttttttt
010212fft	1201334044ttttf	1 0 4 0 6 8 4 8 4 9 3 5 4 5 4 2 7 10 4 10 1 2 ffttttttttt
010212fft	1201343340tttft	1 0 4 0 5 10 4 10 4 6 4 7 4 8 3 7 9 2 4 2 1 8 ffttttttttt
010212fft	1203314044ttttf	1 0 4 0 9 6 4 6 4 7 4 2 5 8 4 8 3 10 4 10 1 2 ffttttttttt
010212fft	1203403144ttttf	1 0 4 0 5 10 4 10 4 9 4 6 7 8 4 8 3 6 4 2 1 2 ffttttttttt
010212fft	1203413044ttttf	1 0 4 0 5 10 4 10 4 6 4 8 4 7 3 8 9 2 4 2 1 7 ffttttttttt
010212fft	1211330440tfttt	1 0 4 0 1 5 4 5 4 6 8 7 4 7 3 9 4 9 10 2 4 2 ffttttttttt
010212fft	1211334004tfttt	1 0 4 0 1 7 4 7 4 8 3 5 4 5 10 9 4 9 6 2 4 2 ffttttttttt
010212fft	1211334400tfttt	1 0 4 0 1 5 4 5 4 6 8 7 4 7 10 9 4 9 3 2 4 2 ffttttttttt
010212fft	1211340043tfttt	1 0 4 0 1 6 4 6 4 5 4 7 10 7 8 9 4 9 3 2 4 2 ffttttttttt
010212fft	1211340340tfttt	1 0 4 0 1 7 4 7 4 8 3 5 4 5 6 9 4 9 10 2 4 2 ffttttttttt
010212fft	1211344003tfttt	1 0 4 0 1 6 4 6 4 5 4 7 10 7 3 9 4 9 8 2 4 2 ffttttttttt
010212fft	1211344300tfttt	1 0 4 0 1 6 4 6 4 7 4 8 5 9 4 9 10 8 3 2 4 2 ffttttttttt
010212fft	1230430144ttttf	1 0 4 0 8 10 4 10 4 5 4 9 4 7 6 2 4 2 3 7 1 9 ffttttttttt
010212fft	1230443301tttft	1 0 4 0 5 6 4 6 4 7 4 2 9 8 4 8 3 10 4 10 1 2 ffttttttttt
010212fft	1231430044ttttf	1 0 4 0 5 10 4 10 4 7 4 6 9 6 4 8 3 2 4 2 1 8 ffttttttttt
010212fft	1231443300tttft	1 0 4 0 9 5 4 5 4 6 8 7 4 7 3 2 4 2 4 10 1 10 ffttttttttt
