01021323ffft	01203233tttf	1 0 2 0 6 1 4 9 5 9 6 8 6 7 6 4 10 3 12 3 6 12 1 11 2 11 ffftttttttttt
01021323ffft	01223033tttf	1 0 2 0 6 1 4 8 5 8 6 9 6 10 6 4 12 11 7 11 6 12 1 3 2 3 ffftttttttttt
01021323ffft	01232230ttft	1 0 2 0 6 1 4 11 5 11 6 12 6 7 6 9 9 3 10 3 6 4 1 8 2 8 ffftttttttttt
01021323ffft	12003133tttf	1 0 2 0 6 1 9 11 10 11 6 12 6 7 6 9 4 3 5 3 6 4 1 8 2 8 ffftttttttttt
01021323ffft	12013033tttf	1 0 2 0 6 1 9 11 7 11 6 12 6 10 6 9 4 8 5 8 6 4 1 3 2 3 ffftttttttttt
01021323ffft	12113300tftt	1 0 2 0 6 1 1 7 2 7 6 8 6 9 11 10 12 10 6 11 4 3 5 3 6 4 ffftttttttttt
01230313ffft	01223033tttf	1 0 6 2 6 0 4 10 6 11 6 10 6 7 6 9 6 5 6 3 8 12 6 12 1 3 ffftttttttttt
01230313ffft	01232230ttft	1 0 6 2 6 0 5 12 6 12 6 8 6 7 6 11 6 9 10 3 6 4 6 3 1 9 ffftttttttttt
01230313ffft	12013033tttf	1 0 6 2 6 0 8 12 6 12 6 11 6 10 5 7 6 9 6 7 6 4 6 3 1 3 ffftttttttttt
01230313ffft	12110330tftt	1 0 6 2 6 0 1 8 6 9 6 8 6 10 6 5 4 11 6 11 6 12 7 3 6 3 ffftttttttttt
