0102132434fffft	0120324344ttttf	1 0 2 0 3 1 9 2 9 14 6 13 7 13 8 12 9 11 9 10 9 7 4 6 14 5 16 5 17 16 19 15 20 15 9 20 1 18 2 18 3 19 ffffttttttttttttttttt
0102132434fffft	0120334244ttttf	1 0 2 0 3 1 8 2 5 11 6 11 7 12 8 13 8 9 8 6 8 17 15 4 17 4 16 5 19 18 20 18 8 20 10 19 1 14 2 14 3 15 ffffttttttttttttttttt
0102132434fffft	0120343342tttft	1 0 2 0 3 1 9 2 9 16 6 12 7 12 8 13 9 10 9 11 4 6 9 7 19 5 20 5 15 18 16 18 17 19 9 20 1 14 2 14 3 15 ffffttttttttttttttttt
0102132434fffft	0122304344ttttf	1 0 2 0 3 1 5 2 5 8 5 10 7 11 8 11 9 12 5 13 5 14 16 15 14 15 4 16 17 7 19 6 20 6 5 20 1 18 2 18 3 19 ffffttttttttttttttttt
0102132434fffft	0122334044ttttf	1 0 2 0 3 1 9 2 5 10 7 10 9 7 8 11 9 12 9 13 15 14 17 14 16 15 9 17 19 18 20 18 9 20 6 19 1 4 2 4 3 5 ffffttttttttttttttttt
0102132434fffft	0122343340tttft	1 0 2 0 3 1 13 2 13 7 6 9 7 9 8 10 13 11 10 14 11 14 12 15 13 16 13 17 19 18 20 18 4 19 13 20 1 5 2 5 3 6 ffffttttttttttttttttt
0102132434fffft	0123223440ttftt	1 0 2 0 3 1 12 2 5 18 6 18 7 19 12 20 9 14 10 14 11 15 12 16 12 13 12 10 15 4 16 4 17 5 12 6 1 8 2 8 3 9 ffffttttttttttttttttt
0102132434fffft	0123224034ttftt	1 0 2 0 3 1 15 2 5 18 6 18 7 19 15 20 13 4 14 4 16 5 15 6 9 12 10 12 11 13 15 17 15 14 15 10 1 8 2 8 3 9 ffffttttttttttttttttt
0102132434fffft	0123224430ttftt	1 0 2 0 3 1 12 2 5 18 6 18 7 19 12 20 15 14 16 14 17 15 12 16 12 13 12 10 9 4 10 4 11 5 12 6 1 8 2 8 3 9 ffffttttttttttttttttt
0102132434fffft	0123304244ttttf	1 0 2 0 3 1 11 2 11 9 11 6 5 8 8 12 9 12 10 13 11 14 11 15 17 18 6 18 4 19 11 20 19 7 20 7 1 16 2 16 3 17 ffffttttttttttttttttt
0102132434fffft	0123324044ttttf	1 0 2 0 3 1 10 2 10 11 10 8 7 12 8 12 9 13 10 14 10 15 5 17 17 18 11 18 4 19 10 20 19 16 20 16 1 6 2 6 3 7 ffffttttttttttttttttt
0102132434fffft	0123403244ttttf	1 0 2 0 3 1 6 2 6 9 6 10 6 11 8 12 9 12 5 13 4 15 6 16 19 14 20 14 15 18 16 18 17 19 6 20 1 7 2 7 3 8 ffffttttttttttttttttt
0102132434fffft	0123423044ttttf	1 0 2 0 3 1 9 2 5 11 6 11 7 12 9 13 9 14 9 10 9 6 12 15 13 15 8 16 17 5 19 4 20 4 9 20 1 18 2 18 3 19 ffffttttttttttttttttt
0102132434fffft	1200314344ttttf	1 0 2 0 3 1 5 2 5 9 5 4 5 14 12 11 13 11 6 12 5 13 8 15 9 15 10 16 17 8 19 7 20 7 5 20 1 18 2 18 3 19 ffffttttttttttttttttt
0102132434fffft	1200334144ttttf	1 0 2 0 3 1 13 2 9 14 10 14 11 15 13 10 5 4 6 4 12 5 13 6 13 17 13 16 19 18 20 18 13 20 7 19 1 8 2 8 3 9 ffffttttttttttttttttt
0102132434fffft	1200343341tttft	1 0 2 0 3 1 9 2 15 18 16 18 17 19 9 20 9 12 9 8 11 14 12 14 13 15 9 16 5 4 6 4 7 5 9 6 1 10 2 10 3 11 ffffttttttttttttttttt
0102132434fffft	1201304344ttttf	1 0 2 0 3 1 6 2 6 13 6 14 6 4 5 10 6 7 12 9 13 9 10 15 7 15 8 16 17 12 19 11 20 11 6 20 1 18 2 18 3 19 ffffttttttttttttttttt
0102132434fffft	1201334044ttttf	1 0 2 0 3 1 13 2 9 14 10 14 11 15 13 6 5 8 6 8 12 9 13 10 13 17 13 16 19 18 20 18 13 20 7 19 1 4 2 4 3 5 ffffttttttttttttttttt
0102132434fffft	1201343340tttft	1 0 2 0 3 1 9 2 16 18 17 18 10 19 9 20 9 13 9 8 9 17 12 4 13 4 14 5 9 6 5 15 6 15 7 16 1 11 2 11 3 12 ffffttttttttttttttttt
0102132434fffft	1203314044ttttf	1 0 2 0 3 1 11 2 11 14 9 13 13 16 14 16 15 17 11 8 11 5 11 4 7 18 8 18 10 19 11 20 19 12 20 12 1 6 2 6 3 7 ffffttttttttttttttttt
0102132434fffft	1203403144ttttf	1 0 2 0 3 1 13 2 16 18 17 18 14 19 13 20 13 6 10 15 11 15 12 16 13 17 13 8 13 11 5 9 6 9 7 10 1 4 2 4 3 5 ffffttttttttttttttttt
0102132434fffft	1203413044ttttf	1 0 2 0 3 1 9 2 16 18 17 18 10 19 9 20 9 17 9 8 9 13 12 4 13 4 14 5 9 6 5 11 6 11 7 12 1 15 2 15 3 16 ffffttttttttttttttttt
0102132434fffft	1211330440tfttt	1 0 2 0 3 1 9 2 1 12 2 12 3 13 9 10 9 14 9 7 8 18 9 19 16 15 10 15 11 16 5 17 6 17 18 4 19 4 20 5 9 6 ffffttttttttttttttttt
0102132434fffft	1211334004tfttt	1 0 2 0 3 1 9 2 1 12 2 12 3 13 9 17 9 14 9 7 9 11 8 20 16 15 17 15 18 16 20 4 11 4 10 5 9 6 5 19 6 19 ffffttttttttttttttttt
0102132434fffft	1211334400tfttt	1 0 2 0 3 1 9 2 1 10 2 10 3 11 9 15 9 12 9 7 14 13 15 13 16 14 18 17 19 17 20 18 9 19 5 4 6 4 8 5 9 6 ffffttttttttttttttttt
0102132434fffft	1211340043tfttt	1 0 2 0 3 1 9 2 1 14 2 14 3 15 9 12 9 16 9 7 11 17 12 17 13 18 9 19 18 10 19 10 20 11 5 4 6 4 8 5 9 6 ffffttttttttttttttttt
0102132434fffft	1211340340tfttt	1 0 2 0 3 1 13 2 1 14 2 14 3 9 13 19 11 18 10 17 12 16 13 10 13 8 13 7 16 17 5 15 6 15 18 4 19 4 20 5 13 6 ffffttttttttttttttttt
0102132434fffft	1211344003tfttt	1 0 2 0 3 1 9 2 1 12 2 12 3 13 9 10 9 14 9 7 8 16 9 17 16 19 17 19 18 20 20 4 10 4 11 5 9 6 5 15 6 15 ffffttttttttttttttttt
0102132434fffft	1211344300tfttt	1 0 2 0 3 1 13 2 1 14 2 14 3 15 13 19 18 8 19 8 20 9 13 10 13 16 13 7 9 17 10 17 11 18 5 4 6 4 12 5 13 6 ffffttttttttttttttttt
0102132434fffft	1230430144ttttf	1 0 2 0 3 1 10 2 15 18 16 18 17 19 10 20 10 13 10 16 10 8 5 14 6 14 7 15 12 4 13 4 9 5 10 6 1 11 2 11 3 12 ffffttttttttttttttttt
0102132434fffft	1230443301tttft	1 0 2 0 3 1 9 2 19 11 20 11 9 16 10 12 9 13 9 6 9 7 15 14 16 14 17 15 5 18 7 18 8 19 9 20 1 4 2 4 3 5 ffffttttttttttttttttt
0102132434fffft	1231430044ttttf	1 0 2 0 3 1 9 2 12 18 13 18 10 19 9 20 9 16 9 8 9 13 15 11 16 11 17 12 5 4 6 4 7 5 9 6 1 14 2 14 3 15 ffffttttttttttttttttt
0102132434fffft	1231443300tttft	1 0 2 0 3 1 9 2 19 11 20 11 9 16 10 15 9 7 9 6 9 14 15 13 16 13 5 4 17 12 14 4 8 5 9 20 1 18 2 18 3 19 ffffttttttttttttttttt
0102321422fffft	0120324344ttttf	1 0 2 0 2 3 8 1 8 15 6 11 9 11 8 12 9 13 9 10 8 6 15 5 16 5 16 7 19 14 20 14 20 4 8 19 1 18 2 18 2 17 ffffttttttttttttttttt
0102321422fffft	0120334244ttttf	1 0 2 0 2 3 9 1 5 11 6 11 6 7 9 5 9 12 6 13 9 15 15 4 16 4 16 8 19 18 20 18 20 10 9 19 1 14 2 14 2 17 ffffttttttttttttttttt
0102321422fffft	0120343342tttft	1 0 2 0 2 3 8 1 8 16 7 12 8 13 9 12 9 14 9 11 10 4 8 7 19 5 20 5 20 6 16 18 10 18 8 19 1 15 2 15 2 17 ffffttttttttttttttttt
0102321422fffft	0122304344ttttf	1 0 2 0 2 3 9 1 9 6 6 10 8 10 9 11 8 13 8 12 15 14 16 14 16 4 9 15 19 5 20 5 20 7 9 19 1 18 2 18 2 17 ffffttttttttttttttttt
0102321422fffft	0122334044ttttf	1 0 2 0 2 3 9 1 5 10 7 10 9 5 7 13 9 11 7 12 15 14 16 14 16 17 9 15 19 18 20 18 20 6 9 19 1 4 2 4 2 8 ffffttttttttttttttttt
0102321422fffft	0122343340tttft	1 0 2 0 2 3 13 1 13 6 6 9 7 9 7 11 13 10 10 14 12 14 13 15 12 17 12 16 19 18 20 18 20 4 13 19 1 5 2 5 2 8 ffffttttttttttttttttt
0102321422fffft	0123223440ttftt	1 0 2 0 2 3 7 1 6 18 7 19 11 18 11 20 9 14 10 14 10 17 11 13 7 15 7 9 15 4 16 4 16 5 7 6 1 8 2 8 2 12 ffffttttttttttttttttt
0102321422fffft	0123224034ttftt	1 0 2 0 2 3 7 1 6 18 7 19 14 18 14 20 13 4 15 4 15 5 7 6 9 12 10 12 14 17 10 16 7 13 7 9 1 8 2 8 2 11 ffffttttttttttttttttt
0102321422fffft	0123224430ttftt	1 0 2 0 2 3 7 1 6 18 7 19 11 18 11 20 15 14 16 14 16 17 11 13 7 15 7 9 9 4 10 4 10 5 7 6 1 8 2 8 2 12 ffffttttttttttttttttt
0102321422fffft	0123304244ttttf	1 0 2 0 2 3 5 1 5 7 8 11 7 12 8 12 8 14 5 13 5 16 17 10 16 18 17 18 5 19 19 6 20 6 20 9 1 15 2 15 2 4 ffffttttttttttttttttt
0102321422fffft	0123324044ttttf	1 0 2 0 2 3 10 1 10 16 6 12 7 12 7 14 10 13 10 6 7 11 17 9 16 18 17 18 10 19 19 15 20 15 20 4 1 5 2 5 2 8 ffffttttttttttttttttt
0102321422fffft	0123403244ttttf	1 0 2 0 2 3 10 1 10 9 5 4 6 11 9 12 10 13 6 12 6 14 10 16 19 15 20 15 20 17 16 18 5 18 10 19 1 7 2 7 2 8 ffffttttttttttttttttt
0102321422fffft	0123423044ttttf	1 0 2 0 2 3 13 1 5 10 6 10 6 12 13 11 8 9 13 5 11 14 8 14 13 15 8 16 19 4 20 4 20 7 13 19 1 18 2 18 2 17 ffffttttttttttttttttt
0102321422fffft	1200314344ttttf	1 0 2 0 2 3 13 1 13 8 9 4 11 10 13 11 5 10 5 12 8 14 9 14 13 15 9 16 19 6 20 6 20 7 13 19 1 18 2 18 2 17 ffffttttttttttttttttt
0102321422fffft	1200334144ttttf	1 0 2 0 2 3 13 1 9 14 10 14 13 15 13 9 5 4 12 4 12 6 13 5 10 17 10 16 19 18 20 18 20 7 13 19 1 8 2 8 2 11 ffffttttttttttttttttt
0102321422fffft	1200343341tttft	1 0 2 0 2 3 6 1 16 18 17 18 17 20 6 19 6 11 6 16 11 14 12 14 12 15 17 8 5 4 6 5 13 4 13 7 1 10 2 10 2 9 ffffttttttttttttttttt
0102321422fffft	1201304344ttttf	1 0 2 0 2 3 13 1 13 11 7 4 5 8 5 9 11 8 13 6 6 14 7 14 13 15 7 16 19 10 20 10 20 12 13 19 1 18 2 18 2 17 ffffttttttttttttttttt
0102321422fffft	1201334044ttttf	1 0 2 0 2 3 13 1 9 14 10 14 13 15 13 5 5 8 12 8 12 11 13 9 10 17 10 16 19 18 20 18 20 7 13 19 1 4 2 4 2 6 ffffttttttttttttttttt
0102321422fffft	1201343340tttft	1 0 2 0 2 3 6 1 15 18 16 18 16 20 6 19 6 12 5 9 6 15 12 4 13 4 13 7 16 8 14 9 14 10 6 5 1 11 2 11 2 17 ffffttttttttttttttttt
0102321422fffft	1203314044ttttf	1 0 2 0 2 3 10 1 10 13 13 15 10 9 8 4 7 6 8 15 8 17 10 16 9 18 7 18 10 19 19 12 20 12 20 14 1 5 2 5 2 11 ffffttttttttttttttttt
0102321422fffft	1203403144ttttf	1 0 2 0 2 3 6 1 14 18 12 18 12 20 6 19 6 5 10 16 11 16 11 17 13 15 12 8 13 9 6 14 5 9 6 10 1 4 2 4 2 7 ffffttttttttttttttttt
0102321422fffft	1203413044ttttf	1 0 2 0 2 3 6 1 16 18 17 18 17 20 6 19 6 16 5 11 6 12 12 4 13 4 13 7 6 5 17 8 15 11 15 14 1 9 2 9 2 10 ffffttttttttttttttttt
0102321422fffft	1211033440tfttt	1 0 2 0 2 3 7 1 1 9 2 9 2 8 2 13 7 15 5 14 6 14 7 19 7 10 6 11 15 18 16 18 16 20 17 12 19 4 17 4 7 5 ffffttttttttttttttttt
0102321422fffft	1211034034tfttt	1 0 2 0 2 3 7 1 1 9 2 9 2 8 2 13 7 15 5 14 6 14 7 10 7 19 6 20 19 4 17 4 17 11 16 12 15 18 16 18 7 5 ffffttttttttttttttttt
0102321422fffft	1211034430tfttt	1 0 2 0 2 3 7 1 1 9 2 9 2 8 2 13 7 15 5 14 6 14 7 19 7 10 6 11 19 18 17 18 17 20 16 12 15 4 16 4 7 5 ffffttttttttttttttttt
0102321422fffft	1211330440tfttt	1 0 2 0 2 3 6 1 1 15 2 15 2 17 2 8 6 10 5 18 7 18 6 19 7 20 6 16 14 13 10 9 12 9 12 11 19 4 14 4 6 5 ffffttttttttttttttttt
0102321422fffft	1211334004tfttt	1 0 2 0 2 3 6 1 1 15 2 15 2 17 2 8 6 19 5 9 6 11 7 9 7 10 6 16 12 13 19 18 14 18 14 20 11 4 12 4 6 5 ffffttttttttttttttttt
0102321422fffft	1211334400tfttt	1 0 2 0 2 3 6 1 1 15 2 15 2 17 2 8 6 13 6 16 6 19 7 9 19 18 11 18 11 20 13 12 14 12 14 10 5 4 7 4 6 5 ffffttttttttttttttttt
0102321422fffft	1211340043tfttt	1 0 2 0 2 3 6 1 1 15 2 15 2 17 2 8 6 13 6 16 7 9 6 19 13 18 14 18 14 20 19 12 10 12 10 11 5 4 7 4 6 5 ffffttttttttttttttttt
0102321422fffft	1211340340tfttt	1 0 2 0 2 3 6 1 1 15 2 15 2 17 2 8 6 19 5 9 6 11 7 9 7 10 6 16 14 13 11 18 12 18 12 20 19 4 14 4 6 5 ffffttttttttttttttttt
0102321422fffft	1211344003tfttt	1 0 2 0 2 3 6 1 1 15 2 15 2 17 2 8 6 11 5 18 6 19 7 18 6 16 7 20 13 12 19 9 14 9 14 10 11 4 13 4 6 5 ffffttttttttttttttttt
0102321422fffft	1211344300tfttt	1 0 2 0 2 3 6 1 1 15 2 15 2 17 2 8 6 19 6 13 6 16 7 10 19 12 11 12 11 9 13 18 14 18 14 20 5 4 7 4 6 5 ffffttttttttttttttttt
0102321422fffft	1230430144ttttf	1 0 2 0 2 3 6 1 15 18 16 18 16 20 6 19 6 11 5 14 6 15 13 14 13 17 16 8 11 4 12 4 12 7 6 5 1 9 2 9 2 10 ffffttttttttttttttttt
0102321422fffft	1230443301tttft	1 0 2 0 2 3 7 1 19 12 20 12 20 8 20 14 7 16 7 13 6 11 7 5 16 15 10 15 10 17 5 18 6 18 7 19 1 4 2 4 2 9 ffffttttttttttttttttt
0102321422fffft	1231430044ttttf	1 0 2 0 2 3 6 1 16 18 17 18 17 20 6 19 6 12 6 16 5 4 6 5 14 4 14 7 17 8 12 15 13 15 13 9 1 10 2 10 2 11 ffffttttttttttttttttt
0102321422fffft	1231443300tttft	1 0 2 0 2 3 6 1 19 14 20 14 20 16 20 8 6 12 6 15 7 9 5 4 7 4 6 5 12 11 10 11 10 13 6 19 1 18 2 18 2 17 ffffttttttttttttttttt
0102322412fffft	0122304344ttttf	1 0 2 0 2 3 7 2 7 8 6 10 8 10 8 11 8 13 7 12 15 14 16 14 16 4 7 16 19 5 20 5 20 9 7 20 1 18 2 18 2 17 ffffttttttttttttttttt
0102322412fffft	0122334044ttttf	1 0 2 0 2 3 9 2 5 10 7 10 9 7 7 13 9 12 7 11 15 14 16 14 16 17 9 16 19 18 20 18 20 6 9 20 1 4 2 4 2 8 ffffttttttttttttttttt
0102322412fffft	0122343340tttft	1 0 2 0 2 3 11 2 11 7 6 9 7 9 7 13 11 12 10 14 12 14 12 15 12 17 11 16 19 18 20 18 20 4 11 20 1 5 2 5 2 8 ffffttttttttttttttttt
0102322412fffft	0123224034ttftt	1 0 2 0 2 3 7 2 6 18 7 20 16 18 16 19 15 4 17 4 17 5 7 16 7 17 7 10 9 14 10 14 16 13 10 12 1 8 2 8 2 11 ffffttttttttttttttttt
0102322412fffft	0123224430ttftt	1 0 2 0 2 3 7 2 6 18 7 20 11 18 11 19 16 15 17 15 17 13 11 14 7 17 7 11 7 10 9 4 10 4 10 5 1 8 2 8 2 12 ffffttttttttttttttttt
0102322412fffft	0123304244ttttf	1 0 2 0 2 3 8 2 8 9 8 11 7 12 9 12 9 13 9 14 8 17 17 10 16 18 17 18 8 20 19 6 20 6 20 5 1 15 2 15 2 4 ffffttttttttttttttttt
0102322412fffft	0123324044ttttf	1 0 2 0 2 3 7 2 7 17 6 12 8 12 8 13 8 14 7 8 7 11 17 9 16 18 17 18 7 20 19 15 20 15 20 4 1 5 2 5 2 10 ffffttttttttttttttttt
0102322412fffft	0123423044ttttf	1 0 2 0 2 3 13 2 5 10 6 10 6 12 13 9 13 6 9 8 11 14 9 14 13 16 9 15 19 4 20 4 20 7 13 20 1 18 2 18 2 17 ffffttttttttttttttttt
0102322412fffft	1200314344ttttf	1 0 2 0 2 3 13 2 13 9 13 6 9 4 11 10 6 10 6 12 8 14 9 14 13 16 9 15 19 7 20 7 20 5 13 20 1 18 2 18 2 17 ffffttttttttttttttttt
0102322412fffft	1200334144ttttf	1 0 2 0 2 3 6 2 9 14 10 14 10 15 6 10 5 4 12 4 12 13 6 12 10 17 6 16 19 18 20 18 20 7 6 20 1 8 2 8 2 11 ffffttttttttttttttttt
0102322412fffft	1200343341tttft	1 0 2 0 2 3 6 2 16 18 17 18 17 19 6 20 6 14 6 13 6 17 12 15 14 15 17 8 14 9 5 4 13 4 13 7 1 11 2 11 2 10 ffffttttttttttttttttt
0102322412fffft	1201334044ttttf	1 0 2 0 2 3 6 2 10 14 11 14 11 15 6 12 5 8 6 11 12 8 12 9 11 17 6 16 19 18 20 18 20 7 6 20 1 4 2 4 2 13 ffffttttttttttttttttt
0102322412fffft	1201343340tttft	1 0 2 0 2 3 6 2 16 18 17 18 17 19 6 20 6 14 6 15 6 17 5 11 13 4 14 4 14 7 17 8 15 11 15 10 1 12 2 12 2 9 ffffttttttttttttttttt
0102322412fffft	1211033440tfttt	1 0 2 0 2 3 6 2 1 10 2 10 2 11 2 8 6 16 6 17 5 14 7 14 6 13 7 9 15 18 16 18 16 20 17 12 19 4 17 4 6 7 ffffttttttttttttttttt
0102322412fffft	1211034034tfttt	1 0 2 0 2 3 6 2 1 11 2 11 2 12 2 8 6 16 6 17 6 13 5 14 7 14 7 20 19 4 17 4 17 10 16 9 15 18 16 18 6 7 ffffttttttttttttttttt
0102322412fffft	1211034430tfttt	1 0 2 0 2 3 6 2 1 10 2 10 2 11 2 8 6 16 6 17 5 14 7 14 6 13 7 9 19 18 17 18 17 20 16 12 15 4 16 4 6 7 ffffttttttttttttttttt
0102322412fffft	1211330440tfttt	1 0 2 0 2 3 6 2 1 15 2 15 2 16 2 8 6 11 5 18 7 18 7 20 6 14 6 17 14 13 10 9 11 9 11 12 19 4 14 4 6 7 ffffttttttttttttttttt
0102322412fffft	1211334004tfttt	1 0 2 0 2 3 6 2 1 15 2 15 2 16 2 8 6 14 6 17 5 10 6 13 7 10 7 11 13 9 19 18 14 18 14 20 12 4 13 4 6 7 ffffttttttttttttttttt
0102322412fffft	1211334400tfttt	1 0 2 0 2 3 6 2 1 15 2 15 2 16 2 8 6 14 6 17 6 11 7 9 19 18 11 18 11 20 13 12 14 12 14 10 5 4 7 4 6 7 ffffttttttttttttttttt
0102322412fffft	1211340043tfttt	1 0 2 0 2 3 6 2 1 15 2 15 2 16 2 8 6 14 6 17 7 9 6 10 13 18 14 18 14 20 19 12 10 12 10 11 5 4 7 4 6 7 ffffttttttttttttttttt
0102322412fffft	1211340340tfttt	1 0 2 0 2 3 6 2 1 15 2 15 2 16 2 8 6 14 6 17 5 10 6 13 7 10 7 11 14 9 12 18 13 18 13 20 19 4 14 4 6 7 ffffttttttttttttttttt
0102322412fffft	1211344003tfttt	1 0 2 0 2 3 6 2 1 15 2 15 2 16 2 8 6 13 5 18 7 18 6 17 6 14 7 20 13 11 19 9 14 9 14 12 10 4 13 4 6 7 ffffttttttttttttttttt
0102322412fffft	1211344300tfttt	1 0 2 0 2 3 6 2 1 15 2 15 2 16 2 8 6 9 7 11 6 14 6 17 19 12 9 12 9 10 13 18 14 18 14 20 5 4 7 4 6 7 ffffttttttttttttttttt
0102322412fffft	1230430144ttttf	1 0 2 0 2 3 6 2 16 18 17 18 17 19 6 20 6 13 6 14 5 15 6 17 14 15 14 9 17 8 12 4 13 4 13 7 1 10 2 10 2 11 ffffttttttttttttttttt
0102322412fffft	1230443301tttft	1 0 2 0 2 3 7 2 19 12 20 12 20 8 20 13 7 10 7 14 6 11 7 6 16 15 10 15 10 17 5 18 6 18 7 20 1 4 2 4 2 9 ffffttttttttttttttttt
0102322412fffft	1231430044ttttf	1 0 2 0 2 3 6 2 16 18 17 18 17 19 6 20 6 13 6 14 6 17 5 4 14 4 14 7 17 8 12 15 13 15 13 10 1 11 2 11 2 9 ffffttttttttttttttttt
0102322412fffft	1231443300tttft	1 0 2 0 2 3 6 2 19 14 20 14 20 15 20 8 6 9 7 10 6 16 5 4 7 4 6 7 12 11 9 11 9 13 6 20 1 18 2 18 2 17 ffffttttttttttttttttt
0102324213fftff	0120324344ttttf	2 0 3 2 7 0 7 1 5 11 7 11 7 12 7 8 7 9 6 10 7 4 13 4 14 5 7 15 7 16 17 15 18 13 7 20 7 19 3 17 2 20 ffffttttttttttttttttt
0102324213fftff	0120343342tttft	2 0 3 2 6 0 6 1 5 12 6 12 6 7 6 8 9 10 6 11 6 4 13 5 15 4 6 14 18 15 6 16 17 19 6 19 6 20 2 16 3 17 ffffttttttttttttttttt
0102324213fftff	0122334044ttttf	2 0 3 2 6 0 6 1 6 9 6 12 6 7 6 8 5 4 10 13 6 13 6 14 11 15 17 16 18 17 6 16 4 20 6 20 6 19 3 10 2 9 ffffttttttttttttttttt
0102324213fftff	0123223440ttftt	2 0 3 2 11 0 11 1 5 19 11 19 11 20 11 15 11 17 8 16 7 15 11 13 11 10 11 9 11 18 16 4 11 4 14 5 6 12 2 10 3 7 ffffttttttttttttttttt
0102324213fftff	0123224034ttftt	2 0 3 2 12 0 12 1 5 19 12 19 12 20 12 4 13 4 14 5 12 18 7 11 12 17 12 11 12 15 10 13 12 8 12 9 6 16 2 8 3 7 ffffttttttttttttttttt
0102324213fftff	0123423044ttttf	2 0 3 2 8 0 8 1 8 12 7 13 4 12 8 11 8 10 8 6 8 5 14 9 13 15 8 15 8 16 17 6 18 4 8 19 8 20 2 19 3 17 ffffttttttttttttttttt
0102324213fftff	1201304344ttttf	2 0 3 2 7 0 7 1 10 15 7 15 7 16 7 8 7 9 11 14 7 12 7 13 5 12 6 10 7 4 17 4 18 5 7 20 7 19 3 17 2 20 ffffttttttttttttttttt
0102324213fftff	1201343340tttft	2 0 3 2 10 0 10 1 13 19 10 19 10 20 8 4 10 4 11 5 10 16 10 12 14 15 10 17 10 18 10 7 10 9 5 17 6 13 2 7 3 8 ffffttttttttttttttttt
0102324213fftff	1203314044ttttf	2 0 3 2 8 0 8 1 8 11 8 12 8 13 8 14 8 9 8 10 7 4 17 13 18 15 4 16 5 17 8 16 6 20 8 20 8 19 3 6 2 11 ffffttttttttttttttttt
0102324213fftff	1203403144ttttf	2 0 3 2 11 0 11 1 13 19 11 19 11 20 11 16 11 17 7 16 8 13 11 14 11 10 11 9 11 15 12 18 5 9 6 7 11 4 2 4 3 5 ffffttttttttttttttttt
0102324213fftff	1211330440tfttt	2 0 3 2 11 0 11 1 2 13 3 14 11 18 10 18 12 19 11 17 11 13 11 15 11 16 6 7 11 7 11 8 9 6 20 10 19 4 11 4 11 5 ffffttttttttttttttttt
0102324213fftff	1211334004tfttt	2 0 3 2 9 0 9 1 2 15 3 17 11 13 13 7 14 10 9 12 9 7 9 8 9 6 9 15 9 16 18 19 20 18 9 19 9 4 10 4 9 5 ffffttttttttttttttttt
0102324213fftff	1211340043tfttt	2 0 3 2 7 0 7 1 2 16 3 11 10 9 7 12 7 6 7 16 7 17 7 13 7 15 14 20 7 20 8 18 18 13 19 14 7 4 7 5 9 4 ffffttttttttttttttttt
0102324213fftff	1211344300tfttt	2 0 3 2 10 0 10 1 2 15 3 17 10 14 10 13 10 15 10 16 10 11 10 12 9 8 20 6 19 14 6 18 7 19 10 18 8 4 10 4 10 5 ffffttttttttttttttttt
0102324213fftff	1231443300tttft	2 0 3 2 8 0 8 1 17 11 18 13 8 11 8 12 8 9 8 10 7 6 15 14 16 15 8 14 6 4 8 4 8 5 8 19 8 20 2 19 3 17 ffffttttttttttttttttt
0102341224fffft	0120324344ttttf	1 0 3 0 3 1 9 2 17 15 6 13 7 13 9 12 7 11 9 10 9 8 14 5 14 6 15 5 9 4 17 16 19 16 9 20 1 18 3 18 3 19 ffffttttttttttttttttt
0102341224fffft	0120334244ttttf	1 0 3 0 3 1 9 2 9 15 6 11 7 11 9 13 7 12 9 10 9 8 17 5 16 5 16 6 19 18 4 19 9 20 4 18 1 14 3 14 3 17 ffffttttttttttttttttt
0102341224fffft	0120343342tttft	1 0 3 0 3 1 8 2 5 13 6 13 8 11 6 10 8 9 8 7 12 4 12 5 8 17 19 4 15 20 16 20 8 18 16 19 3 15 3 14 1 14 ffffttttttttttttttttt
0102341224fffft	0122304344ttttf	1 0 3 0 3 1 10 2 17 7 17 6 7 14 9 14 9 15 10 13 10 12 10 8 10 4 11 5 5 16 11 16 19 6 10 20 1 18 3 18 3 19 ffffttttttttttttttttt
0102341224fffft	0122334044ttttf	1 0 3 0 3 1 9 2 9 7 6 10 8 10 8 11 9 13 9 12 17 14 16 14 9 15 16 17 19 18 4 19 9 20 4 18 1 5 3 5 3 6 ffffttttttttttttttttt
0102341224fffft	0122343340tttft	1 0 3 0 3 1 12 2 5 14 11 14 7 4 9 4 9 5 12 13 12 8 12 17 12 16 11 15 19 20 10 20 12 18 10 19 3 7 3 6 1 6 ffffttttttttttttttttt
0102341224fffft	0123223440ttftt	2 0 3 2 3 0 12 1 5 18 6 18 12 20 6 19 9 14 11 14 11 15 12 16 12 13 12 10 15 4 17 4 17 5 12 7 2 8 3 8 3 9 ffffttttttttttttttttt
0102341224fffft	0123224034ttftt	2 0 3 2 3 0 16 1 5 18 6 18 16 20 6 19 13 4 15 4 15 5 16 7 9 12 11 12 11 13 16 14 16 17 16 10 2 8 3 8 3 9 ffffttttttttttttttttt
0102341224fffft	0123224430ttftt	2 0 3 2 3 0 12 1 5 18 6 18 12 20 6 19 15 14 17 14 17 15 12 16 12 13 12 10 9 4 11 4 11 5 12 7 2 8 3 8 3 9 ffffttttttttttttttttt
0102341224fffft	0123304244ttttf	1 0 3 0 3 1 12 2 6 9 6 8 12 4 12 10 9 13 11 13 11 14 12 16 12 15 5 18 7 18 12 20 7 19 19 8 1 17 3 17 3 5 ffffttttttttttttttttt
0102341224fffft	0123324044ttttf	1 0 3 0 3 1 11 2 5 12 11 9 11 4 8 13 10 13 10 14 11 16 11 15 5 17 12 18 6 18 11 20 6 19 19 17 1 7 3 7 3 8 ffffttttttttttttttttt
0102341224fffft	0123403244ttttf	1 0 3 0 3 1 8 2 5 13 6 13 8 11 6 10 8 12 8 7 9 14 9 15 8 17 19 14 15 20 16 20 8 18 16 19 3 5 3 4 1 4 ffffttttttttttttttttt
0102341224fffft	0123423044ttttf	1 0 3 0 3 1 8 2 5 12 7 12 7 13 8 11 8 9 8 6 8 15 10 14 13 16 10 16 17 4 17 5 19 4 8 18 3 19 3 20 1 20 ffffttttttttttttttttt
0102341224fffft	1200314344ttttf	1 0 3 0 3 1 10 2 17 14 17 13 14 16 11 16 10 4 11 5 10 12 10 9 10 15 7 6 8 6 8 7 19 13 10 20 1 18 3 18 3 19 ffffttttttttttttttttt
0102341224fffft	1200334144ttttf	1 0 3 0 3 1 12 2 12 7 10 9 11 9 11 10 12 13 6 14 8 14 12 15 12 16 8 17 19 18 4 19 12 20 4 18 1 5 3 5 3 6 ffffttttttttttttttttt
0102341224fffft	1200343341tttft	1 0 3 0 3 1 12 2 15 20 17 20 12 18 17 19 9 14 10 14 12 16 10 15 12 13 12 11 5 4 6 4 6 5 12 7 3 9 3 8 1 8 ffffttttttttttttttttt
0102341224fffft	1201304344ttttf	1 0 3 0 3 1 10 2 17 7 17 6 12 16 11 16 10 4 11 5 10 14 10 13 8 15 8 12 10 9 7 15 19 6 10 20 1 18 3 18 3 19 ffffttttttttttttttttt
0102341224fffft	1201334044ttttf	1 0 3 0 3 1 12 2 12 13 10 5 11 5 12 8 11 6 6 14 7 14 12 15 12 16 7 17 19 18 4 19 12 20 4 18 1 9 3 9 3 10 ffffttttttttttttttttt
0102341224fffft	1201343340tttft	1 0 3 0 3 1 12 2 16 20 13 20 12 18 13 19 9 4 11 4 11 5 12 7 12 14 12 17 12 10 5 15 6 15 6 16 3 9 3 8 1 8 ffffttttttttttttttttt
0102341224fffft	1203314044ttttf	1 0 3 0 3 1 9 2 7 14 7 13 9 16 9 12 9 4 9 6 14 17 15 17 15 5 11 18 8 18 9 20 8 19 19 13 1 10 3 10 3 11 ffffttttttttttttttttt
0102341224fffft	1203403144ttttf	1 0 3 0 3 1 12 2 15 20 13 20 12 18 13 19 9 14 10 14 12 16 10 15 12 17 12 11 5 8 6 8 6 9 12 7 3 5 3 4 1 4 ffffttttttttttttttttt
0102341224fffft	1203413044ttttf	1 0 3 0 3 1 12 2 16 20 13 20 12 18 13 19 9 4 11 4 11 5 12 7 12 14 12 10 12 17 5 8 6 8 6 9 3 16 3 15 1 15 ffffttttttttttttttttt
0102341224fffft	1211033440tfttt	1 0 3 0 3 1 11 2 1 16 3 16 3 8 10 13 10 12 11 14 11 7 11 9 13 17 15 17 15 18 11 20 5 12 18 4 19 4 11 6 19 5 ffffttttttttttttttttt
0102341224fffft	1211034034tfttt	1 0 3 0 3 1 14 2 1 16 3 16 3 8 13 18 13 17 14 20 18 10 19 10 19 11 14 7 14 9 14 12 5 17 11 4 15 4 14 6 15 5 ffffttttttttttttttttt
0102341224fffft	1211034430tfttt	1 0 3 0 3 1 11 2 1 16 3 16 3 9 10 13 11 14 10 12 11 7 11 8 18 17 19 17 19 18 11 20 5 12 13 4 15 4 11 6 15 5 ffffttttttttttttttttt
0102341224fffft	1211330440tfttt	1 0 3 0 3 1 9 2 1 14 3 14 3 15 13 11 9 7 9 10 9 12 8 17 8 18 9 20 11 16 13 16 5 17 18 4 19 4 9 6 19 5 ffffttttttttttttttttt
0102341224fffft	1211334004tfttt	1 0 3 0 3 1 12 2 1 9 3 9 3 8 18 17 18 16 17 16 12 7 12 13 12 15 10 14 10 20 12 19 14 4 11 4 12 6 11 5 5 20 ffffttttttttttttttttt
0102341224fffft	1211334400tfttt	1 0 3 0 3 1 10 2 1 11 3 11 3 8 15 14 15 13 10 7 10 12 14 13 10 16 18 17 19 17 10 20 19 18 5 4 9 4 10 6 9 5 ffffttttttttttttttttt
0102341224fffft	1211340043tfttt	1 0 3 0 3 1 13 2 1 9 3 9 3 8 19 11 19 10 18 10 11 17 15 17 13 7 13 14 13 16 13 20 15 18 5 4 12 4 13 6 12 5 ffffttttttttttttttttt
0102341224fffft	1211340340tfttt	1 0 3 0 3 1 15 2 1 9 3 9 3 8 12 18 12 17 11 17 15 20 14 16 15 13 14 11 15 7 15 10 5 16 18 4 19 4 15 6 19 5 ffffttttttttttttttttt
0102341224fffft	1211344003tfttt	1 0 3 0 3 1 9 2 1 14 3 14 3 15 18 11 9 7 9 10 9 12 8 16 8 17 9 19 17 20 18 20 11 4 13 4 9 6 13 5 5 16 ffffttttttttttttttttt
0102341224fffft	1211344300tfttt	1 0 3 0 3 1 14 2 1 15 3 15 3 16 12 18 14 20 18 9 19 9 19 10 14 11 14 7 14 8 10 17 12 17 5 4 13 4 14 6 13 5 ffffttttttttttttttttt
0102341224fffft	1230430144ttttf	1 0 3 0 3 1 12 2 15 20 17 20 12 18 17 19 5 14 6 14 6 15 12 16 12 13 12 10 9 4 11 4 11 5 12 7 3 9 3 8 1 8 ffffttttttttttttttttt
0102341224fffft	1230443301tttft	1 0 3 0 3 1 11 2 19 7 16 15 16 14 15 14 12 7 11 5 12 6 11 13 11 10 11 17 8 18 9 18 11 20 9 19 1 4 3 4 3 8 ffffttttttttttttttttt
0102341224fffft	1231430044ttttf	1 0 3 0 3 1 12 2 15 20 13 20 12 18 13 19 5 4 6 4 6 5 12 7 12 17 12 16 9 14 11 14 11 15 12 10 3 9 3 8 1 8 ffffttttttttttttttttt
0102341224fffft	1231443300tttft	1 0 3 0 3 1 8 2 19 12 10 16 10 15 8 5 8 9 8 11 8 14 7 13 16 15 17 12 17 6 13 4 7 4 8 20 1 18 3 18 3 19 ffffttttttttttttttttt
0102341424fffft	0120324344ttttf	1 0 2 0 9 3 9 1 9 15 6 14 7 14 9 12 9 11 9 10 9 8 13 5 9 6 9 4 15 5 16 17 9 18 20 17 9 20 1 19 2 19 ffffttttttttttttttttt
0102341424fffft	0120334244ttttf	1 0 2 0 10 3 10 1 10 17 10 18 7 15 8 15 10 13 10 12 10 11 10 9 14 6 10 7 10 5 18 6 20 19 10 20 4 19 1 16 2 16 ffffttttttttttttttttt
0102341424fffft	0120343342tttft	1 0 2 0 10 3 10 1 10 17 10 18 7 15 8 15 10 14 10 13 10 11 10 9 10 4 5 6 10 7 20 6 17 19 12 19 10 20 1 16 2 16 ffffttttttttttttttttt
0102341424fffft	0122334044ttttf	1 0 2 0 10 3 10 1 10 11 10 8 10 5 8 12 9 12 10 15 10 14 10 13 18 16 6 16 10 17 10 18 20 19 10 20 4 19 1 7 2 7 ffffttttttttttttttttt
0102341424fffft	0122343340tttft	1 0 2 0 6 3 6 1 6 9 6 10 6 7 6 4 9 12 11 12 6 13 6 15 13 16 14 16 6 18 6 17 20 19 5 19 6 20 1 8 2 8 ffffttttttttttttttttt
0102341424fffft	0123223440ttftt	1 0 3 0 12 1 12 2 5 19 11 19 12 20 8 15 9 15 12 18 12 16 12 14 12 13 12 10 12 8 16 4 17 4 12 6 12 5 1 7 3 7 ffffttttttttttttttttt
0102341424fffft	0123224034ttftt	1 0 3 0 14 1 14 2 5 19 13 19 14 20 12 4 15 4 14 6 14 5 8 11 9 11 14 18 14 17 14 16 14 12 14 10 14 8 1 7 3 7 ffffttttttttttttttttt
0102341424fffft	0123224430ttftt	1 0 3 0 12 1 12 2 5 19 11 19 12 20 16 15 17 15 12 18 12 16 12 14 12 13 12 10 12 8 8 4 9 4 12 6 12 5 1 7 3 7 ffffttttttttttttttttt
0102341424fffft	0123324044ttttf	1 0 2 0 7 3 7 1 7 14 7 13 7 11 7 8 7 6 7 4 11 15 12 15 7 17 7 16 5 18 14 19 9 19 7 20 20 18 1 10 2 10 ffffttttttttttttttttt
0102341424fffft	0123423044ttttf	1 0 2 0 11 3 11 1 5 17 10 17 7 4 9 4 11 5 11 12 11 14 11 13 11 15 11 8 11 7 16 6 11 18 20 6 11 20 1 19 2 19 ffffttttttttttttttttt
0102341424fffft	1200314344ttttf	1 0 2 0 9 3 9 1 13 17 10 17 9 13 9 14 9 6 9 7 9 11 9 15 5 4 8 4 9 5 16 12 9 18 20 12 9 20 1 19 2 19 ffffttttttttttttttttt
0102341424fffft	1200334144ttttf	1 0 2 0 6 3 6 1 6 11 6 9 6 7 6 5 13 12 14 12 6 15 6 13 9 16 10 16 6 17 6 18 20 19 6 20 4 19 1 8 2 8 ffffttttttttttttttttt
0102341424fffft	1200343341tttft	1 0 2 0 9 3 9 1 16 19 18 19 9 20 9 12 9 7 9 10 9 14 12 15 13 15 9 17 9 16 5 4 8 4 9 5 9 6 1 11 2 11 ffffttttttttttttttttt
0102341424fffft	1201304344ttttf	1 0 2 0 9 3 9 1 13 17 10 17 9 5 9 6 9 15 9 12 9 11 9 13 9 8 7 14 5 14 16 4 9 18 20 4 9 20 1 19 2 19 ffffttttttttttttttttt
0102341424fffft	1201343340tttft	1 0 2 0 10 3 10 1 13 19 11 19 10 20 10 15 10 17 10 7 10 8 10 12 10 13 9 18 15 4 16 4 10 6 10 5 5 18 1 14 2 14 ffffttttttttttttttttt
0102341424fffft	1203403144ttttf	1 0 2 0 17 3 17 1 14 19 13 19 17 20 17 5 17 6 10 18 11 18 17 15 17 14 17 12 16 9 17 10 17 7 17 8 5 9 1 4 2 4 ffffttttttttttttttttt
0102341424fffft	1203413044ttttf	1 0 2 0 10 3 10 1 11 19 13 19 10 20 10 11 10 12 10 7 10 8 9 14 10 15 10 17 15 4 16 4 10 6 10 5 5 14 1 18 2 18 ffffttttttttttttttttt
0102341424fffft	1211033440tfttt	1 0 2 0 11 3 11 1 1 17 2 17 11 14 9 13 11 16 11 6 11 7 11 8 11 10 14 18 15 18 11 20 11 19 5 13 19 4 12 4 11 5 ffffttttttttttttttttt
0102341424fffft	1211034034tfttt	1 0 2 0 14 3 14 1 1 17 2 17 14 19 12 18 14 20 14 13 14 11 14 15 14 6 14 7 14 8 9 16 19 16 5 18 15 4 10 4 14 5 ffffttttttttttttttttt
0102341424fffft	1211034430tfttt	1 0 2 0 9 3 9 1 1 17 2 17 9 14 9 15 9 6 9 7 9 12 9 10 8 13 19 18 11 18 9 19 9 20 5 13 14 4 16 4 9 5 ffffttttttttttttttttt
0102341424fffft	1211330440tfttt	1 0 2 0 9 3 9 1 1 15 2 15 9 12 9 14 9 6 9 7 9 11 9 16 8 18 9 20 9 19 12 17 13 17 5 18 19 4 10 4 9 5 ffffttttttttttttttttt
0102341424fffft	1211334400tfttt	1 0 2 0 10 3 10 1 1 11 2 11 10 15 10 6 10 12 10 8 10 13 15 14 16 14 10 17 19 18 9 18 10 20 10 19 5 4 7 4 10 5 ffffttttttttttttttttt
0102341424fffft	1211340340tfttt	1 0 2 0 16 3 16 1 1 7 2 7 16 19 10 18 11 18 16 20 14 17 16 13 16 15 16 10 16 6 16 8 16 9 5 17 19 4 12 4 16 5 ffffttttttttttttttttt
0102341424fffft	1211344300tfttt	1 0 2 0 14 3 14 1 1 16 2 16 14 19 14 20 19 8 12 8 14 11 14 9 14 15 14 6 14 7 14 17 9 18 10 18 5 4 13 4 14 5 ffffttttttttttttttttt
0102341424fffft	1230430144ttttf	1 0 2 0 10 3 10 1 16 19 18 19 10 20 10 11 10 12 10 7 10 8 9 15 10 16 10 17 5 15 11 4 13 4 10 5 10 6 1 14 2 14 ffffttttttttttttttttt
0102341424fffft	1230443301tttft	1 0 2 0 11 3 11 1 20 15 11 17 12 16 11 18 13 15 11 5 11 6 11 7 11 14 11 10 11 8 17 16 8 19 9 19 11 20 1 4 2 4 ffffttttttttttttttttt
0102341424fffft	1231430044ttttf	1 0 2 0 10 3 10 1 14 19 11 19 10 20 10 16 10 17 10 7 10 8 10 12 10 14 16 13 18 13 5 4 9 4 10 5 10 6 1 15 2 15 ffffttttttttttttttttt
0123031434fffft	0120324344ttttf	1 0 3 2 3 0 9 1 9 14 7 13 8 13 8 12 9 11 9 10 9 7 4 6 4 5 14 5 17 15 17 16 19 16 9 19 1 18 3 20 3 18 ffffttttttttttttttttt
0123031434fffft	0120334244ttttf	1 0 3 2 3 0 8 1 5 11 7 13 7 11 8 12 8 9 8 5 8 16 16 4 15 6 15 4 19 18 8 19 10 20 10 18 1 14 3 17 3 14 ffffttttttttttttttttt
0123031434fffft	0120343342tttft	1 0 3 2 3 0 9 1 9 16 7 13 8 13 8 12 9 11 9 10 9 7 4 6 4 5 19 5 16 18 17 18 17 20 9 19 1 14 3 15 3 14 ffffttttttttttttttttt
0123031434fffft	0122304344ttttf	1 0 3 2 3 0 6 1 6 8 6 10 6 11 8 12 5 13 5 12 4 15 6 14 14 16 4 16 17 9 17 7 19 7 6 19 1 18 3 20 3 18 ffffttttttttttttttttt
0123031434fffft	0122334044ttttf	1 0 3 2 3 0 9 1 5 10 8 11 8 10 9 5 9 12 9 13 16 14 15 14 15 17 9 16 19 18 9 19 7 20 7 18 1 4 3 6 3 4 ffffttttttttttttttttt
0123031434fffft	0122343340tttft	1 0 3 2 3 0 13 1 13 6 6 9 8 10 8 9 13 11 11 14 12 14 12 17 13 15 13 16 19 18 4 20 13 19 4 18 1 5 3 7 3 5 ffffttttttttttttttttt
0123031434fffft	0123223440ttftt	1 0 3 2 3 0 12 1 6 18 7 18 7 20 12 19 9 14 11 16 11 14 12 15 12 13 12 9 15 4 17 5 17 4 12 6 1 8 3 10 3 8 ffffttttttttttttttttt
0123031434fffft	0123224034ttftt	1 0 3 2 3 0 15 1 6 18 7 18 7 20 15 19 13 4 16 5 16 4 15 6 9 12 11 14 11 12 15 17 15 13 15 9 1 8 3 10 3 8 ffffttttttttttttttttt
0123031434fffft	0123224430ttftt	1 0 3 2 3 0 12 1 6 18 7 18 7 20 12 19 15 14 17 16 17 14 12 15 12 13 12 9 9 4 11 5 11 4 12 6 1 8 3 10 3 8 ffffttttttttttttttttt
0123031434fffft	0123304244ttttf	1 0 3 2 3 0 12 1 12 9 12 6 5 10 5 8 9 13 11 14 11 13 12 15 12 16 6 18 4 18 4 20 12 19 19 8 1 17 3 7 3 17 ffffttttttttttttttttt
0123031434fffft	0123324044ttttf	1 0 3 2 3 0 11 1 11 6 11 8 5 12 8 13 10 14 10 13 11 15 11 16 5 17 6 18 4 18 4 20 11 19 19 17 1 7 3 9 3 7 ffffttttttttttttttttt
0123031434fffft	0123403244ttttf	1 0 3 2 3 0 7 1 7 5 6 11 7 10 7 12 5 13 6 13 4 15 4 14 7 16 19 14 16 18 17 18 17 20 7 19 1 8 3 9 3 8 ffffttttttttttttttttt
0123031434fffft	0123423044ttttf	1 0 3 2 3 0 8 1 5 12 7 13 7 12 8 10 8 9 8 5 11 15 8 14 10 16 11 16 17 6 17 4 19 4 8 19 1 18 3 20 3 18 ffffttttttttttttttttt
0123031434fffft	1200314344ttttf	1 0 3 2 3 0 5 1 5 11 5 4 5 7 6 15 5 14 7 12 8 12 8 13 11 16 6 16 17 10 17 9 19 9 5 19 1 18 3 20 3 18 ffffttttttttttttttttt
0123031434fffft	1200334144ttttf	1 0 3 2 3 0 13 1 8 14 10 14 13 8 11 4 12 5 12 4 13 11 10 17 13 16 13 15 19 18 13 19 6 20 6 18 1 7 3 9 3 7 ffffttttttttttttttttt
0123031434fffft	1200343341tttft	1 0 3 2 3 0 9 1 15 18 17 18 17 20 9 19 9 11 9 8 11 14 13 16 13 14 9 15 6 4 7 5 7 4 9 6 1 10 3 12 3 10 ffffttttttttttttttttt
0123031434fffft	1201304344ttttf	1 0 3 2 3 0 5 1 5 10 5 4 5 8 10 7 11 9 11 7 6 15 5 14 8 16 6 16 17 13 17 12 19 12 5 19 1 18 3 20 3 18 ffffttttttttttttttttt
0123031434fffft	1201334044ttttf	1 0 3 2 3 0 13 1 8 14 10 14 13 11 11 7 12 9 12 7 13 8 10 17 13 16 13 15 19 18 13 19 6 20 6 18 1 4 3 5 3 4 ffffttttttttttttttttt
0123031434fffft	1201343340tttft	1 0 3 2 3 0 9 1 16 18 10 18 10 20 9 19 9 12 9 8 9 16 12 4 14 5 14 4 9 6 6 15 7 17 7 15 1 11 3 13 3 11 ffffttttttttttttttttt
0123031434fffft	1203314044ttttf	1 0 3 2 3 0 11 1 11 15 9 14 9 13 15 17 16 17 11 12 11 5 11 4 16 6 12 18 10 18 10 20 11 19 19 13 1 7 3 8 3 7 ffffttttttttttttttttt
0123031434fffft	1203403144ttttf	1 0 3 2 3 0 13 1 16 18 14 18 14 20 13 19 13 6 10 15 12 17 12 15 13 16 13 8 13 10 6 9 7 11 7 9 1 4 3 5 3 4 ffffttttttttttttttttt
0123031434fffft	1203413044ttttf	1 0 3 2 3 0 9 1 16 18 10 18 10 20 9 19 9 16 9 8 9 12 12 4 14 5 14 4 9 6 6 11 7 13 7 11 1 15 3 17 3 15 ffffttttttttttttttttt
0123031434fffft	1211033440tfttt	1 0 3 2 3 0 11 1 1 16 3 9 3 16 11 13 10 14 10 12 11 8 11 7 13 17 15 18 15 17 11 19 5 12 19 4 20 4 20 6 11 5 ffffttttttttttttttttt
0123031434fffft	1211034034tfttt	1 0 3 2 3 0 14 1 1 16 3 9 3 16 14 19 13 18 13 17 19 10 20 12 20 10 14 8 14 7 14 11 5 17 11 4 15 4 15 6 14 5 ffffttttttttttttttttt
0123031434fffft	1211034430tfttt	1 0 3 2 3 0 11 1 1 16 3 9 3 16 11 13 10 14 10 12 11 8 11 7 19 17 20 18 20 17 11 19 5 12 13 4 15 4 15 6 11 5 ffffttttttttttttttttt
0123031434fffft	1211330440tfttt	1 0 3 2 3 0 9 1 1 14 3 15 3 14 9 11 9 10 9 7 13 12 8 18 8 17 9 19 11 16 13 16 5 17 19 4 20 4 20 6 9 5 ffffttttttttttttttttt
0123031434fffft	1211334004tfttt	1 0 3 2 3 0 10 1 1 13 3 15 3 13 10 18 9 12 10 14 10 7 10 8 9 20 18 16 19 17 19 16 8 4 11 4 11 6 10 5 5 20 ffffttttttttttttttttt
0123031434fffft	1211334400tfttt	1 0 3 2 3 0 9 1 1 10 3 12 3 10 9 15 9 11 9 7 15 13 16 14 16 13 18 17 19 17 19 20 9 18 5 4 8 6 9 5 8 4 ffffttttttttttttttttt
0123031434fffft	1211340043tfttt	1 0 3 2 3 0 9 1 1 14 3 16 3 14 9 12 9 15 9 7 12 17 13 17 13 20 9 18 18 10 19 11 19 10 5 4 8 6 9 5 8 4 ffffttttttttttttttttt
0123031434fffft	1211340340tfttt	1 0 3 2 3 0 14 1 1 8 3 10 3 8 14 19 11 17 12 18 12 17 13 15 14 11 14 9 14 7 13 16 5 16 19 4 20 4 20 6 14 5 ffffttttttttttttttttt
0123031434fffft	1211344003tfttt	1 0 3 2 3 0 9 1 1 13 3 14 3 13 9 10 9 15 9 7 8 17 8 16 9 18 18 20 19 20 19 11 10 4 12 4 12 6 9 5 5 16 ffffttttttttttttttttt
0123031434fffft	1211344300tfttt	1 0 3 2 3 0 14 1 1 15 3 16 3 15 14 18 12 20 18 9 19 11 19 9 14 10 14 8 14 7 10 17 12 17 5 4 13 6 14 5 13 4 ffffttttttttttttttttt
0123031434fffft	1230430144ttttf	1 0 3 2 3 0 10 1 15 18 17 18 17 20 10 19 10 12 10 15 10 8 6 14 7 16 7 14 12 4 9 5 9 4 10 6 1 11 3 13 3 11 ffffttttttttttttttttt
0123031434fffft	1230443301tttft	1 0 3 2 3 0 9 1 19 11 9 16 10 13 10 11 9 12 9 5 9 6 16 14 17 15 17 14 6 18 8 18 8 20 9 19 1 4 3 7 3 4 ffffttttttttttttttttt
0123031434fffft	1231430044ttttf	1 0 3 2 3 0 9 1 12 18 10 18 10 20 9 19 9 16 9 8 9 12 16 11 17 13 17 11 6 4 7 4 7 5 9 6 1 14 3 15 3 14 ffffttttttttttttttttt
0123031434fffft	1231443300tttft	1 0 3 2 3 0 7 1 19 10 7 8 7 12 7 5 6 14 7 13 8 15 9 15 9 16 17 11 17 10 13 4 6 4 7 19 1 18 3 20 3 18 ffffttttttttttttttttt
0123044313ffftf	0122304344ttttf	2 0 3 0 6 1 6 2 6 10 6 11 6 7 6 5 6 12 10 13 6 14 8 13 6 15 5 16 4 16 17 9 18 9 6 18 6 20 2 19 3 19 ffffttttttttttttttttt
0123044313ffftf	0122334044ttttf	2 0 3 0 10 1 10 2 10 5 10 8 10 9 9 12 11 12 10 14 10 15 10 13 18 16 10 17 4 16 10 18 5 19 6 19 10 20 2 7 3 7 ffffttttttttttttttttt
0123044313ffftf	0122343340tttft	2 0 3 0 6 1 6 2 6 10 6 9 6 7 6 5 10 12 11 12 6 13 6 14 14 16 15 16 6 17 6 18 5 19 4 19 6 20 2 8 3 8 ffffttttttttttttttttt
0123044313ffftf	0123223440ttftt	3 0 2 0 11 3 11 1 5 19 11 20 12 19 9 15 10 15 11 16 11 17 11 14 11 13 11 8 11 9 17 4 18 4 11 6 11 5 3 7 2 7 ffffttttttttttttttttt
0123044313ffftf	0123224034ttftt	3 0 2 0 14 3 14 1 5 19 14 20 15 19 13 4 16 4 14 6 14 5 9 11 10 11 14 12 14 18 14 17 14 13 14 8 14 9 3 7 2 7 ffffttttttttttttttttt
0123044313ffftf	0123224430ttftt	3 0 2 0 11 3 11 1 5 19 11 20 12 19 17 15 18 15 11 16 11 17 11 14 11 13 11 8 11 9 9 4 10 4 11 6 11 5 3 7 2 7 ffffttttttttttttttttt
0123044313ffftf	0123304244ttttf	2 0 3 0 10 1 10 2 10 14 8 12 9 12 10 13 10 6 10 7 10 11 10 8 14 16 15 16 10 17 10 18 7 19 4 19 10 20 2 5 3 5 ffffttttttttttttttttt
0123044313ffftf	0123324044ttttf	2 0 3 0 5 1 5 2 5 6 5 7 5 9 5 10 10 8 11 8 5 13 5 14 14 16 15 16 5 17 5 18 6 19 4 19 5 20 2 12 3 12 ffffttttttttttttttttt
0123044313ffftf	0123403244ttttf	2 0 3 0 10 1 10 2 10 8 10 9 10 5 8 12 10 13 11 12 10 15 10 14 5 16 4 16 10 18 10 17 17 19 10 20 6 19 2 7 3 7 ffffttttttttttttttttt
0123044313ffftf	0123423044ttttf	2 0 3 0 8 1 8 2 5 13 8 14 7 13 8 12 8 11 8 10 8 6 8 5 8 15 12 16 9 16 17 4 18 4 8 18 8 20 2 19 3 19 ffffttttttttttttttttt
0123044313ffftf	1200334144ttttf	2 0 3 0 5 1 5 2 5 6 5 4 5 9 5 10 14 12 15 12 5 13 5 14 10 16 11 16 5 17 5 18 6 19 7 19 5 20 2 8 3 8 ffffttttttttttttttttt
0123044313ffftf	1200343341tttft	2 0 3 0 8 1 8 2 16 19 18 19 8 20 8 13 8 7 8 10 8 12 13 15 14 15 8 17 8 16 6 4 8 5 9 4 8 6 2 11 3 11 ffffttttttttttttttttt
0123044313ffftf	1201304344ttttf	2 0 3 0 5 1 5 2 5 11 5 4 5 8 5 6 9 10 5 12 11 10 5 15 5 14 6 16 7 16 17 13 18 13 5 18 5 20 2 19 3 19 ffffttttttttttttttttt
0123044313ffftf	1201334044ttttf	2 0 3 0 5 1 5 2 5 8 5 4 5 7 5 11 5 14 5 13 13 10 15 10 7 16 5 17 6 16 5 18 8 19 9 19 5 20 2 12 3 12 ffffttttttttttttttttt
0123044313ffftf	1201343340tttft	2 0 3 0 9 1 9 2 11 19 12 19 9 20 9 16 9 15 9 7 9 8 9 13 9 11 10 18 16 4 17 4 9 5 9 6 6 18 2 14 3 14 ffffttttttttttttttttt
0123044313ffftf	1203403144ttttf	2 0 3 0 16 1 16 2 14 19 13 19 16 20 16 6 16 5 11 18 12 18 16 15 16 14 16 11 16 10 17 9 16 7 16 8 6 9 2 4 3 4 ffffttttttttttttttttt
0123044313ffftf	1211033440tfttt	2 0 3 0 12 1 12 2 2 7 3 7 12 16 10 14 11 14 12 15 12 8 12 9 12 6 12 10 16 18 17 18 12 20 12 19 19 4 12 5 13 4 ffffttttttttttttttttt
0123044313ffftf	1211034034tfttt	2 0 3 0 15 1 15 2 2 7 3 7 15 20 13 18 14 18 15 19 15 13 15 16 15 11 15 8 15 9 15 6 10 17 20 17 11 4 12 4 15 5 ffffttttttttttttttttt
0123044313ffftf	1211034430tfttt	2 0 3 0 9 1 9 2 2 12 3 12 9 15 9 16 9 13 9 6 9 7 9 8 8 14 10 14 20 18 9 19 11 18 9 20 15 4 17 4 9 5 ffffttttttttttttttttt
0123044313ffftf	1211334004tfttt	2 0 3 0 15 1 15 2 2 17 3 17 15 20 15 19 9 18 15 14 14 10 15 13 15 11 16 10 15 8 15 6 15 7 20 18 11 4 12 4 15 5 ffffttttttttttttttttt
0123044313ffftf	1211334400tfttt	2 0 3 0 9 1 9 2 2 12 3 12 9 15 9 16 9 13 9 6 9 7 9 8 15 14 17 14 20 18 9 19 11 18 9 20 8 4 10 4 9 5 ffffttttttttttttttttt
0123044313ffftf	1211340043tfttt	2 0 3 0 12 1 12 2 2 17 3 17 12 15 12 14 9 13 12 10 12 8 12 7 12 6 15 18 16 18 12 19 12 20 20 13 10 4 11 4 12 5 ffffttttttttttttttttt
0123044313ffftf	1211340340tfttt	2 0 3 0 16 1 16 2 2 8 3 8 16 19 16 20 11 18 12 18 15 10 16 13 16 11 17 10 16 15 16 9 16 6 16 7 19 4 16 5 14 4 ffffttttttttttttttttt
0123431303ffftf	0120324344ttttf	1 0 9 2 9 3 9 0 9 16 7 13 9 13 9 11 9 12 9 10 9 8 9 6 9 5 14 5 9 15 9 4 17 16 9 18 9 19 9 20 1 20 ffffttttttttttttttttt
0123431303ffftf	0120334244ttttf	1 0 9 2 9 3 9 0 9 15 7 13 9 13 9 11 9 12 9 10 9 8 9 6 9 5 14 5 9 16 9 17 9 18 9 19 9 20 4 20 1 19 ffffttttttttttttttttt
0123431303ffftf	0120343342tttft	1 0 8 2 8 3 8 0 6 12 8 12 8 10 8 11 8 9 8 7 8 5 8 4 13 4 8 15 8 17 8 16 8 18 8 19 14 20 8 20 1 18 ffffttttttttttttttttt
0123431303ffftf	0122334044ttttf	1 0 7 2 7 3 7 0 7 13 7 14 7 11 7 8 7 10 7 5 7 6 12 15 7 16 7 17 7 15 9 19 7 18 7 19 7 20 4 20 1 11 ffffttttttttttttttttt
0123431303ffftf	0122343340tttft	1 0 11 2 11 3 11 0 10 18 11 18 11 19 11 14 11 16 11 17 11 13 11 12 11 9 11 7 15 4 11 6 11 5 11 4 8 20 11 20 1 14 ffffttttttttttttttttt
0123431303ffftf	0123223440ttftt	2 0 11 0 11 3 11 1 10 20 11 20 7 17 11 18 11 19 11 17 11 15 11 14 11 16 11 12 11 8 11 9 11 6 13 4 11 5 11 4 2 6 ffffttttttttttttttttt
0123431303ffftf	0123224430ttftt	2 0 12 0 12 3 12 1 10 20 12 20 13 17 12 17 12 18 12 19 12 15 12 16 12 14 12 11 12 9 12 7 12 6 8 4 12 5 12 4 2 6 ffffttttttttttttttttt
0123431303ffftf	0123304244ttttf	1 0 15 2 15 3 15 0 14 18 15 18 15 19 15 4 15 5 15 6 11 4 15 8 15 7 15 10 15 17 15 16 15 12 15 13 9 20 15 20 1 10 ffffttttttttttttttttt
0123431303ffftf	0123403244ttttf	1 0 9 2 9 3 9 0 9 11 9 13 9 14 9 6 9 4 9 10 9 8 12 15 9 16 9 17 9 15 5 18 9 19 9 18 7 20 9 20 1 11 ffffttttttttttttttttt
0123431303ffftf	1200314344ttttf	1 0 9 2 9 3 9 0 9 11 9 12 9 13 9 5 9 4 9 6 9 8 7 14 9 14 9 15 10 16 9 16 17 11 9 18 9 19 9 20 1 20 ffffttttttttttttttttt
0123431303ffftf	1201304344ttttf	1 0 8 2 8 3 8 0 8 14 8 15 8 5 8 4 8 13 8 10 8 11 8 12 6 12 8 7 9 16 8 16 17 14 8 18 8 19 8 20 1 20 ffffttttttttttttttttt
0123431303ffftf	1201334044ttttf	1 0 11 2 11 3 11 0 13 19 11 19 11 18 11 6 11 5 11 4 11 17 11 16 10 12 11 14 11 15 11 12 11 8 11 9 11 20 7 20 1 4 ffffttttttttttttttttt
0123431303ffftf	1201343340tttft	1 0 10 2 10 3 10 0 14 20 10 20 10 17 10 18 10 19 10 8 10 7 10 6 10 11 9 13 10 15 10 16 10 13 12 4 10 5 10 4 1 17 ffffttttttttttttttttt
0123431303ffftf	1203314044ttttf	1 0 7 2 7 3 7 0 7 13 7 14 7 11 7 8 7 10 7 5 7 6 9 16 7 17 7 15 7 16 7 18 4 18 7 19 12 20 7 20 1 11 ffffttttttttttttttttt
0123431303ffftf	1203403144ttttf	1 0 13 2 13 3 13 0 10 20 13 20 8 14 13 14 13 11 13 12 13 9 13 7 13 6 13 15 16 6 13 17 13 19 13 18 13 4 13 5 1 4 ffffttttttttttttttttt
0123431303ffftf	1203413044ttttf	1 0 12 2 12 3 12 0 16 20 12 20 12 13 12 14 12 15 12 11 12 7 12 6 12 8 10 17 12 17 12 18 12 19 9 4 12 4 12 5 1 13 ffffttttttttttttttttt
0123431303ffftf	1211033440tfttt	1 0 13 2 13 3 13 0 1 6 13 16 12 16 13 17 13 18 13 11 13 14 13 15 13 8 13 7 13 5 13 6 9 19 13 20 13 19 10 4 13 4 ffffttttttttttttttttt
0123431303ffftf	1211034034tfttt	1 0 10 2 10 3 10 0 1 18 10 14 10 15 5 7 10 9 10 11 10 12 10 7 10 6 10 17 10 16 10 18 10 19 10 20 13 19 8 4 10 4 ffffttttttttttttttttt
0123431303ffftf	1211034430tfttt	1 0 13 2 13 3 13 0 1 6 13 16 12 16 13 17 13 18 13 11 13 14 13 15 13 8 13 7 13 5 13 6 10 19 13 20 13 19 9 4 13 4 ffffttttttttttttttttt
0123431303ffftf	1211330440tfttt	1 0 14 2 14 3 14 0 1 8 14 16 14 17 14 18 9 16 14 11 14 13 14 15 14 6 14 5 14 7 14 8 12 19 14 19 14 20 10 4 14 4 ffffttttttttttttttttt
0123431303ffftf	1211334004tfttt	1 0 9 2 9 3 9 0 1 18 9 14 9 15 13 7 9 10 9 12 9 11 9 7 9 6 9 17 9 16 9 18 9 19 9 20 5 19 8 4 9 4 ffffttttttttttttttttt
0123431303ffftf	1211340340tfttt	1 0 8 2 8 3 8 0 1 17 13 5 8 7 8 9 8 10 8 5 8 12 8 14 8 15 8 18 8 16 8 17 8 19 6 19 8 20 11 4 8 4 ffffttttttttttttttttt
0123431303ffftf	1211344003tfttt	1 0 14 2 14 3 14 0 1 8 14 16 14 17 14 18 9 16 14 13 14 15 14 10 14 6 14 5 14 7 14 8 12 19 14 19 14 20 11 4 14 4 ffffttttttttttttttttt
0123431303ffftf	1211344300tfttt	1 0 9 2 9 3 9 0 1 17 11 5 9 7 9 8 9 5 9 10 9 12 9 14 9 15 9 18 9 16 9 17 9 19 6 19 9 20 13 4 9 4 ffffttttttttttttttttt
0123431303ffftf	1230430144ttttf	1 0 11 2 11 3 11 0 12 20 11 20 11 13 11 14 11 16 11 7 11 6 11 8 11 10 9 17 11 17 11 18 11 19 15 4 11 5 11 4 1 13 ffffttttttttttttttttt
0123431303ffftf	1230443301tttft	1 0 10 2 10 3 10 0 12 16 10 17 10 15 10 16 10 13 10 14 10 11 10 9 10 6 10 7 10 4 10 18 8 18 10 19 5 20 10 20 1 4 ffffttttttttttttttttt
0123431303ffftf	1231430044ttttf	1 0 16 2 16 3 16 0 11 20 16 20 16 17 16 18 16 19 16 15 9 10 16 12 16 13 16 10 16 7 16 6 16 8 14 4 16 4 16 5 1 17 ffffttttttttttttttttt
0123431303ffftf	1231443300tttft	1 0 13 2 13 3 13 0 17 6 13 15 11 15 13 16 13 7 13 5 13 6 13 9 13 10 13 14 13 12 8 4 13 4 13 18 13 19 13 20 1 20 ffffttttttttttttttttt
