0102132434fffft	01203233tttf	1 0 2 0 3 1 9 2 9 16 6 12 7 12 8 13 9 11 9 10 9 7 4 6 15 5 16 5 1 14 2 14 3 15 ffffttttttttttttt
0102132434fffft	01223033tttf	1 0 2 0 3 1 9 2 9 7 6 10 7 10 8 11 9 12 9 13 15 14 16 14 4 15 9 16 1 5 2 5 3 6 ffffttttttttttttt
0102132434fffft	01232230ttft	1 0 2 0 3 1 8 2 5 10 6 10 7 11 8 12 8 9 8 6 11 14 12 14 13 15 8 16 1 4 2 4 3 5 ffffttttttttttttt
0102132434fffft	12003133tttf	1 0 2 0 3 1 5 2 5 8 5 4 11 10 12 10 13 11 5 12 7 14 8 14 9 15 5 16 1 6 2 6 3 7 ffffttttttttttttt
0102132434fffft	12013033tttf	1 0 2 0 3 1 5 2 5 12 5 4 5 9 11 7 12 7 13 8 8 14 9 14 6 15 5 16 1 10 2 10 3 11 ffffttttttttttttt
0102132434fffft	12113300tftt	1 0 2 0 3 1 9 2 1 10 2 10 3 11 9 15 9 12 9 7 14 13 15 13 16 14 5 4 6 4 8 5 9 6 ffffttttttttttttt
0102321422fffft	01203233tttf	1 0 2 0 2 3 8 1 8 15 6 11 9 11 8 12 9 13 9 10 8 6 15 5 16 5 16 7 1 14 2 14 2 4 ffffttttttttttttt
0102321422fffft	01223033tttf	1 0 2 0 2 3 9 1 9 6 6 10 8 10 9 11 8 13 8 12 15 14 16 14 16 4 9 15 1 5 2 5 2 7 ffffttttttttttttt
0102321422fffft	01232230ttft	1 0 2 0 2 3 13 1 5 10 6 10 6 11 13 12 8 9 13 5 12 14 13 15 8 14 8 16 1 4 2 4 2 7 ffffttttttttttttt
0102321422fffft	12003133tttf	1 0 2 0 2 3 12 1 12 8 9 4 11 10 12 11 5 10 5 13 8 14 9 14 9 16 12 15 1 6 2 6 2 7 ffffttttttttttttt
0102321422fffft	12013033tttf	1 0 2 0 2 3 12 1 12 11 7 4 5 8 5 9 11 8 12 6 6 14 7 14 7 16 12 15 1 10 2 10 2 13 ffffttttttttttttt
0102321422fffft	12110330tftt	1 0 2 0 2 3 7 1 1 9 2 9 2 8 2 12 7 14 5 13 6 13 7 10 6 16 14 4 15 4 15 11 7 5 ffffttttttttttttt
0102321422fffft	12113300tftt	1 0 2 0 2 3 6 1 1 14 2 14 2 16 2 8 6 12 7 10 6 15 5 4 7 4 6 5 12 11 9 11 9 13 ffffttttttttttttt
0102322412fffft	01223033tttf	1 0 2 0 2 3 7 2 7 8 6 10 8 10 8 11 8 13 7 12 15 14 16 14 16 4 7 16 1 5 2 5 2 9 ffffttttttttttttt
0102322412fffft	01232230ttft	1 0 2 0 2 3 13 2 5 10 6 10 6 11 13 9 13 6 9 8 12 14 13 16 9 14 9 15 1 4 2 4 2 7 ffffttttttttttttt
0102322412fffft	12003133tttf	1 0 2 0 2 3 12 2 12 9 12 6 9 4 11 10 6 10 6 13 8 14 9 14 9 15 12 16 1 7 2 7 2 5 ffffttttttttttttt
0102322412fffft	12110330tftt	1 0 2 0 2 3 6 2 1 10 2 10 2 11 2 8 6 15 6 12 5 13 7 13 7 16 14 4 15 4 15 9 6 7 ffffttttttttttttt
0102322412fffft	12113300tftt	1 0 2 0 2 3 6 2 1 14 2 14 2 15 2 8 6 9 7 10 6 16 5 4 7 4 6 7 12 11 9 11 9 13 ffffttttttttttttt
0102324213fftff	01203233tttf	2 0 3 2 7 0 7 1 5 11 7 11 7 12 7 8 7 9 6 10 7 4 13 4 14 5 7 15 7 16 2 15 3 13 ffffttttttttttttt
0102324213fftff	01232230ttft	2 0 3 2 8 0 8 1 8 12 7 13 4 12 8 11 8 10 8 6 8 5 14 9 13 15 8 15 8 16 2 6 3 4 ffffttttttttttttt
0102324213fftff	12013033tttf	2 0 3 2 7 0 7 1 10 15 7 15 7 16 7 8 7 9 11 14 7 12 7 13 5 12 6 10 7 4 2 4 3 5 ffffttttttttttttt
0102324213fftff	12113300tftt	2 0 3 2 10 0 10 1 2 14 3 16 10 4 10 5 12 4 13 12 10 11 10 9 10 14 10 15 6 8 7 6 10 8 ffffttttttttttttt
0102341224fffft	01203233tttf	1 0 3 0 3 1 8 2 5 12 6 12 8 11 6 10 8 9 8 7 13 4 13 5 15 4 8 14 3 15 3 16 1 16 ffffttttttttttttt
0102341224fffft	01223033tttf	1 0 3 0 3 1 7 2 5 10 6 10 7 13 7 12 6 11 7 8 15 16 9 16 7 14 9 15 3 5 3 4 1 4 ffffttttttttttttt
0102341224fffft	01232230ttft	2 0 3 2 3 0 8 1 5 10 7 10 7 11 8 13 8 9 8 6 11 14 12 14 8 16 12 15 2 4 3 4 3 5 ffffttttttttttttt
0102341224fffft	12003133tttf	1 0 3 0 3 1 8 2 11 16 13 16 8 14 13 15 8 9 8 12 5 4 6 4 6 5 8 7 3 11 3 10 1 10 ffffttttttttttttt
0102341224fffft	12013033tttf	1 0 3 0 3 1 8 2 11 16 9 16 8 14 9 15 8 13 8 12 5 10 6 10 6 11 8 7 3 5 3 4 1 4 ffffttttttttttttt
0102341224fffft	12110330tftt	1 0 3 0 3 1 11 2 1 16 3 16 3 8 10 13 10 12 11 15 11 7 11 9 13 4 14 4 11 6 14 5 5 12 ffffttttttttttttt
0102341224fffft	12113300tftt	1 0 3 0 3 1 9 2 1 10 3 10 3 11 15 14 9 7 9 12 14 13 15 13 9 16 5 4 8 4 9 6 8 5 ffffttttttttttttt
0102341424fffft	01203233tttf	1 0 2 0 9 3 9 1 9 16 6 14 7 14 9 12 9 11 9 10 9 8 13 5 9 6 9 4 16 5 1 15 2 15 ffffttttttttttttt
0102341424fffft	01232230ttft	1 0 3 0 9 1 9 2 5 12 6 12 9 14 9 13 9 11 9 10 9 7 9 5 13 15 8 15 9 16 1 4 3 4 ffffttttttttttttt
0102341424fffft	12003133tttf	1 0 2 0 7 3 7 1 7 9 7 10 7 4 7 5 13 12 6 12 7 13 7 14 9 15 11 15 7 16 1 8 2 8 ffffttttttttttttt
0102341424fffft	12013033tttf	1 0 2 0 7 3 7 1 7 13 7 14 7 4 7 5 6 11 7 10 7 8 13 11 8 15 9 15 7 16 1 12 2 12 ffffttttttttttttt
0102341424fffft	12110330tftt	1 0 2 0 12 3 12 1 1 16 2 16 12 14 10 13 12 15 12 11 12 6 12 7 12 8 14 4 9 4 12 5 5 13 ffffttttttttttttt
0123031434fffft	01203233tttf	1 0 3 2 3 0 9 1 9 15 7 13 8 13 8 12 9 11 9 10 9 7 4 6 4 5 15 5 1 14 3 16 3 14 ffffttttttttttttt
0123031434fffft	01223033tttf	1 0 3 2 3 0 9 1 9 7 7 10 8 10 8 13 9 11 9 12 15 14 4 16 9 15 4 14 1 5 3 6 3 5 ffffttttttttttttt
0123031434fffft	01232230ttft	1 0 3 2 3 0 8 1 5 10 7 11 7 10 8 12 8 9 8 5 12 14 13 14 13 16 8 15 1 4 3 6 3 4 ffffttttttttttttt
0123031434fffft	12003133tttf	1 0 3 2 3 0 5 1 5 7 5 4 12 10 13 11 13 10 5 12 7 14 9 14 9 16 5 15 1 6 3 8 3 6 ffffttttttttttttt
0123031434fffft	12013033tttf	1 0 3 2 3 0 5 1 5 12 5 4 5 8 12 7 13 9 13 7 8 14 6 14 6 16 5 15 1 10 3 11 3 10 ffffttttttttttttt
0123031434fffft	12110330tftt	1 0 3 2 3 0 11 1 1 16 3 9 3 16 11 14 10 13 10 12 11 8 11 7 14 4 15 4 15 6 11 5 5 12 ffffttttttttttttt
0123031434fffft	12113300tftt	1 0 3 2 3 0 9 1 1 10 3 11 3 10 9 14 9 12 9 7 14 13 15 13 15 16 5 4 8 6 9 5 8 4 ffffttttttttttttt
0123044313ffftf	01223033tttf	2 0 3 0 6 1 6 2 6 10 6 9 6 7 6 5 10 12 11 12 6 13 6 14 5 15 4 15 6 16 2 8 3 8 ffffttttttttttttt
0123044313ffftf	01232230ttft	3 0 2 0 8 3 8 1 6 12 7 12 8 14 8 13 8 11 8 10 8 5 8 6 13 15 8 16 9 15 3 4 2 4 ffffttttttttttttt
0123044313ffftf	12013033tttf	2 0 3 0 6 1 6 2 6 14 6 13 6 4 6 5 6 10 6 8 7 11 14 11 8 15 9 15 6 16 2 12 3 12 ffffttttttttttttt
0123044313ffftf	12110330tftt	2 0 3 0 12 1 12 2 2 8 3 8 12 15 12 16 11 14 13 14 12 11 12 9 12 6 12 7 15 4 12 5 10 4 ffffttttttttttttt
0123431303ffftf	01203233tttf	1 0 9 2 9 3 9 0 9 16 7 13 9 13 9 11 9 12 9 10 9 8 9 6 9 5 14 5 9 15 9 4 1 16 ffffttttttttttttt
0123431303ffftf	12003133tttf	1 0 9 2 9 3 9 0 9 11 9 12 9 13 9 5 9 4 9 6 9 8 7 14 9 14 9 15 10 16 9 16 1 11 ffffttttttttttttt
0123431303ffftf	12013033tttf	1 0 8 2 8 3 8 0 8 14 8 15 8 5 8 4 8 13 8 10 8 11 8 12 6 12 8 7 9 16 8 16 1 14 ffffttttttttttttt
0123431303ffftf	12110330tftt	1 0 10 2 10 3 10 0 1 7 10 15 10 16 12 15 10 13 10 14 10 11 10 9 10 6 10 5 10 7 8 4 10 4 ffffttttttttttttt
0123431303ffftf	12113300tftt	1 0 10 2 10 3 10 0 1 6 10 15 8 15 10 16 10 13 10 14 10 11 10 9 10 7 10 5 10 6 12 4 10 4 ffffttttttttttttt
