121121fft	01020303ffft	2 1 1 1 3 2 3 4 3 5 3 6 3 6 fffffft
121121fft	01020313ffft	2 1 1 1 3 2 3 4 3 5 3 6 4 6 fffffft
121121fft	01020313fftt	2 1 1 1 3 2 3 4 3 5 3 6 4 6 ffffftt
121121fft	01020313fttt	2 1 1 1 3 2 3 4 3 5 3 6 4 6 ffffttt
121121fft	01020323ffft	2 1 1 1 3 2 3 4 3 5 3 6 5 6 fffffft
121121fft	01020323fftt	2 1 1 1 3 2 3 4 3 5 3 6 5 6 ffffftt
121121fft	01020323fttt	2 1 1 1 3 2 3 4 3 5 3 6 5 6 ffffttt
121121fft	01020333ffft	2 1 1 1 3 2 3 4 3 5 3 6 6 6 fffffft
121121fft	01020333fftt	2 1 1 1 3 2 3 4 3 5 3 6 6 6 ffffftt
121121fft	01020333fttt	2 1 1 1 3 2 3 4 3 5 3 6 6 6 ffffttt
121121fft	01021313ffft	2 1 1 1 3 2 3 4 3 5 4 6 4 6 fffffft
121121fft	01021323ffft	2 1 1 1 3 2 3 4 3 5 4 6 5 6 fffffft
121121fft	01021323fftt	2 1 1 1 3 2 3 4 3 5 4 6 5 6 ffffftt
121121fft	01021323fttt	2 1 1 1 3 2 3 4 3 5 4 6 5 6 ffffttt
121121fft	01021333ffft	2 1 1 1 3 2 3 4 3 5 4 6 6 6 fffffft
121121fft	01021333fftt	2 1 1 1 3 2 3 4 3 5 4 6 6 6 ffffftt
121121fft	01021333fttt	2 1 1 1 3 2 3 4 3 5 4 6 6 6 ffffttt
121121fft	01022323ffft	2 1 1 1 3 2 3 4 3 5 5 6 5 6 fffffft
121121fft	01022333ffft	2 1 1 1 3 2 3 4 3 5 5 6 6 6 fffffft
121121fft	01023201ffft	2 1 1 1 3 2 3 4 3 5 6 5 3 4 fffffft
121121fft	01023201fftt	2 1 1 1 3 2 3 4 3 5 6 5 3 4 ffffftt
121121fft	01023201fttt	2 1 1 1 3 2 3 4 3 6 3 4 5 6 ffffttt
121121fft	01023202ffft	2 1 1 1 3 2 3 4 3 5 6 5 3 5 fffffft
121121fft	01023202fftt	2 1 1 1 3 2 3 4 3 5 6 5 3 5 ffffftt
121121fft	01023211ffft	2 1 1 1 3 2 3 4 3 5 6 5 4 4 fffffft
121121fft	01023211fftf	2 1 1 1 3 2 3 5 5 5 3 6 4 6 fffffft
121121fft	01023211fftt	2 1 1 1 3 2 3 4 3 5 6 5 4 4 ffffftt
121121fft	01023211fttf	2 1 1 1 3 2 3 5 5 5 3 6 4 6 ffffftt
121121fft	01023211fttt	2 1 1 1 3 2 3 4 3 5 6 5 4 4 ffffttt
121121fft	01023212ffft	2 1 1 1 3 2 3 4 3 5 6 5 4 5 fffffft
121121fft	01023212fftf	2 1 1 1 3 2 3 4 3 6 4 6 5 6 fffffft
121121fft	01023212fftt	2 1 1 1 3 2 3 4 3 5 6 5 4 5 ffffftt
121121fft	01023212fttf	2 1 1 1 3 2 3 5 5 6 3 6 4 6 ffffftt
121121fft	01023212fttt	2 1 1 1 3 2 3 4 3 5 6 5 4 5 ffffttt
121121fft	01023221ffft	2 1 1 1 3 2 3 4 3 5 6 5 5 4 fffffft
121121fft	01023221fftf	2 1 1 1 3 2 3 4 3 6 6 4 5 6 fffffft
121121fft	01023221fftt	2 1 1 1 3 2 3 4 3 5 6 5 5 4 ffffftt
121121fft	01023221fttf	2 1 1 1 3 2 3 5 6 5 3 6 4 6 ffffftt
121121fft	01023221fttt	2 1 1 1 3 2 3 4 3 5 6 5 5 4 ffffttt
121121fft	01023222ffft	2 1 1 1 3 2 3 4 3 5 6 5 5 5 fffffft
121121fft	01023222fftf	2 1 1 1 3 2 3 4 3 6 6 6 5 6 fffffft
121121fft	01023222fttf	2 1 1 1 3 2 3 5 6 6 3 6 4 6 ffffftt
121121fft	01023231ffft	2 1 1 1 3 2 3 4 3 5 6 5 6 4 fffffft
121121fft	01023231fftt	2 1 1 1 3 2 3 4 3 5 6 5 6 4 ffffftt
121121fft	01023231fttt	2 1 1 1 3 2 3 4 3 5 6 5 6 4 ffffttt
121121fft	01023232ffft	2 1 1 1 3 2 3 4 3 5 6 5 6 5 fffffft
121121fft	01023232fftf	2 1 1 1 3 2 3 4 3 6 5 6 5 6 fffffft
121121fft	01023233ffft	2 1 1 1 3 2 3 4 3 5 6 5 6 6 fffffft
121121fft	01023333ffft	2 1 1 1 3 2 3 4 3 5 6 6 6 6 fffffft
121121fft	01121313ffft	2 1 1 1 3 2 3 4 4 5 4 6 4 6 fffffft
121121fft	01121323ffft	2 1 1 1 3 2 3 4 4 5 4 6 5 6 fffffft
121121fft	01121323fftt	2 1 1 1 3 2 3 4 4 5 4 6 5 6 ffffftt
121121fft	01121333ffft	2 1 1 1 3 2 3 4 4 5 4 6 6 6 fffffft
121121fft	01121333fftt	2 1 1 1 3 2 3 4 4 5 4 6 6 6 ffffftt
121121fft	01122323ffft	2 1 1 1 3 2 3 4 4 5 5 6 5 6 fffffft
121121fft	01122333ffft	2 1 1 1 3 2 3 4 4 5 5 6 6 6 fffffft
121121fft	01123212ffft	2 1 1 1 3 2 3 4 4 5 6 5 4 5 fffffft
121121fft	01123212fftt	2 1 1 1 3 2 3 4 4 5 6 5 4 5 ffffftt
121121fft	01123222ffft	2 1 1 1 3 2 3 4 4 5 6 5 5 5 fffffft
121121fft	01123222fftf	2 1 1 1 3 2 3 4 4 6 6 6 5 6 fffffft
121121fft	01123232ffft	2 1 1 1 3 2 3 4 4 5 6 5 6 5 fffffft
121121fft	01123233ffft	2 1 1 1 3 2 3 4 4 5 6 5 6 6 fffffft
121121fft	01123333ffft	2 1 1 1 3 2 3 4 4 5 6 6 6 6 fffffft
121121fft	01210321ffft	2 1 1 1 3 2 3 4 5 4 3 6 5 4 fffffft
121121fft	01210321fftt	2 1 1 1 3 2 3 4 5 4 3 6 5 4 ffffftt
121121fft	01210323ffft	2 1 1 1 3 2 3 4 5 4 3 6 5 6 fffffft
121121fft	01210323fftt	2 1 1 1 3 2 3 4 5 4 3 6 5 6 ffffftt
121121fft	01210333ffft	2 1 1 1 3 2 3 4 5 4 3 6 6 6 fffffft
121121fft	01210333fftt	2 1 1 1 3 2 3 4 5 4 3 6 6 6 ffffftt
121121fft	01210333ftft	2 1 1 1 3 2 3 5 3 6 4 5 6 6 ffffftt
121121fft	01210333fttt	2 1 1 1 3 2 3 4 6 4 5 5 3 5 ffffttt
121121fft	01211321ffft	2 1 1 1 3 2 3 4 5 4 4 6 5 4 fffffft
121121fft	01211321fftt	2 1 1 1 3 2 3 4 5 4 4 6 5 4 ffffftt
121121fft	01211323ffft	2 1 1 1 3 2 3 4 5 4 4 6 5 6 fffffft
121121fft	01211323fftt	2 1 1 1 3 2 3 4 5 4 4 6 5 6 ffffftt
121121fft	01211333ffft	2 1 1 1 3 2 3 4 5 4 4 6 6 6 fffffft
121121fft	01211333fftt	2 1 1 1 3 2 3 4 5 4 4 6 6 6 ffffftt
121121fft	01211333ftft	2 1 1 1 3 2 3 5 5 6 4 5 6 6 ffffftt
121121fft	01212321ffft	2 1 1 1 3 2 3 4 5 4 5 6 5 4 fffffft
121121fft	01212321fftt	2 1 1 1 3 2 3 4 5 4 5 6 5 4 ffffftt
121121fft	01212322ffft	2 1 1 1 3 2 3 4 5 4 5 6 5 5 fffffft
121121fft	01212322fftf	2 1 1 1 3 2 3 4 6 4 6 6 6 5 fffffft
121121fft	01212323ffft	2 1 1 1 3 2 3 4 5 4 5 6 5 6 fffffft
121121fft	01212333ffft	2 1 1 1 3 2 3 4 5 4 5 6 6 6 fffffft
121121fft	01212333ftft	2 1 1 1 3 2 3 5 4 6 4 5 6 6 ffffftt
121121fft	01213101ffft	2 1 1 1 3 2 3 4 5 4 6 4 3 4 fffffft
121121fft	01213101fftt	2 1 1 1 3 2 3 4 5 4 6 4 3 4 ffffftt
121121fft	01213101ftft	2 1 1 1 3 2 3 5 6 5 4 5 3 5 ffffftt
121121fft	01213101fttt	2 1 1 1 3 2 3 4 5 4 6 4 3 4 ffffttt
121121fft	01213111ffft	2 1 1 1 3 2 3 4 5 4 6 4 4 4 fffffft
121121fft	01213111fftf	2 1 1 1 3 2 3 5 5 5 6 5 4 5 fffffft
121121fft	01213111fftt	2 1 1 1 3 2 3 4 5 4 6 4 4 4 ffffftt
121121fft	01213111ftff	2 1 1 1 3 2 3 6 5 6 6 6 4 6 fffffft
121121fft	01213111ftft	2 1 1 1 3 2 3 5 6 5 4 5 5 5 ffffftt
121121fft	01213111fttf	2 1 1 1 3 2 3 5 5 5 6 5 4 5 ffffftt
121121fft	01213121ffft	2 1 1 1 3 2 3 4 5 4 6 4 5 4 fffffft
121121fft	01213121fttf	2 1 1 1 3 2 3 5 6 5 6 5 4 5 ffffftt
121121fft	01213123ffft	2 1 1 1 3 2 3 4 5 4 6 4 5 6 fffffft
121121fft	01213123fftt	2 1 1 1 3 2 3 4 5 4 6 4 5 6 ffffftt
121121fft	01213131ffft	2 1 1 1 3 2 3 4 5 4 6 4 6 4 fffffft
121121fft	01213131ftft	2 1 1 1 3 2 3 5 6 5 4 5 6 5 ffffftt
121121fft	01213132ffft	2 1 1 1 3 2 3 4 5 4 6 4 6 5 fffffft
121121fft	01213132fftt	2 1 1 1 3 2 3 4 5 4 6 4 6 5 ffffftt
121121fft	01213133ffft	2 1 1 1 3 2 3 4 5 4 6 4 6 6 fffffft
121121fft	01213133fftt	2 1 1 1 3 2 3 4 5 4 6 4 6 6 ffffftt
121121fft	01213133ftft	2 1 1 1 3 2 3 5 6 5 4 5 6 6 ffffftt
121121fft	01213232ffft	2 1 1 1 3 2 3 4 5 4 6 5 6 5 fffffft
121121fft	01213233ffft	2 1 1 1 3 2 3 4 5 4 6 5 6 6 fffffft
121121fft	01213321ffft	2 1 1 1 3 2 3 4 5 4 6 6 5 4 fffffft
121121fft	01213321fftt	2 1 1 1 3 2 3 4 5 4 6 6 5 4 ffffftt
121121fft	01213323ffft	2 1 1 1 3 2 3 4 5 4 6 6 5 6 fffffft
121121fft	01213333ffft	2 1 1 1 3 2 3 4 5 4 6 6 6 6 fffffft
121121fft	01213333ftft	2 1 1 1 3 2 3 5 6 6 4 5 6 6 ffffftt
121121fft	01222323ffft	2 1 1 1 3 2 3 4 5 5 5 6 5 6 fffffft
121121fft	01222333ffft	2 1 1 1 3 2 3 4 5 5 5 6 6 6 fffffft
121121fft	01223232ffft	2 1 1 1 3 2 3 4 5 5 6 5 6 5 fffffft
121121fft	01223233ffft	2 1 1 1 3 2 3 4 5 5 6 5 6 6 fffffft
121121fft	01223333ffft	2 1 1 1 3 2 3 4 5 5 6 6 6 6 fffffft
121121fft	01230113fttt	2 1 1 1 3 2 3 4 6 5 4 5 3 4 ffffttt
121121fft	01230123fftt	2 1 1 1 3 2 3 4 5 6 3 4 5 6 ffffftt
121121fft	01230133fftt	2 1 1 1 3 2 3 4 5 6 3 4 6 6 ffffftt
121121fft	01230133fttt	2 1 1 1 3 2 3 4 6 5 5 5 3 4 ffffttt
121121fft	01230313ffft	2 1 1 1 3 2 3 4 5 6 3 6 4 6 fffffft
121121fft	01230313ftft	2 1 1 1 3 2 3 5 3 6 4 6 5 6 ffffftt
121121fft	01230313fttt	2 1 1 1 3 2 3 4 6 5 4 5 3 5 ffffttt
121121fft	01230323ffft	2 1 1 1 3 2 3 4 5 6 3 6 5 6 fffffft
121121fft	01230323fftt	2 1 1 1 3 2 3 4 5 6 3 6 5 6 ffffftt
121121fft	01230333ffft	2 1 1 1 3 2 3 4 5 6 3 6 6 6 fffffft
121121fft	01230333fftt	2 1 1 1 3 2 3 4 5 6 3 6 6 6 ffffftt
121121fft	01230333ftft	2 1 1 1 3 2 3 5 3 6 4 6 6 6 ffffftt
121121fft	01230333fttt	2 1 1 1 3 2 3 4 6 5 5 5 3 5 ffffttt
121121fft	01231123ffft	2 1 1 1 3 2 3 5 5 5 4 6 4 6 fffffft
121121fft	01231123fftt	2 1 1 1 3 2 3 4 5 6 4 4 5 6 ffffftt
121121fft	01231133ffft	2 1 1 1 3 2 3 5 5 5 4 6 6 6 fffffft
121121fft	01231133fftt	2 1 1 1 3 2 3 4 5 6 4 4 6 6 ffffftt
121121fft	01231133ftft	2 1 1 1 3 2 3 5 5 5 4 6 6 6 ffffftt
121121fft	01231323fftt	2 1 1 1 3 2 3 4 5 6 4 6 5 6 ffffftt
121121fft	01231333fftt	2 1 1 1 3 2 3 4 5 6 4 6 6 6 ffffftt
121121fft	01231333ftft	2 1 1 1 3 2 3 5 5 6 4 6 6 6 ffffftt
121121fft	01232123fftt	2 1 1 1 3 2 3 4 5 6 5 4 5 6 ffffftt
121121fft	01232133fftt	2 1 1 1 3 2 3 4 5 6 5 4 6 6 ffffftt
121121fft	01232222fftf	2 1 1 1 3 2 3 4 6 5 6 6 6 6 fffffft
121121fft	01232313ftft	2 1 1 1 3 2 3 5 4 6 4 6 5 6 ffffftt
121121fft	01232333ftft	2 1 1 1 3 2 3 5 4 6 4 6 6 6 ffffftt
121121fft	01233123ffft	2 1 1 1 3 2 3 4 5 6 6 4 5 6 fffffft
121121fft	01233123fftt	2 1 1 1 3 2 3 4 5 6 6 4 5 6 ffffftt
121121fft	01233133ffft	2 1 1 1 3 2 3 4 5 6 6 4 6 6 fffffft
121121fft	01233133fftt	2 1 1 1 3 2 3 4 5 6 6 4 6 6 ffffftt
121121fft	01233133ftft	2 1 1 1 3 2 3 5 6 5 4 6 6 6 ffffftt
121121fft	01233323ffft	2 1 1 1 3 2 3 4 5 6 6 6 5 6 fffffft
121121fft	01233333ffft	2 1 1 1 3 2 3 4 5 6 6 6 6 6 fffffft
121121fft	01233333ftft	2 1 1 1 3 2 3 5 6 6 4 6 6 6 ffffftt
