121121fft	010202fft	2 1 1 1 3 2 3 4 3 5 3 5 ffffft
121121fft	010212fft	2 1 1 1 3 2 3 4 3 5 4 5 ffffft
121121fft	010212ftt	2 1 1 1 3 2 3 4 3 5 4 5 fffftt
121121fft	010222fft	2 1 1 1 3 2 3 4 3 5 5 5 ffffft
121121fft	010222ftt	2 1 1 1 3 2 3 4 3 5 5 5 fffftt
121121fft	011212fft	2 1 1 1 3 2 3 4 4 5 4 5 ffffft
121121fft	011222fft	2 1 1 1 3 2 3 4 4 5 5 5 ffffft
121121fft	012101fft	2 1 1 1 3 2 3 4 5 4 3 4 ffffft
121121fft	012101ftt	2 1 1 1 3 2 3 4 5 4 3 4 fffftt
121121fft	012111fft	2 1 1 1 3 2 3 4 5 4 4 4 ffffft
121121fft	012111ftf	2 1 1 1 3 2 3 5 5 5 4 5 ffffft
121121fft	012121fft	2 1 1 1 3 2 3 4 5 4 5 4 ffffft
121121fft	012122fft	2 1 1 1 3 2 3 4 5 4 5 5 ffffft
121121fft	012222fft	2 1 1 1 3 2 3 4 5 5 5 5 ffffft
