0101ft	0112233444ttttf	1 0 1 2 1 3 1 4 1 0 ftttt
0101ft	0112234444ttttf	1 0 1 2 1 3 1 4 1 0 ftttt
0101ft	0112333444ttttf	1 0 1 2 1 3 1 4 1 0 ftttt
0101ft	0112334444ttttf	1 0 1 2 1 3 1 4 1 0 ftttt
0101ft	0112343333tttft	1 0 1 2 1 3 1 4 1 0 ftttt
0101ft	0122233444ttttf	1 0 1 2 1 3 1 4 1 0 ftttt
0101ft	0122234444ttttf	1 0 1 2 1 3 1 4 1 0 ftttt
0101ft	0122333444ttttf	1 0 1 2 1 3 1 4 1 0 ftttt
0101ft	0122334444ttttf	1 0 1 2 1 3 1 4 1 0 ftttt
0101ft	0122343333tttft	1 0 1 2 1 3 1 4 1 0 ftttt
0101ft	0123222422ttftt	1 0 1 2 1 3 1 4 1 0 ftttt
0101ft	0123242244ttttf	1 0 1 2 1 3 1 4 1 0 ftttt
0101ft	0123442244ttttf	1 0 1 2 1 3 1 4 1 0 ftttt
0101ft	0123444244ttttf	1 0 1 2 1 3 1 4 1 0 ftttt
0101ft	1112233444ttttf	1 0 1 2 1 3 1 4 1 0 ftttt
0101ft	1112234444ttttf	1 0 1 2 1 3 1 4 1 0 ftttt
0101ft	1112333444ttttf	1 0 1 2 1 3 1 4 1 0 ftttt
0101ft	1112334444ttttf	1 0 1 2 1 3 1 4 1 0 ftttt
0101ft	1112343333tttft	1 0 1 2 1 3 1 4 1 0 ftttt
0101ft	1122233444ttttf	1 0 1 2 1 3 1 4 1 0 ftttt
0101ft	1122234444ttttf	1 0 1 2 1 3 1 4 1 0 ftttt
0101ft	1122333444ttttf	1 0 1 2 1 3 1 4 1 0 ftttt
0101ft	1122334444ttttf	1 0 1 2 1 3 1 4 1 0 ftttt
0101ft	1122343333tttft	1 0 1 2 1 3 1 4 1 0 ftttt
0101ft	1123222422ttftt	1 0 1 2 1 3 1 4 1 0 ftttt
0101ft	1123242244ttttf	1 0 1 2 1 3 1 4 1 0 ftttt
0101ft	1211131411tfttt	1 0 1 2 1 3 1 4 1 0 ftttt
0101ft	1213113444ttttf	1 0 1 2 1 3 1 4 1 0 ftttt
0101ft	1213114444ttttf	1 0 1 2 1 3 1 4 1 0 ftttt
0101ft	1213143311tttft	1 0 1 2 1 3 1 4 1 0 ftttt
0101ft	1233343331tttft	1 0 1 2 1 3 1 4 1 0 ftttt
