01023201ffft	011222ttf	1 0 2 0 2 4 5 6 3 6 5 4 7 0 5 0 fffttttt
01023211ffft	011222ttf	1 0 2 0 2 4 5 6 3 7 5 4 7 0 5 0 fffttttt
01023211ffft	012122ttf	1 0 2 0 2 4 5 6 3 7 5 4 1 6 2 6 fffttttt
01023211ffft	012222ttf	1 0 2 0 2 4 5 6 3 7 5 4 1 0 2 0 fffttttt
01023221ffft	011222ttf	1 0 2 0 2 5 4 6 4 5 3 4 7 0 4 0 fffttttt
01023221ffft	012122ttf	1 0 2 0 2 4 5 6 3 7 5 4 1 6 2 4 fffttttt
01023221ffft	012222ttf	1 0 2 0 2 5 4 6 4 5 3 7 1 0 2 5 fffttttt
01023231ffft	011222ttf	1 0 2 0 2 5 4 6 4 5 3 5 7 0 4 0 fffttttt
01213101ffft	011222ttf	1 0 1 2 1 4 3 5 3 6 7 4 7 0 7 2 fffttttt
01213132ffft	011222ttf	1 0 1 2 1 5 3 6 3 5 4 5 7 5 7 2 fffttttt
