0102324101fffft	01122333tttf	1 0 2 0 2 3 1 5 6 9 4 9 6 8 7 11 10 5 10 12 7 12 13 5 13 0 14 0 14 3 ffffttttttttttt
0102324111fffft	01122333tttf	1 0 2 0 2 3 1 5 6 9 4 10 6 8 7 11 10 5 10 12 7 12 13 5 13 0 14 0 14 3 ffffttttttttttt
0102324121fffft	01122333tttf	1 0 2 0 2 3 1 6 5 9 5 8 4 7 7 11 10 6 10 12 7 12 13 6 13 0 14 0 14 3 ffffttttttttttt
0102324131fffft	01122333tttf	1 0 2 0 2 3 1 6 5 9 5 8 4 8 7 11 10 6 10 12 7 12 13 6 13 0 14 0 14 3 ffffttttttttttt
0102324141fffft	01122333tttf	1 0 2 0 2 3 1 6 5 9 5 8 4 6 7 11 10 6 10 12 7 12 13 6 13 0 14 0 14 3 ffffttttttttttt
0102324201fffft	01122333tttf	1 0 2 0 2 3 2 5 6 9 4 9 6 7 8 5 8 11 10 12 8 12 14 5 13 0 14 0 14 3 ffffttttttttttt
0102324203fffft	01122333tttf	1 0 2 0 2 3 2 7 4 6 4 7 8 7 5 9 8 11 10 12 8 12 14 7 13 0 14 0 14 3 ffffttttttttttt
0102324211fffft	01122333tttf	1 0 2 0 2 3 2 5 6 9 4 10 6 7 8 5 8 11 10 12 8 12 14 5 13 0 14 0 14 3 ffffttttttttttt
0102324221fffft	01122333tttf	1 0 2 0 2 3 2 6 5 9 5 7 4 8 8 6 8 11 10 12 8 12 14 6 13 0 14 0 14 3 ffffttttttttttt
0102324231fffft	01122333tttf	1 0 2 0 2 3 2 6 5 9 5 7 4 7 8 6 8 11 10 12 8 12 14 6 13 0 14 0 14 3 ffffttttttttttt
0102324241fffft	01122333tttf	1 0 2 0 2 3 2 6 5 9 5 7 4 6 8 6 8 11 10 12 8 12 14 6 13 0 14 0 14 3 ffffttttttttttt
0121034103fffft	01122333tttf	1 0 1 2 3 0 1 5 4 10 6 8 4 5 9 5 9 12 9 14 7 12 13 5 13 0 13 2 11 0 ffffttttttttttt
