0102034301fffft	011222ttf	1 0 2 0 3 0 3 5 6 8 4 8 7 8 7 5 9 0 10 0 7 0 ffffttttttt
0102034311fffft	011222ttf	1 0 2 0 3 0 3 5 6 8 4 9 7 8 7 5 9 0 10 0 7 0 ffffttttttt
0102034321fffft	011222ttf	1 0 2 0 3 0 3 6 5 8 7 8 4 10 7 6 9 0 10 0 7 0 ffffttttttt
0102034331fffft	011222ttf	1 0 2 0 3 0 3 7 5 8 6 8 6 7 4 6 9 0 10 0 6 0 ffffttttttt
0102034341fffft	011222ttf	1 0 2 0 3 0 3 7 5 8 6 8 6 7 4 7 9 0 10 0 6 0 ffffttttttt
0102324101fffft	011222ttf	1 0 2 0 2 3 1 5 6 8 4 8 6 7 9 5 9 0 10 0 10 3 ffffttttttt
0102324111fffft	011222ttf	1 0 2 0 2 3 1 5 6 8 4 9 6 7 9 5 9 0 10 0 10 3 ffffttttttt
0102324121fffft	011222ttf	1 0 2 0 2 3 1 5 6 8 4 10 6 7 9 5 9 0 10 0 10 3 ffffttttttt
0102324131fffft	011222ttf	1 0 2 0 2 3 1 6 5 8 5 7 4 7 9 6 9 0 10 0 10 3 ffffttttttt
0102324141fffft	011222ttf	1 0 2 0 2 3 1 6 5 8 5 7 4 6 9 6 9 0 10 0 10 3 ffffttttttt
0102324201fffft	011222ttf	1 0 2 0 2 3 2 5 6 8 4 8 6 7 10 5 9 0 10 0 10 3 ffffttttttt
0102324203fffft	011222ttf	1 0 2 0 2 3 2 6 4 7 4 6 5 8 10 6 9 0 10 0 10 3 ffffttttttt
0102324211fffft	011222ttf	1 0 2 0 2 3 2 5 6 8 4 9 6 7 10 5 9 0 10 0 10 3 ffffttttttt
0102324221fffft	011222ttf	1 0 2 0 2 3 2 5 6 8 4 10 6 7 10 5 9 0 10 0 10 3 ffffttttttt
0102324231fffft	011222ttf	1 0 2 0 2 3 2 6 5 8 5 7 4 7 10 6 9 0 10 0 10 3 ffffttttttt
0102324241fffft	011222ttf	1 0 2 0 2 3 2 6 5 8 5 7 4 6 10 6 9 0 10 0 10 3 ffffttttttt
0121034103fffft	011222ttf	1 0 1 2 3 0 1 5 4 10 6 8 4 5 9 5 9 0 9 2 7 0 ffffttttttt
0121314243fffft	011222ttf	1 0 1 2 1 3 2 7 4 10 4 8 5 7 6 7 10 7 9 2 9 3 ffffttttttt
0121343231ffftf	011222ttf	1 0 1 2 3 6 1 6 4 8 7 6 5 6 4 6 9 6 10 6 10 2 ffffttttttt
