0102320412ffftt	112222ftf	1 0 2 0 2 3 4 5 7 6 1 0 2 0 2 3 fffffttt
0102321402ffftt	112222ftf	1 0 2 0 2 3 4 6 7 5 1 0 2 0 2 3 fffffttt
0102324102ffftt	112222ftf	1 0 2 0 2 3 6 4 7 5 1 0 2 0 2 3 fffffttt
0102324201ffftt	112222ftf	1 0 2 0 2 3 7 4 6 5 1 0 2 0 2 3 fffffttt
0121034313fftft	112222ftf	1 0 1 3 2 4 7 5 7 6 1 0 1 3 2 4 fffffttt
0121310421ffftt	112222ftf	1 0 1 2 1 3 4 5 6 7 1 0 1 2 1 3 fffffttt
0121340121ffftt	112222ftf	1 0 1 2 4 3 6 5 6 7 1 0 1 2 4 3 fffffttt
0121340124ffftt	112222ftf	1 0 1 2 4 3 6 5 4 7 1 0 1 2 4 3 fffffttt
0121340421ffftt	112222ftf	1 0 1 2 4 3 4 5 6 7 1 0 1 2 4 3 fffffttt
0123014313fftft	112222ftf	1 0 2 3 2 4 6 5 7 6 1 0 2 3 2 4 fffffttt
0123014323fftft	112222ftf	1 0 2 3 2 4 6 5 7 3 1 0 2 3 2 4 fffffttt
0123014331fftft	112222ftf	1 0 2 3 2 4 6 5 6 7 1 0 2 3 2 4 fffffttt
0123014333fftft	112222ftf	1 0 2 3 2 4 6 5 7 7 1 0 2 3 2 4 fffffttt
0123014343fftft	112222ftf	1 0 2 3 2 4 6 5 7 4 1 0 2 3 2 4 fffffttt
0123034313fftft	112222ftf	1 0 2 3 2 4 7 5 7 6 1 0 2 3 2 4 fffffttt
0123412301ffftt	112222ftf	1 0 3 2 1 4 3 7 6 5 1 0 3 2 1 4 fffffttt
0123432301ffftt	112222ftf	1 0 3 2 3 4 3 7 6 5 1 0 3 2 3 4 fffffttt
