0102134312fffft	11223333fftf	1 0 2 0 3 1 3 4 6 5 9 7 10 8 1 0 2 0 3 1 3 4 ffffffftttt
0102320402fffft	11223333fftf	1 0 2 0 2 3 4 0 6 5 8 7 9 10 1 0 2 0 2 3 4 0 ffffffftttt
0102320412ffftt	11223333fftf	1 0 2 0 2 3 4 5 7 6 9 8 10 8 10 3 1 0 2 0 2 3 ffffffffttt
0102320442ffftf	11223333fftf	1 0 3 0 3 2 3 4 6 5 8 7 10 9 1 0 3 0 3 2 3 4 ffffffftttt
0102321402fffft	11223333fftf	1 0 2 0 2 3 4 1 6 5 8 7 9 10 1 0 2 0 2 3 4 1 ffffffftttt
0102321402ffftt	11223333fftf	1 0 2 0 2 3 4 6 7 5 9 8 10 8 10 3 1 0 2 0 2 3 ffffffffttt
0102322402fffft	11223333fftf	1 0 2 0 2 3 4 2 6 5 8 7 9 10 1 0 2 0 2 3 4 2 ffffffftttt
0102323402fffft	11223333fftf	1 0 2 0 2 3 4 3 6 5 8 7 9 10 1 0 2 0 2 3 4 3 ffffffftttt
0102324102fffft	11223333fftf	1 0 2 0 2 3 1 4 6 5 8 7 9 10 1 0 2 0 2 3 1 4 ffffffftttt
0102324102ffftt	11223333fftf	1 0 2 0 2 3 6 4 7 5 9 8 10 8 10 3 1 0 2 0 2 3 ffffffffttt
0102324201ffftt	11223333fftf	1 0 2 0 2 3 7 4 6 5 9 8 10 8 10 3 1 0 2 0 2 3 ffffffffttt
0102324202fffft	11223333fftf	1 0 2 0 2 3 2 4 6 5 8 7 9 10 1 0 2 0 2 3 2 4 ffffffftttt
0102324402fffft	11223333fftf	1 0 2 0 2 3 4 4 6 5 8 7 9 10 1 0 2 0 2 3 4 4 ffffffftttt
0121032421fffft	11223333fftf	1 0 1 2 3 0 4 2 5 6 8 9 10 7 1 0 1 2 3 0 4 2 ffffffftttt
0121034313fftft	11223333fftf	1 0 1 3 2 4 7 5 7 6 9 8 9 3 10 4 1 0 1 3 2 4 ffffffffttt
0121310421ffftt	11223333fftf	1 0 1 2 1 3 4 5 6 7 9 8 9 10 9 3 1 0 1 2 1 3 ffffffffttt
0123014313fftft	11223333fftf	1 0 2 3 2 4 6 5 7 6 9 8 10 3 10 4 1 0 2 3 2 4 ffffffffttt
0123014323fftft	11223333fftf	1 0 2 3 2 4 6 5 7 3 9 8 10 3 10 4 1 0 2 3 2 4 ffffffffttt
0123014331fftft	11223333fftf	1 0 2 3 2 4 6 5 6 7 9 8 10 3 10 4 1 0 2 3 2 4 ffffffffttt
0123014333fftft	11223333fftf	1 0 2 3 2 4 6 5 7 7 9 8 10 3 10 4 1 0 2 3 2 4 ffffffffttt
0123014343fftft	11223333fftf	1 0 2 3 2 4 6 5 7 4 9 8 10 3 10 4 1 0 2 3 2 4 ffffffffttt
0123034313fftft	11223333fftf	1 0 2 3 2 4 7 5 7 6 9 8 10 3 10 4 1 0 2 3 2 4 ffffffffttt
0123412301ffftt	11223333fftf	1 0 3 2 1 4 3 7 6 5 9 8 3 10 9 4 1 0 3 2 1 4 ffffffffttt
