121121fft	01020333tttf	3 1 1 1 2 4 2 3 2 5 2 1 fftttt
121121fft	01021333tttf	3 1 1 1 2 4 2 3 2 5 4 1 fftttt
121121fft	01022333tttf	3 1 1 1 2 4 2 3 2 5 5 1 fftttt
121121fft	01023033tttf	3 1 1 1 2 4 2 3 2 5 1 2 fftttt
121121fft	01023133tttf	3 1 1 1 2 4 2 3 2 5 1 4 fftttt
121121fft	01023233tttf	3 1 1 1 2 4 2 3 2 5 1 5 fftttt
121121fft	01023333tttf	3 1 1 1 2 4 2 3 2 5 1 1 fftttt
121121fft	01120333tttf	3 1 1 1 2 4 2 3 4 5 2 1 fftttt
121121fft	01121333tttf	3 1 1 1 2 4 2 3 4 5 4 1 fftttt
121121fft	01122333tttf	3 1 1 1 2 4 2 3 4 5 5 1 fftttt
121121fft	01123033tttf	3 1 1 1 2 4 2 3 4 5 1 2 fftttt
121121fft	01123133tttf	3 1 1 1 2 4 2 3 4 5 1 4 fftttt
121121fft	01123233tttf	3 1 1 1 2 4 2 3 4 5 1 5 fftttt
121121fft	01123333tttf	3 1 1 1 2 4 2 3 4 5 1 1 fftttt
121121fft	01200333tttf	3 1 1 1 2 4 2 3 5 2 2 1 fftttt
121121fft	01201333tttf	3 1 1 1 2 4 2 3 5 2 4 1 fftttt
121121fft	01202333tttf	3 1 1 1 2 4 2 3 5 2 5 1 fftttt
121121fft	01203033tttf	3 1 1 1 2 4 2 3 5 2 1 2 fftttt
121121fft	01203133tttf	3 1 1 1 2 4 2 3 5 2 1 4 fftttt
121121fft	01203233tttf	3 1 1 1 2 4 2 3 5 2 1 5 fftttt
121121fft	01203333tttf	3 1 1 1 2 4 2 3 5 2 1 1 fftttt
121121fft	01210333tttf	3 1 1 1 2 4 2 3 5 4 2 1 fftttt
121121fft	01211333tttf	3 1 1 1 2 4 2 3 5 4 4 1 fftttt
121121fft	01212333tttf	3 1 1 1 2 4 2 3 5 4 5 1 fftttt
121121fft	01213033tttf	3 1 1 1 2 4 2 3 5 4 1 2 fftttt
121121fft	01213133tttf	3 1 1 1 2 4 2 3 5 4 1 4 fftttt
121121fft	01213233tttf	3 1 1 1 2 4 2 3 5 4 1 5 fftttt
121121fft	01213333tttf	3 1 1 1 2 4 2 3 5 4 1 1 fftttt
121121fft	01220333tttf	3 1 1 1 2 4 2 3 5 5 2 1 fftttt
121121fft	01221333tttf	3 1 1 1 2 4 2 3 5 5 4 1 fftttt
121121fft	01222333tttf	3 1 1 1 2 4 2 3 5 5 5 1 fftttt
121121fft	01223033tttf	3 1 1 1 2 4 2 3 5 5 1 2 fftttt
121121fft	01223133tttf	3 1 1 1 2 4 2 3 5 5 1 4 fftttt
121121fft	01223233tttf	3 1 1 1 2 4 2 3 5 5 1 5 fftttt
121121fft	01223333tttf	3 1 1 1 2 4 2 3 5 5 1 1 fftttt
121121fft	01230033tttf	3 1 1 1 2 5 2 3 2 2 4 1 fftttt
121121fft	01230333tttf	3 1 1 1 2 4 2 3 5 1 2 1 fftttt
121121fft	01231033tttf	3 1 1 1 2 5 2 3 5 2 4 1 fftttt
121121fft	01231133tttf	3 1 1 1 2 5 2 3 5 5 4 1 fftttt
121121fft	01231233tttf	3 1 1 1 2 5 2 3 5 4 4 1 fftttt
121121fft	01232033tttf	3 1 1 1 2 5 2 3 4 2 4 1 fftttt
121121fft	01232200ttft	3 1 1 1 2 5 2 3 2 2 1 4 fftttt
121121fft	01232202ttft	3 1 1 1 2 4 2 3 1 5 2 1 fftttt
121121fft	01232210ttft	3 1 1 1 2 5 2 3 5 2 1 4 fftttt
121121fft	01232211ttft	3 1 1 1 2 5 2 3 5 5 1 4 fftttt
121121fft	01232212ttft	3 1 1 1 2 4 2 3 1 5 4 1 fftttt
121121fft	01232213ttft	3 1 1 1 2 5 2 3 5 4 1 4 fftttt
121121fft	01232220ttft	3 1 1 1 2 4 2 3 1 5 1 2 fftttt
121121fft	01232222ttft	3 1 1 1 2 4 2 3 1 5 1 1 fftttt
121121fft	01232230ttft	3 1 1 1 2 5 2 3 4 2 1 4 fftttt
121121fft	01232232ttft	3 1 1 1 2 4 2 3 1 5 5 1 fftttt
121121fft	01232233ttft	3 1 1 1 2 5 2 3 4 4 1 4 fftttt
121121fft	01232233tttf	3 1 1 1 2 5 2 3 4 4 4 1 fftttt
121121fft	01233033tttf	3 1 1 1 2 4 2 3 5 1 1 2 fftttt
121121fft	01233133tttf	3 1 1 1 2 4 2 3 5 1 1 4 fftttt
121121fft	01233233tttf	3 1 1 1 2 4 2 3 5 1 1 5 fftttt
121121fft	01233333tttf	3 1 1 1 2 4 2 3 5 1 1 1 fftttt
121121fft	11020333tttf	3 1 1 1 4 4 4 3 2 5 2 1 fftttt
121121fft	11021333tttf	3 1 1 1 4 4 4 3 2 5 4 1 fftttt
121121fft	11022333tttf	3 1 1 1 4 4 4 3 2 5 5 1 fftttt
121121fft	11023033tttf	3 1 1 1 4 4 4 3 2 5 1 2 fftttt
121121fft	11023133tttf	3 1 1 1 4 4 4 3 2 5 1 4 fftttt
121121fft	11023233tttf	3 1 1 1 4 4 4 3 2 5 1 5 fftttt
121121fft	11023333tttf	3 1 1 1 4 4 4 3 2 5 1 1 fftttt
121121fft	11120333tttf	3 1 1 1 4 4 4 3 4 5 2 1 fftttt
121121fft	11123033tttf	3 1 1 1 4 4 4 3 4 5 1 2 fftttt
121121fft	11220333tttf	3 1 1 1 4 4 4 3 5 5 2 1 fftttt
121121fft	11230033tttf	3 1 1 1 5 5 5 3 2 2 4 1 fftttt
121121fft	11230133tttf	3 1 1 1 5 5 5 3 2 5 4 1 fftttt
121121fft	11230233tttf	3 1 1 1 5 5 5 3 2 4 4 1 fftttt
121121fft	11230333tttf	3 1 1 1 4 4 4 3 5 1 2 1 fftttt
121121fft	11231033tttf	3 1 1 1 5 5 5 3 5 2 4 1 fftttt
121121fft	11232033tttf	3 1 1 1 5 5 5 3 4 2 4 1 fftttt
121121fft	11232202ttft	3 1 1 1 4 4 4 3 1 5 2 1 fftttt
121121fft	12000333tttf	3 1 1 1 4 5 4 3 2 2 2 1 fftttt
121121fft	12001333tttf	3 1 1 1 4 5 4 3 2 2 4 1 fftttt
121121fft	12002333tttf	3 1 1 1 4 5 4 3 2 2 5 1 fftttt
121121fft	12003033tttf	3 1 1 1 4 5 4 3 2 2 1 2 fftttt
121121fft	12003133tttf	3 1 1 1 4 5 4 3 2 2 1 4 fftttt
121121fft	12003233tttf	3 1 1 1 4 5 4 3 2 2 1 5 fftttt
121121fft	12003333tttf	3 1 1 1 4 5 4 3 2 2 1 1 fftttt
121121fft	12010333tttf	3 1 1 1 4 5 4 3 2 4 2 1 fftttt
121121fft	12011333tttf	3 1 1 1 4 5 4 3 2 4 4 1 fftttt
121121fft	12012333tttf	3 1 1 1 4 5 4 3 2 4 5 1 fftttt
121121fft	12013033tttf	3 1 1 1 4 5 4 3 2 4 1 2 fftttt
121121fft	12013133tttf	3 1 1 1 4 5 4 3 2 4 1 4 fftttt
121121fft	12013233tttf	3 1 1 1 4 5 4 3 2 4 1 5 fftttt
121121fft	12013333tttf	3 1 1 1 4 5 4 3 2 4 1 1 fftttt
121121fft	12030133tttf	3 1 1 1 5 4 5 3 2 5 2 1 fftttt
121121fft	12030233tttf	3 1 1 1 5 4 5 3 2 4 2 1 fftttt
121121fft	12031133tttf	3 1 1 1 5 4 5 3 5 5 2 1 fftttt
121121fft	12031333tttf	3 1 1 1 4 5 4 3 2 1 4 1 fftttt
121121fft	12032133tttf	3 1 1 1 5 4 5 3 4 5 2 1 fftttt
121121fft	12032200ttft	3 1 1 1 4 1 4 3 2 5 2 2 fftttt
121121fft	12032202ttft	4 1 1 1 5 1 2 1 5 4 2 3 fftttt
121121fft	12032210ttft	3 1 1 1 4 1 4 3 2 5 4 2 fftttt
121121fft	12032211ttft	3 1 1 1 5 1 5 3 5 5 2 4 fftttt
121121fft	12032220ttft	3 1 1 1 4 1 4 3 2 5 1 2 fftttt
121121fft	12032221ttft	3 1 1 1 4 1 4 3 2 5 1 4 fftttt
121121fft	12032222ttft	3 1 1 1 4 1 4 3 2 5 1 1 fftttt
121121fft	12032223ttft	3 1 1 1 4 1 4 3 2 5 1 5 fftttt
121121fft	12032230ttft	3 1 1 1 4 1 4 3 2 5 5 2 fftttt
121121fft	12032231ttft	3 1 1 1 5 1 5 3 4 5 2 4 fftttt
121121fft	12032232ttft	4 1 1 1 5 1 3 1 5 4 2 3 fftttt
121121fft	12032233ttft	3 1 1 1 5 1 5 3 4 4 2 4 fftttt
121121fft	12032233tttf	3 1 1 1 5 4 5 3 4 4 2 1 fftttt
121121fft	12032333tttf	3 1 1 1 4 5 4 3 2 1 5 1 fftttt
121121fft	12033033tttf	3 1 1 1 4 5 4 3 2 1 1 2 fftttt
121121fft	12033133tttf	3 1 1 1 4 5 4 3 2 1 1 4 fftttt
121121fft	12033233tttf	3 1 1 1 4 5 4 3 2 1 1 5 fftttt
121121fft	12033333tttf	3 1 1 1 4 5 4 3 2 1 1 1 fftttt
121121fft	12100333tttf	3 1 1 1 4 5 4 3 4 2 2 1 fftttt
121121fft	12101333tttf	3 1 1 1 4 5 4 3 4 2 4 1 fftttt
121121fft	12102333tttf	3 1 1 1 4 5 4 3 4 2 5 1 fftttt
121121fft	12103133tttf	3 1 1 1 4 5 4 3 4 2 1 4 fftttt
121121fft	12103233tttf	3 1 1 1 4 5 4 3 4 2 1 5 fftttt
121121fft	12103333tttf	3 1 1 1 4 5 4 3 4 2 1 1 fftttt
121121fft	12200333tttf	3 1 1 1 4 5 4 3 5 2 2 1 fftttt
121121fft	12201333tttf	3 1 1 1 4 5 4 3 5 2 4 1 fftttt
121121fft	12202333tttf	3 1 1 1 4 5 4 3 5 2 5 1 fftttt
121121fft	12203133tttf	3 1 1 1 4 5 4 3 5 2 1 4 fftttt
121121fft	12203333tttf	3 1 1 1 4 5 4 3 5 2 1 1 fftttt
121121fft	12210333tttf	3 1 1 1 4 5 4 3 5 4 2 1 fftttt
121121fft	12220333tttf	3 1 1 1 4 5 4 3 5 5 2 1 fftttt
121121fft	12230333tttf	3 1 1 1 4 5 4 3 5 1 2 1 fftttt
121121fft	12300333tttf	3 1 1 1 4 5 4 3 1 2 2 1 fftttt
121121fft	12301333tttf	3 1 1 1 4 5 4 3 1 2 4 1 fftttt
121121fft	12302333tttf	3 1 1 1 4 5 4 3 1 2 5 1 fftttt
121121fft	12303333tttf	3 1 1 1 4 5 4 3 1 2 1 1 fftttt
