12113123fftf	1230034444ttttf	4 1 1 1 2 4 7 9 7 6 8 4 5 4 10 3 11 4 3 10 1 1 2 4 fffttttttttt
12113123fftf	1230433300tttft	4 1 1 1 2 4 9 11 9 6 10 4 8 4 3 3 5 4 1 3 2 4 7 1 fffttttttttt
12113123fftf	1230433301tttft	4 1 1 1 2 4 9 11 9 6 10 4 7 4 5 4 3 9 1 3 2 4 8 1 fffttttttttt
12113123fftf	1230433302tttft	4 1 1 1 2 4 9 11 9 6 10 4 7 4 5 4 3 11 1 3 2 4 8 1 fffttttttttt
12113123fftf	1230433303tttft	4 1 1 1 2 4 8 10 8 6 9 4 7 4 5 4 1 3 2 4 11 1 3 1 fffttttttttt
12113123fftf	1230433304tttft	4 1 1 1 2 4 9 11 9 6 10 4 8 4 3 7 5 4 1 3 2 4 7 1 fffttttttttt
12113123fftf	1230443300tttft	4 1 1 1 2 4 10 6 10 7 11 4 8 8 9 4 3 3 5 4 1 3 2 4 fffttttttttt
12113123fftf	1230443301tttft	4 1 1 1 2 4 10 6 10 7 11 4 9 9 8 4 5 4 3 10 1 3 2 4 fffttttttttt
12113123fftf	1230443302tttft	4 1 1 1 2 4 10 6 10 7 11 4 8 8 9 4 3 6 5 4 1 3 2 4 fffttttttttt
12113123fftf	1230443303tttft	4 1 1 1 2 4 9 6 9 7 10 4 11 11 8 4 5 4 1 3 2 4 3 1 fffttttttttt
12113123fftf	1230443304tttft	4 1 1 1 2 4 10 6 10 7 11 4 8 8 9 4 3 8 5 4 1 3 2 4 fffttttttttt
12113123fftf	1232433300tttft	4 1 1 1 2 4 9 11 9 6 10 4 8 4 3 3 5 4 1 11 2 4 7 1 fffttttttttt
12113123fftf	1232433301tttft	4 1 1 1 2 4 9 11 9 6 10 4 7 4 5 4 3 9 1 11 2 4 8 1 fffttttttttt
12113123fftf	1232433302tttft	4 1 1 1 2 4 9 11 9 6 10 4 7 4 5 4 3 11 1 11 2 4 8 1 fffttttttttt
12113123fftf	1232433303tttft	4 1 1 1 2 4 8 10 8 6 9 4 7 4 5 4 1 10 2 4 11 1 3 1 fffttttttttt
12113123fftf	1232433304tttft	4 1 1 1 2 4 9 11 9 6 10 4 8 4 3 7 5 4 1 11 2 4 7 1 fffttttttttt
12113123fftf	1232443300tttft	4 1 1 1 2 4 10 6 10 7 11 4 8 8 9 4 3 3 5 4 1 6 2 4 fffttttttttt
12113123fftf	1232443301tttft	4 1 1 1 2 4 10 6 10 7 11 4 9 9 8 4 5 4 3 10 1 6 2 4 fffttttttttt
12113123fftf	1232443302tttft	4 1 1 1 2 4 10 6 10 7 11 4 8 8 9 4 3 6 5 4 1 6 2 4 fffttttttttt
12113123fftf	1232443303tttft	4 1 1 1 2 4 9 6 9 7 10 4 11 11 8 4 5 4 1 6 2 4 3 1 fffttttttttt
12113123fftf	1232443304tttft	4 1 1 1 2 4 10 6 10 7 11 4 8 8 9 4 3 8 5 4 1 6 2 4 fffttttttttt
12113123fftf	1234433300tttft	4 1 1 1 2 4 9 11 9 6 10 4 8 4 3 3 5 4 1 7 2 4 7 1 fffttttttttt
12113123fftf	1234433301tttft	4 1 1 1 2 4 9 11 9 6 10 4 7 4 5 4 3 9 1 8 2 4 8 1 fffttttttttt
12113123fftf	1234433302tttft	4 1 1 1 2 4 9 11 9 6 10 4 7 4 5 4 3 11 1 8 2 4 8 1 fffttttttttt
12113123fftf	1234433303tttft	4 1 1 1 2 4 8 10 8 6 9 4 7 4 5 4 1 11 2 4 11 1 3 1 fffttttttttt
12113123fftf	1234433304tttft	4 1 1 1 2 4 9 11 9 6 10 4 8 4 3 7 5 4 1 7 2 4 7 1 fffttttttttt
