1211132431fffft	01203233tttf	2 1 1 1 3 1 7 2 4 10 6 10 7 9 4 8 7 5 11 4 12 4 7 13 1 12 3 12 fffftttttttttt
1211132431fffft	01232230ttft	2 1 1 1 3 1 7 2 7 10 5 9 4 9 9 8 7 6 9 12 11 12 7 13 1 5 3 5 fffftttttttttt
1211132431fffft	12013033tttf	2 1 1 1 3 1 7 2 9 12 8 12 7 13 9 11 7 10 4 9 6 9 7 5 1 4 3 4 fffftttttttttt
1211132431fffft	12113300tftt	2 1 1 1 3 1 12 2 12 13 11 11 12 9 12 10 5 5 4 5 6 11 1 8 1 7 3 8 fffftttttttttt
1211132431fftff	01122333tttf	5 1 1 1 1 3 2 5 4 10 6 10 7 5 4 8 9 5 10 11 10 12 13 5 12 1 12 3 fffftttttttttt
1211132431fftff	01231233tttf	5 1 1 1 1 3 2 5 4 12 6 12 7 5 4 8 10 5 12 9 12 11 13 5 9 1 9 3 fffftttttttttt
1211133421fftff	01122333tttf	5 1 1 1 3 2 1 5 4 9 6 9 7 10 4 5 9 5 9 12 8 13 12 5 12 1 11 2 fffftttttttttt
1211133421fftff	01221333tttf	5 1 1 1 3 2 1 5 4 9 6 9 7 10 4 5 9 5 12 12 8 13 12 5 9 1 11 2 fffftttttttttt
1211133421fftff	12002333tttf	5 1 1 1 3 2 1 5 9 12 8 12 10 13 9 5 7 6 4 4 4 5 12 5 12 1 11 2 fffftttttttttt
1211133421fftff	12032230ttft	5 1 1 1 3 2 1 5 11 1 12 1 13 2 11 5 8 4 10 6 8 5 4 8 7 9 4 5 fffftttttttttt
1211133421fftff	12200333tttf	6 1 1 1 3 2 1 6 10 12 11 13 8 12 10 6 9 5 4 6 12 4 12 6 4 1 7 2 fffftttttttttt
1211134124ffftf	12113300tftt	3 1 1 1 2 3 5 1 1 10 1 11 2 8 5 10 5 12 6 7 12 12 9 13 4 4 5 4 fffftttttttttt
1211312413fffft	01023033tttf	2 1 1 1 1 3 6 2 4 10 4 11 7 10 6 8 4 9 6 5 4 12 6 13 1 4 1 7 fffftttttttttt
1211312413fffft	01123033tttf	2 1 1 1 1 3 6 2 4 10 4 11 7 10 6 9 6 5 10 8 10 12 6 13 1 4 1 7 fffftttttttttt
1211312413fffft	01223033tttf	2 1 1 1 1 3 5 2 4 9 7 9 4 11 5 10 5 6 12 12 12 8 5 13 1 4 1 7 fffftttttttttt
1211312413fffft	01232200ttft	2 1 1 1 1 3 5 2 4 12 6 12 5 13 4 9 5 7 5 11 4 4 4 6 1 10 1 8 fffftttttttttt
1211312413fffft	01232210ttft	2 1 1 1 1 3 5 2 4 12 6 12 5 13 4 9 5 7 5 11 12 4 12 6 1 10 1 8 fffftttttttttt
1211312413fffft	01232220ttft	2 1 1 1 1 3 5 2 4 10 6 10 5 11 5 13 4 7 5 8 1 12 1 9 1 4 1 6 fffftttttttttt
1211312413fffft	01232230ttft	2 1 1 1 1 3 5 2 4 12 6 12 5 13 4 9 5 7 5 11 10 4 10 6 1 10 1 8 fffftttttttttt
1211312413fffft	11023033tttf	2 1 1 1 1 3 6 2 10 10 10 11 11 10 6 8 4 9 6 5 4 12 6 13 1 4 1 7 fffftttttttttt
1211312413fffft	11123033tttf	2 1 1 1 1 3 6 2 10 10 10 11 11 10 6 9 6 5 10 8 10 12 6 13 1 4 1 7 fffftttttttttt
1211312413fffft	12003133tttf	2 1 1 1 1 3 5 2 8 12 10 12 5 13 8 11 4 4 4 6 5 7 5 9 1 8 1 10 fffftttttttttt
1211312413fffft	12103133tttf	2 1 1 1 1 3 5 2 8 12 10 12 5 13 8 11 8 4 8 6 5 7 5 9 1 8 1 10 fffftttttttttt
1211312413fffft	12203133tttf	2 1 1 1 1 3 6 2 10 12 6 13 8 12 10 9 6 7 6 11 12 4 12 5 1 10 1 8 fffftttttttttt
1211312421fffft	01023033tttf	2 1 1 1 1 3 7 2 4 10 4 11 7 8 4 8 4 9 7 5 4 12 7 13 1 4 1 6 fffftttttttttt
1211312421fffft	01123033tttf	2 1 1 1 1 3 7 2 4 10 4 11 7 9 4 9 7 5 10 8 10 12 7 13 1 4 1 6 fffftttttttttt
1211312421fffft	01223033tttf	2 1 1 1 1 3 7 2 4 9 4 11 7 10 4 10 7 5 12 12 12 8 7 13 1 4 1 6 fffftttttttttt
1211312421fffft	01232200ttft	2 1 1 1 1 3 6 2 4 12 6 13 4 13 4 9 6 7 6 11 4 4 4 5 1 10 1 8 fffftttttttttt
1211312421fffft	01232210ttft	2 1 1 1 1 3 6 2 4 12 6 13 4 13 4 9 6 7 6 11 12 4 12 5 1 10 1 8 fffftttttttttt
1211312421fffft	01232220ttft	2 1 1 1 1 3 6 2 4 10 6 11 4 11 6 13 4 7 6 8 1 12 1 9 1 4 1 5 fffftttttttttt
1211312421fffft	01232230ttft	2 1 1 1 1 3 6 2 4 12 6 13 4 13 4 9 6 7 6 11 10 4 10 5 1 10 1 8 fffftttttttttt
1211312421fffft	11023033tttf	2 1 1 1 1 3 9 2 10 10 10 11 9 7 4 8 9 5 10 7 4 12 9 13 1 4 1 6 fffftttttttttt
1211312421fffft	11123033tttf	2 1 1 1 1 3 8 2 10 10 10 11 8 9 8 5 10 9 10 7 10 12 8 13 1 4 1 6 fffftttttttttt
1211312421fffft	12003133tttf	2 1 1 1 1 3 5 2 8 12 8 13 5 13 8 11 4 4 4 6 5 7 5 9 1 8 1 10 fffftttttttttt
1211312421fffft	12103133tttf	2 1 1 1 1 3 5 2 8 12 8 13 5 13 8 11 8 4 8 6 5 7 5 9 1 8 1 10 fffftttttttttt
1211312421fffft	12110300tftt	2 1 1 1 1 3 5 2 1 10 1 11 1 8 5 11 5 9 4 7 4 12 4 13 4 4 5 6 fffftttttttttt
1211312421fffft	12110310tftt	2 1 1 1 1 3 6 2 1 11 1 12 1 10 1 9 1 4 6 10 4 13 4 8 6 7 6 5 fffftttttttttt
1211312421fffft	12110320tftt	2 1 1 1 1 3 6 2 1 8 1 10 1 9 6 9 4 11 4 13 6 12 8 4 8 7 6 5 fffftttttttttt
1211312421fffft	12110330tftt	2 1 1 1 1 3 6 2 1 8 1 10 1 9 6 9 4 11 4 13 6 12 11 4 11 7 6 5 fffftttttttttt
1211312421fffft	12111300tftt	2 1 1 1 1 3 5 2 1 7 1 8 1 12 1 11 1 10 5 8 5 6 4 4 5 13 4 9 fffftttttttttt
1211312421fffft	12111320tftt	2 1 1 1 1 3 5 2 1 7 1 8 1 12 1 11 1 10 5 8 5 6 7 4 5 13 7 9 fffftttttttttt
1211312421fffft	12111330tftt	2 1 1 1 1 3 5 2 1 7 1 8 1 11 1 12 1 10 5 8 5 6 5 13 12 4 12 9 fffftttttttttt
1211312421fffft	12112300tftt	2 1 1 1 1 3 5 2 1 10 1 11 1 8 5 11 5 9 4 7 10 12 10 13 4 4 5 6 fffftttttttttt
1211312421fffft	12112310tftt	2 1 1 1 1 3 6 2 1 10 1 12 1 11 1 9 1 4 6 11 10 8 10 13 6 7 6 5 fffftttttttttt
1211312421fffft	12112320tftt	2 1 1 1 1 3 5 2 1 9 1 10 1 8 5 10 5 11 9 12 9 13 9 7 9 4 5 6 fffftttttttttt
1211312421fffft	12112330tftt	2 1 1 1 1 3 5 2 1 9 1 10 1 8 5 10 5 11 9 12 9 13 12 7 12 4 5 6 fffftttttttttt
1211312421fffft	12113300tftt	2 1 1 1 1 3 5 2 1 10 1 11 1 8 5 11 5 9 4 7 12 12 12 13 4 4 5 6 fffftttttttttt
1211312421fffft	12113310tftt	2 1 1 1 1 3 6 2 1 11 1 12 1 10 1 9 1 4 6 10 8 13 8 8 6 7 6 5 fffftttttttttt
1211312421fffft	12113320tftt	2 1 1 1 1 3 5 2 1 9 1 10 1 8 5 10 5 11 12 12 12 13 9 7 9 4 5 6 fffftttttttttt
1211312421fffft	12113330tftt	2 1 1 1 1 3 5 2 1 9 1 10 1 8 5 10 5 11 12 12 12 13 12 7 12 4 5 6 fffftttttttttt
1211312421fffft	12203133tttf	2 1 1 1 1 3 5 2 10 12 10 13 5 13 10 9 5 7 5 11 12 4 12 6 1 10 1 8 fffftttttttttt
1211312423fffft	11023033tttf	2 1 1 1 1 3 9 2 10 10 10 11 9 7 4 8 9 5 11 7 4 12 9 13 1 4 1 6 fffftttttttttt
1211312423fffft	11123033tttf	2 1 1 1 1 3 8 2 10 10 10 11 8 9 8 5 11 9 10 7 10 12 8 13 1 4 1 6 fffftttttttttt
1211312423fffft	12003133tttf	2 1 1 1 1 3 5 2 8 12 10 13 5 13 8 11 4 4 4 6 5 7 5 9 1 8 1 10 fffftttttttttt
1211312423fffft	12103133tttf	2 1 1 1 1 3 5 2 8 12 10 13 5 13 8 11 8 4 8 6 5 7 5 9 1 8 1 10 fffftttttttttt
1211312423fffft	12110300tftt	2 1 1 1 1 3 13 2 13 12 11 11 13 9 13 10 11 5 11 4 11 6 1 8 1 7 3 9 fffftttttttttt
1211312423fffft	12110310tftt	2 1 1 1 1 3 12 2 12 10 12 11 9 13 12 8 9 4 1 6 1 5 1 7 3 8 1 9 fffftttttttttt
1211312423fffft	12110320tftt	2 1 1 1 1 3 13 2 13 12 13 7 11 9 11 4 13 10 6 11 6 5 1 6 1 8 3 7 fffftttttttttt
1211312423fffft	12110330tftt	2 1 1 1 1 3 13 2 13 12 13 7 11 9 11 4 13 10 9 11 9 5 1 6 1 8 3 7 fffftttttttttt
1211312423fffft	12111300tftt	2 1 1 1 1 3 13 2 13 10 13 12 9 9 13 8 9 5 1 11 1 7 1 6 1 4 3 12 fffftttttttttt
1211312423fffft	12111320tftt	2 1 1 1 1 3 13 2 13 10 13 12 11 9 13 8 11 5 1 11 1 7 1 6 1 4 3 12 fffftttttttttt
1211312423fffft	12111330tftt	2 1 1 1 1 3 13 2 13 10 13 12 13 8 7 9 7 5 1 11 1 6 1 7 1 4 3 12 fffftttttttttt
1211312423fffft	12112300tftt	2 1 1 1 1 3 13 2 13 12 11 11 13 10 13 8 11 6 9 5 9 4 1 9 1 7 3 10 fffftttttttttt
1211312423fffft	12112310tftt	2 1 1 1 1 3 12 2 12 10 12 11 12 8 7 13 7 4 1 7 1 5 1 6 3 8 1 9 fffftttttttttt
1211312423fffft	12112320tftt	2 1 1 1 1 3 13 2 13 12 13 8 13 9 7 10 7 4 7 5 7 11 1 7 1 6 3 8 fffftttttttttt
1211312423fffft	12112330tftt	2 1 1 1 1 3 13 2 13 12 13 8 13 9 7 10 7 4 10 5 10 11 1 7 1 6 3 8 fffftttttttttt
1211312423fffft	12113300tftt	2 1 1 1 1 3 13 2 13 12 11 11 13 10 13 8 11 6 5 5 5 4 1 9 1 7 3 10 fffftttttttttt
1211312423fffft	12113310tftt	2 1 1 1 1 3 12 2 12 10 12 11 13 13 12 8 13 4 1 6 1 5 1 7 3 8 1 9 fffftttttttttt
1211312423fffft	12113320tftt	2 1 1 1 1 3 13 2 13 12 13 8 13 9 10 10 10 4 7 5 7 11 1 7 1 6 3 8 fffftttttttttt
1211312423fffft	12113330tftt	2 1 1 1 1 3 13 2 13 12 13 8 13 9 10 10 10 4 10 5 10 11 1 7 1 6 3 8 fffftttttttttt
1211312423fffft	12203133tttf	2 1 1 1 1 3 6 2 10 12 6 13 8 13 10 9 6 7 6 11 12 4 12 5 1 10 1 8 fffftttttttttt
1211312443fffft	01023033tttf	2 1 1 1 1 3 7 2 4 10 4 11 7 8 6 7 4 9 7 5 4 12 7 13 1 4 1 6 fffftttttttttt
1211312443fffft	01123033tttf	2 1 1 1 1 3 7 2 4 10 4 11 7 9 6 7 7 5 10 8 10 12 7 13 1 4 1 6 fffftttttttttt
1211312443fffft	01223033tttf	2 1 1 1 1 3 7 2 4 9 4 11 7 10 6 7 7 5 12 12 12 8 7 13 1 4 1 6 fffftttttttttt
1211312443fffft	01232200ttft	2 1 1 1 1 3 7 2 4 12 7 13 4 8 5 7 7 11 7 6 4 4 4 5 1 10 1 9 fffftttttttttt
1211312443fffft	01232210ttft	2 1 1 1 1 3 7 2 4 12 7 13 4 8 5 7 7 11 7 6 12 4 12 5 1 10 1 9 fffftttttttttt
1211312443fffft	01232220ttft	2 1 1 1 1 3 8 2 4 10 8 11 8 13 4 6 5 8 8 7 1 12 1 9 1 4 1 5 fffftttttttttt
1211312443fffft	01232230ttft	2 1 1 1 1 3 7 2 4 12 7 13 4 8 5 7 7 11 7 6 10 4 10 5 1 10 1 9 fffftttttttttt
1211312443fffft	11023033tttf	2 1 1 1 1 3 9 2 10 10 10 11 9 7 4 8 9 5 11 9 4 12 9 13 1 4 1 6 fffftttttttttt
1211312443fffft	11123033tttf	2 1 1 1 1 3 8 2 10 10 10 11 8 9 8 5 11 8 10 7 10 12 8 13 1 4 1 6 fffftttttttttt
1211312443fffft	12003133tttf	2 1 1 1 1 3 7 2 10 12 7 13 10 9 8 7 7 6 7 11 4 4 4 5 1 10 1 8 fffftttttttttt
1211312443fffft	12103133tttf	2 1 1 1 1 3 7 2 10 12 7 13 10 9 8 7 7 6 7 11 10 4 10 5 1 10 1 8 fffftttttttttt
1211312443fffft	12203133tttf	2 1 1 1 1 3 7 2 10 12 7 13 10 9 8 7 7 6 7 11 12 4 12 5 1 10 1 8 fffftttttttttt
1211312443fftff	01203033tttf	5 1 1 1 3 2 2 5 4 8 4 10 7 9 6 5 11 4 12 6 13 5 1 4 2 5 3 6 fffftttttttttt
1211312443fftff	01203133tttf	5 1 1 1 3 2 2 5 4 8 4 10 7 9 6 5 11 4 12 6 13 5 1 8 2 5 3 9 fffftttttttttt
1211312443fftff	01213033tttf	5 1 1 1 3 2 2 5 4 8 4 10 7 9 6 5 11 8 12 9 13 5 1 4 2 5 3 6 fffftttttttttt
1211312443fftff	01223033tttf	6 1 1 1 3 2 2 6 4 8 7 9 4 10 5 6 11 11 12 13 13 6 1 4 2 6 3 5 fffftttttttttt
1211312443fftff	01231033tttf	6 1 1 1 3 2 2 6 4 12 7 13 4 8 5 6 9 6 8 5 12 4 13 6 10 1 11 2 fffftttttttttt
1211312443fftff	01233033tttf	6 1 1 1 3 2 2 6 4 9 7 10 4 8 5 6 13 6 11 1 12 2 1 4 2 6 3 5 fffftttttttttt
1211312443fftff	11022333tttf	5 1 1 1 3 2 2 5 9 9 9 8 10 5 8 10 7 5 4 12 6 13 13 5 12 1 11 2 fffftttttttttt
1211312443fftff	11220333tttf	5 1 1 1 3 2 2 5 9 9 9 10 11 5 10 11 7 5 12 12 13 5 8 13 4 1 6 2 fffftttttttttt
1211312443fftff	11230033tttf	5 1 1 1 3 2 2 5 12 12 12 8 13 5 8 13 11 5 4 4 7 5 6 7 9 1 10 2 fffftttttttttt
1211312443fftff	11230133tttf	5 1 1 1 3 2 2 5 12 12 12 10 13 5 10 13 4 12 6 13 9 5 7 5 8 1 11 2 fffftttttttttt
1211312443fftff	11230233tttf	5 1 1 1 3 2 2 5 12 12 12 8 13 5 8 13 11 5 4 9 7 5 6 11 9 1 10 2 fffftttttttttt
1211312443fftff	11230333tttf	5 1 1 1 3 2 2 5 10 10 10 7 11 5 13 5 7 11 8 5 12 1 9 2 4 1 6 2 fffftttttttttt
1211312443fftff	12200333tttf	6 1 1 1 3 2 2 6 10 12 11 13 10 9 8 6 9 5 5 6 12 4 13 6 4 1 7 2 fffftttttttttt
1211312443fftff	12210333tttf	6 1 1 1 3 2 2 6 10 12 11 13 10 9 8 6 9 8 5 6 12 10 13 6 4 1 7 2 fffftttttttttt
1211312443fftff	12220333tttf	7 1 1 1 3 2 2 7 10 12 11 13 9 13 10 9 6 7 5 7 12 12 13 7 4 1 8 2 fffftttttttttt
1211312443fftff	12230333tttf	5 1 1 1 3 2 2 5 10 12 10 9 11 5 13 5 7 13 8 5 12 1 9 2 4 1 6 2 fffftttttttttt
1211312443fftff	12300333tttf	6 1 1 1 3 2 2 6 9 12 10 13 9 8 11 6 5 6 1 4 2 6 3 5 4 1 7 2 fffftttttttttt
1211314123fftff	01203233tttf	5 1 1 1 1 3 2 5 4 8 4 9 4 10 6 5 11 4 11 7 12 5 1 11 1 13 2 5 fffftttttttttt
1211314123fftff	01232230ttft	5 1 1 1 1 3 2 5 4 11 4 12 4 13 6 5 8 4 10 5 8 7 1 8 1 9 2 5 fffftttttttttt
1211314123fftff	12013033tttf	5 1 1 1 1 3 2 5 8 11 8 12 8 13 9 5 4 8 4 10 6 5 1 4 1 7 2 5 fffftttttttttt
1211314123fftff	12113300tftt	5 1 1 1 1 3 2 5 1 8 1 9 1 10 2 5 11 11 11 12 13 5 4 4 6 5 4 7 fffftttttttttt
1211314124ffftf	12113300tftt	3 1 1 1 2 3 1 5 1 8 1 9 2 10 1 5 11 11 13 12 11 5 4 4 4 5 6 7 fffftttttttttt
1211314321fftff	12113300tftt	5 1 1 1 2 3 1 5 1 8 1 9 2 10 1 5 11 11 13 12 11 5 4 4 4 5 6 7 fffftttttttttt
1211314324ffftf	12113300tftt	3 1 1 1 2 3 1 7 1 8 1 7 2 9 7 10 11 11 11 7 12 13 4 4 6 5 4 7 fffftttttttttt
1211314324fftff	12300333tttf	5 1 1 1 2 3 3 5 9 12 9 13 10 8 11 5 7 5 1 4 2 7 3 5 4 1 6 3 fffftttttttttt
1211314423fftff	01201333tttf	6 1 1 1 3 3 2 6 4 10 7 11 4 8 5 6 9 7 8 6 12 4 13 6 10 1 11 3 fffftttttttttt
1211314423fftff	01203033tttf	5 1 1 1 3 3 2 5 4 8 4 9 7 10 6 5 11 4 12 7 13 5 1 4 2 5 3 7 fffftttttttttt
1211314423fftff	01203133tttf	5 1 1 1 3 3 2 5 4 8 4 9 7 10 6 5 11 4 12 7 13 5 1 8 2 5 3 10 fffftttttttttt
1211314423fftff	01203233tttf	5 1 1 1 3 3 2 5 4 8 4 9 7 10 6 5 11 4 13 7 12 5 1 11 3 13 2 5 fffftttttttttt
1211314423fftff	01203333tttf	6 1 1 1 3 3 2 6 4 8 7 9 4 10 5 6 11 4 12 6 13 7 1 1 3 3 2 6 fffftttttttttt
1211314423fftff	01213033tttf	5 1 1 1 3 3 2 5 4 8 4 9 7 10 6 5 11 8 12 10 13 5 1 4 2 5 3 7 fffftttttttttt
1211314423fftff	01232230ttft	5 1 1 1 3 3 2 5 4 11 4 13 7 12 6 5 8 4 10 5 9 7 1 8 2 5 3 9 fffftttttttttt
1211314423fftff	11220333tttf	5 1 1 1 3 3 2 5 10 10 10 8 11 11 8 5 9 9 6 5 12 12 13 5 4 1 7 3 fffftttttttttt
1211314423fftff	11230033tttf	5 1 1 1 3 3 2 5 12 12 12 13 7 7 10 5 6 5 4 4 11 11 13 5 9 1 8 3 fffftttttttttt
1211314423fftff	11230133tttf	5 1 1 1 3 3 2 5 12 12 12 13 7 7 9 5 6 5 10 7 13 5 4 12 11 1 8 3 fffftttttttttt
1211314423fftff	11230233tttf	5 1 1 1 3 3 2 5 12 12 12 13 7 7 10 5 6 5 4 9 11 8 13 5 9 1 8 3 fffftttttttttt
1211314423fftff	11230333tttf	5 1 1 1 3 3 2 5 10 10 10 11 9 9 6 5 11 5 12 5 13 1 7 3 8 3 4 1 fffftttttttttt
1211314423fftff	12013033tttf	6 1 1 1 3 3 2 6 8 11 10 12 8 13 9 6 4 8 7 10 5 6 1 4 2 6 3 7 fffftttttttttt
1211314423fftff	12200333tttf	5 1 1 1 3 3 2 5 10 12 10 13 11 8 9 5 6 5 8 7 12 4 13 5 4 1 7 3 fffftttttttttt
1211314423fftff	12210333tttf	5 1 1 1 3 3 2 5 10 12 10 13 11 8 9 5 6 5 8 11 12 10 13 5 4 1 7 3 fffftttttttttt
1211314423fftff	12220333tttf	5 1 1 1 3 3 2 5 10 12 10 13 11 8 9 5 6 5 8 8 12 12 13 5 4 1 7 3 fffftttttttttt
1211314423fftff	12230333tttf	5 1 1 1 3 3 2 5 10 13 10 12 9 7 6 5 11 5 12 5 13 1 7 3 8 3 4 1 fffftttttttttt
1211342113fffft	01023033tttf	3 1 1 1 1 3 5 2 4 10 6 10 4 11 5 8 4 9 5 6 4 12 5 13 1 4 1 7 fffftttttttttt
1211342113fffft	01123033tttf	3 1 1 1 1 3 5 2 4 10 6 10 4 11 5 9 5 6 10 8 10 12 5 13 1 4 1 7 fffftttttttttt
1211342113fffft	01223033tttf	3 1 1 1 1 3 5 2 4 9 7 9 5 11 4 10 5 7 12 12 5 13 12 8 1 4 1 6 fffftttttttttt
1211342113fffft	01232200ttft	3 1 1 1 1 3 6 2 4 12 6 13 7 12 4 8 6 11 6 7 4 4 4 5 1 10 1 9 fffftttttttttt
1211342113fffft	01232210ttft	3 1 1 1 1 3 6 2 4 12 6 13 7 12 4 9 6 7 6 11 12 4 12 5 1 10 1 8 fffftttttttttt
1211342113fffft	01232220ttft	3 1 1 1 1 3 7 2 4 10 7 11 7 13 8 10 4 6 7 8 1 12 1 9 1 4 1 5 fffftttttttttt
1211342113fffft	01232230ttft	3 1 1 1 1 3 6 2 4 12 6 13 7 12 4 8 6 11 6 7 10 4 10 5 1 10 1 9 fffftttttttttt
1211342113fffft	11023033tttf	3 1 1 1 1 3 9 2 10 10 10 11 9 7 4 8 9 5 7 10 4 12 9 13 1 4 1 6 fffftttttttttt
1211342113fffft	11123033tttf	3 1 1 1 1 3 8 2 10 10 10 11 8 9 8 5 9 10 10 7 10 12 8 13 1 4 1 6 fffftttttttttt
1211342113fffft	12003133tttf	3 1 1 1 1 3 5 2 8 12 9 12 5 13 8 11 4 4 4 6 5 7 5 9 1 8 1 10 fffftttttttttt
1211342113fffft	12103133tttf	3 1 1 1 1 3 5 2 8 12 9 12 5 13 8 11 8 4 8 6 5 7 5 9 1 8 1 10 fffftttttttttt
1211342113fffft	12203133tttf	3 1 1 1 1 3 5 2 10 12 11 12 5 13 10 9 5 7 5 11 12 4 12 6 1 10 1 8 fffftttttttttt
1211342143fffft	01023033tttf	3 1 1 1 1 3 7 2 4 10 4 11 7 8 5 7 4 9 7 5 4 12 7 13 1 4 1 6 fffftttttttttt
1211342143fffft	01123033tttf	3 1 1 1 1 3 7 2 4 10 4 11 7 9 5 7 7 5 10 8 10 12 7 13 1 4 1 6 fffftttttttttt
1211342143fffft	01223033tttf	3 1 1 1 1 3 7 2 4 9 7 11 4 10 6 7 7 6 12 12 7 13 12 8 1 4 1 5 fffftttttttttt
1211342143fffft	01232200ttft	3 1 1 1 1 3 7 2 4 12 7 13 4 8 6 7 7 11 7 6 4 4 4 5 1 10 1 9 fffftttttttttt
1211342143fffft	01232210ttft	3 1 1 1 1 3 7 2 4 12 7 13 4 9 6 7 7 6 7 11 12 4 12 5 1 10 1 8 fffftttttttttt
1211342143fffft	01232220ttft	3 1 1 1 1 3 8 2 4 10 8 11 8 13 4 6 7 8 8 7 1 12 1 9 1 4 1 5 fffftttttttttt
1211342143fffft	01232230ttft	3 1 1 1 1 3 7 2 4 12 7 13 4 8 6 7 7 11 7 6 10 4 10 5 1 10 1 9 fffftttttttttt
1211342143fffft	11023033tttf	3 1 1 1 1 3 7 2 10 10 10 11 7 8 8 7 4 9 7 5 4 12 7 13 1 4 1 6 fffftttttttttt
1211342143fffft	11123033tttf	3 1 1 1 1 3 7 2 10 10 10 11 7 9 9 7 7 5 10 8 10 12 7 13 1 4 1 6 fffftttttttttt
1211342143fffft	12003133tttf	3 1 1 1 1 3 7 2 10 12 7 13 10 9 11 7 7 6 7 11 4 4 4 5 1 10 1 8 fffftttttttttt
1211342143fffft	12103133tttf	3 1 1 1 1 3 7 2 10 12 7 13 10 9 11 7 7 6 7 11 10 4 10 5 1 10 1 8 fffftttttttttt
1211342143fffft	12203133tttf	3 1 1 1 1 3 7 2 10 12 7 13 10 9 11 7 7 6 7 11 12 4 12 5 1 10 1 8 fffftttttttttt
1211342143fftff	01122333tttf	6 1 1 1 3 2 1 6 4 9 7 10 5 8 4 6 9 6 9 12 8 13 12 6 12 1 11 2 fffftttttttttt
1211342143fftff	01221333tttf	5 1 1 1 3 2 1 5 4 9 7 10 4 5 6 11 9 5 12 12 12 5 8 13 9 1 10 2 fffftttttttttt
1211342143fftff	01223333tttf	5 1 1 1 3 2 1 5 4 8 7 9 4 5 6 10 11 11 11 5 13 12 1 1 3 2 1 5 fffftttttttttt
1211342143fftff	01232232ttft	5 1 1 1 3 2 1 5 4 9 6 10 7 11 4 5 12 5 1 12 1 5 3 13 12 1 8 2 fffftttttttttt
1211342143fftff	12002333tttf	6 1 1 1 3 2 1 6 8 12 9 13 10 11 8 6 4 4 4 6 7 5 12 6 12 1 11 2 fffftttttttttt
1211342143fftff	12003333tttf	6 1 1 1 3 2 1 6 8 11 9 12 10 13 8 6 4 4 4 6 7 5 1 1 3 2 1 6 fffftttttttttt
1211342143fftff	12032230ttft	6 1 1 1 3 2 1 6 11 1 12 2 13 3 11 6 8 4 10 5 8 6 4 8 4 6 7 9 fffftttttttttt
1211342143fftff	12200333tttf	6 1 1 1 3 2 1 6 10 12 11 13 8 9 10 6 9 5 4 6 12 4 12 6 4 1 7 2 fffftttttttttt
1211342143fftff	12300333tttf	6 1 1 1 3 2 1 6 9 12 10 13 11 8 9 6 4 6 1 4 1 6 3 5 4 1 7 2 fffftttttttttt
1211344121ffftf	01203233tttf	3 2 2 3 2 2 1 5 4 8 4 10 4 9 6 5 11 4 12 5 11 7 2 11 2 13 1 5 fffftttttttttt
1211344121ffftf	01232230ttft	3 1 1 1 1 3 2 9 6 5 10 9 6 8 4 9 8 11 8 12 8 13 1 6 1 7 2 9 fffftttttttttt
1211344121ffftf	12013033tttf	3 2 2 3 2 2 1 5 8 11 8 13 8 12 9 5 4 8 4 10 6 5 2 4 1 5 2 7 fffftttttttttt
1211344121ffftf	12113300tftt	3 1 1 1 1 3 2 11 10 13 10 10 12 11 5 5 5 6 4 11 1 7 1 8 1 9 2 11 fffftttttttttt
1211344123ffftf	01203233tttf	3 1 1 1 7 3 2 7 4 10 8 7 7 5 4 6 7 9 11 7 12 4 7 13 1 12 2 7 fffftttttttttt
1211344123ffftf	01232230ttft	2 1 1 1 3 8 8 2 8 7 8 6 4 8 11 8 10 5 9 10 10 12 8 13 1 9 3 8 fffftttttttttt
1211344123ffftf	12013033tttf	3 1 1 1 8 3 2 8 10 12 8 13 9 8 8 6 10 7 8 11 4 10 5 8 1 4 2 8 fffftttttttttt
1211344123fftff	01122333tttf	5 1 1 1 1 3 2 5 4 10 7 9 4 8 6 5 9 5 10 11 10 12 13 5 12 1 12 3 fffftttttttttt
1211344123fftff	01203233tttf	6 1 1 1 1 3 2 6 4 8 4 10 7 9 5 6 11 4 11 7 12 6 1 11 1 13 2 6 fffftttttttttt
1211344123fftff	01213233tttf	5 1 1 1 1 3 2 5 4 8 7 9 4 10 6 5 11 8 11 10 12 5 1 11 1 13 2 5 fffftttttttttt
1211344123fftff	01221333tttf	5 1 1 1 1 3 2 5 4 9 7 10 4 11 6 5 10 5 12 12 12 8 13 5 9 1 9 3 fffftttttttttt
1211344123fftff	01223033tttf	5 1 1 1 1 3 2 5 4 8 7 9 4 10 6 5 11 11 11 13 12 5 1 4 1 7 2 5 fffftttttttttt
1211344123fftff	01223133tttf	5 1 1 1 1 3 2 5 4 8 7 9 4 10 6 5 11 11 11 13 12 5 1 8 1 10 2 5 fffftttttttttt
1211344123fftff	01223233tttf	5 1 1 1 1 3 2 5 4 8 7 9 4 10 6 5 11 11 11 13 12 5 1 11 1 13 2 5 fffftttttttttt
1211344123fftff	01223333tttf	5 1 1 1 1 3 2 5 4 8 7 9 4 10 6 5 11 11 11 13 12 5 1 1 1 3 2 5 fffftttttttttt
1211344123fftff	01231233tttf	5 1 1 1 1 3 2 5 4 12 7 13 4 8 6 5 10 5 12 9 12 11 13 5 9 1 9 3 fffftttttttttt
1211344123fftff	01232230ttft	6 1 1 1 1 3 2 6 4 11 4 13 7 12 5 6 8 4 10 6 8 7 1 8 1 9 2 6 fffftttttttttt
1211344123fftff	01232232ttft	5 1 1 1 1 3 2 5 4 9 7 10 4 11 6 5 13 5 1 12 1 8 2 5 12 1 12 3 fffftttttttttt
1211344123fftff	01232233ttft	6 1 1 1 1 3 2 6 4 11 4 13 7 12 5 6 8 8 8 10 9 6 1 8 1 10 2 6 fffftttttttttt
1211344123fftff	01233233tttf	5 1 1 1 1 3 2 5 4 9 7 10 4 8 6 5 12 5 11 1 11 3 1 11 1 13 2 5 fffftttttttttt
1211344123fftff	12003033tttf	5 1 1 1 1 3 2 5 8 11 9 12 8 13 10 5 4 4 6 5 4 7 1 4 1 7 2 5 fffftttttttttt
1211344123fftff	12013033tttf	5 1 1 1 1 3 2 5 8 11 10 12 8 13 9 5 4 8 4 10 6 5 1 4 1 7 2 5 fffftttttttttt
1211344123fftff	12033033tttf	6 1 1 1 1 3 2 6 9 11 9 13 8 12 10 6 5 6 4 1 4 3 1 4 1 7 2 6 fffftttttttttt
1211344123fftff	12113300tftt	6 1 1 1 1 3 2 6 1 8 1 10 3 9 2 6 11 11 11 13 12 6 4 4 4 7 5 6 fffftttttttttt
1211344321ffftf	01203233tttf	3 2 2 3 2 2 1 5 4 8 5 10 4 9 6 5 11 4 12 5 11 7 2 11 2 13 1 5 fffftttttttttt
1211344321ffftf	01232230ttft	3 1 1 1 1 3 2 9 6 5 10 9 6 8 4 9 8 11 9 12 8 13 1 6 1 7 2 9 fffftttttttttt
1211344321ffftf	12013033tttf	3 2 2 3 2 2 1 6 8 11 8 12 6 13 9 6 4 8 4 10 5 6 2 4 1 6 2 7 fffftttttttttt
1211344321ffftf	12113300tftt	3 1 1 1 1 3 2 6 11 13 11 11 6 9 5 5 4 6 5 10 12 6 1 7 1 8 2 6 fffftttttttttt
1211344321fftff	12113300tftt	6 1 1 1 2 3 1 6 1 8 2 10 3 9 1 6 11 11 12 13 11 6 4 4 5 7 4 6 fffftttttttttt
1211344321fftff	12300333tttf	5 1 1 1 2 3 1 5 9 12 10 13 11 8 9 5 4 5 1 4 1 5 2 7 4 1 6 3 fffftttttttttt
1223343341fftff	01122333tttf	5 1 2 5 2 2 1 3 6 5 7 9 6 9 4 10 9 5 9 12 8 13 12 5 12 2 11 3 fffftttttttttt
1223343341fftff	01221333tttf	5 1 2 5 2 2 1 3 6 5 7 10 6 10 4 11 10 5 12 5 12 12 8 13 10 2 9 3 fffftttttttttt
1223343341fftff	12002333tttf	8 1 2 8 2 2 1 3 7 8 4 10 9 8 9 9 5 12 7 12 6 13 12 8 12 2 11 3 fffftttttttttt
1223343341fftff	12032230ttft	11 1 2 11 2 2 1 3 9 11 6 11 6 12 5 13 12 11 12 6 4 7 10 2 9 2 8 3 fffftttttttttt
1223343341fftff	12200333tttf	7 1 2 7 2 2 1 3 11 7 6 9 8 7 5 12 11 12 10 13 12 7 12 8 8 2 4 3 fffftttttttttt
1223344144fftff	11220333tttf	5 1 2 5 1 3 3 3 10 5 11 10 9 11 11 11 6 5 12 5 8 13 13 13 4 3 7 3 fffftttttttttt
1223344144fftff	11230033tttf	5 1 2 5 1 3 3 3 12 5 13 12 13 13 8 13 10 5 7 5 4 6 6 6 9 3 11 3 fffftttttttttt
1223344144fftff	11230133tttf	5 1 2 5 1 3 3 3 12 5 13 12 13 13 10 13 4 13 6 13 8 5 7 5 11 3 9 3 fffftttttttttt
1223344144fftff	11230233tttf	5 1 2 5 1 3 3 3 12 5 13 12 13 13 8 13 10 5 7 5 4 11 6 11 9 3 11 3 fffftttttttttt
1223344144fftff	11230333tttf	6 1 2 6 1 3 3 3 10 6 11 6 13 10 13 13 5 13 8 6 9 3 4 3 7 3 12 3 fffftttttttttt
1223344144fftff	12200333tttf	7 1 2 7 1 3 3 3 5 7 6 9 8 7 11 12 10 13 11 13 12 7 13 9 4 3 9 3 fffftttttttttt
1223344144fftff	12210333tttf	7 1 2 7 1 3 3 3 5 7 6 11 8 7 11 12 10 13 11 13 12 7 13 11 4 3 9 3 fffftttttttttt
1223344144fftff	12220333tttf	6 1 2 6 1 3 3 3 9 6 8 6 11 12 11 13 10 13 5 13 12 6 13 13 4 3 7 3 fffftttttttttt
1223344144fftff	12230333tttf	6 1 2 6 1 3 3 3 10 6 11 6 13 11 13 12 5 12 8 6 9 3 4 3 7 3 12 3 fffftttttttttt
1234432144fftff	01122333tttf	7 2 1 1 1 3 2 7 8 6 4 7 9 7 5 10 8 10 10 11 10 13 12 7 13 3 13 1 fffftttttttttt
1234432144fftff	01231233tttf	7 2 1 1 1 3 2 7 8 6 4 7 9 7 5 13 8 13 13 11 13 10 12 7 10 3 10 1 fffftttttttttt
1234433321fftff	11220333tttf	5 1 3 2 2 2 1 5 11 10 10 11 10 10 9 5 4 5 8 13 13 13 12 5 7 2 6 2 fffftttttttttt
1234433321fftff	11230033tttf	5 1 3 2 2 2 1 5 8 13 13 8 12 5 13 13 9 5 6 7 7 7 4 5 11 2 10 2 fffftttttttttt
1234433321fftff	11230133tttf	7 1 3 2 2 2 1 7 10 13 8 13 9 13 13 10 12 7 13 13 5 7 4 7 11 2 6 2 fffftttttttttt
1234433321fftff	11230233tttf	5 1 3 2 2 2 1 5 8 13 13 8 12 5 13 13 9 5 6 10 7 10 4 5 11 2 10 2 fffftttttttttt
1234433321fftff	11230333tttf	5 1 3 2 2 2 1 5 7 13 13 7 10 5 11 5 13 13 4 5 9 2 6 2 8 2 12 2 fffftttttttttt
1234433321fftff	12200333tttf	6 1 3 2 2 2 1 6 11 13 10 13 10 9 8 6 9 5 4 6 13 5 12 6 7 2 5 2 fffftttttttttt
1234433321fftff	12210333tttf	6 1 3 2 2 2 1 6 11 13 10 13 10 9 8 6 9 10 4 6 13 10 12 6 7 2 5 2 fffftttttttttt
1234433321fftff	12220333tttf	7 1 3 2 2 2 1 7 11 13 10 13 9 13 10 9 6 7 4 7 13 13 12 7 8 2 5 2 fffftttttttttt
1234433321fftff	12230333tttf	5 1 3 2 2 2 1 5 7 12 13 9 10 5 11 5 13 12 4 5 9 2 6 2 8 2 12 2 fffftttttttttt
