1211132431fffft	012022ttf	2 1 1 1 3 1 7 2 4 9 6 9 7 10 4 8 7 5 1 4 3 4 ffffttttttt
1211132431fftff	011222ttf	5 1 1 1 1 3 2 5 4 9 6 9 7 5 4 8 10 5 9 1 9 3 ffffttttttt
1211133421fftff	011222ttf	5 1 1 1 3 2 1 5 4 9 6 9 7 10 4 5 9 5 9 1 8 2 ffffttttttt
1211133421fftff	120022ttf	5 1 1 1 3 2 1 5 9 1 8 1 10 2 9 5 7 6 4 4 4 5 ffffttttttt
1211312443fftff	110222ttf	5 1 1 1 3 2 2 5 9 9 9 8 10 5 8 10 7 5 4 1 6 2 ffffttttttt
1211314123fftff	012022ttf	5 1 1 1 1 3 2 5 4 8 4 9 4 10 6 5 1 4 1 7 2 5 ffffttttttt
1211314423fftff	012022ttf	5 1 1 1 3 3 2 5 4 8 4 10 7 9 6 5 1 4 2 5 3 7 ffffttttttt
1211342143fftff	011222ttf	6 1 1 1 3 2 1 6 4 9 7 10 5 8 4 6 9 6 9 1 8 2 ffffttttttt
1211342143fftff	012222ttf	6 1 1 1 3 2 1 6 4 8 7 9 5 10 4 6 1 1 3 2 1 6 ffffttttttt
1211342143fftff	120022ttf	6 1 1 1 3 2 1 6 9 1 10 2 8 3 9 6 7 5 4 4 4 6 ffffttttttt
1211344121ffftf	012022ttf	3 1 1 1 1 3 2 5 4 8 4 10 4 9 6 5 1 4 2 5 1 7 ffffttttttt
1211344123ffftf	012022ttf	2 1 1 1 3 7 7 2 4 9 7 10 5 7 4 8 7 6 1 4 3 7 ffffttttttt
1211344123fftff	011222ttf	5 1 1 1 1 3 2 5 4 9 7 10 4 8 6 5 10 5 9 1 9 3 ffffttttttt
1211344123fftff	012022ttf	6 1 1 1 1 3 2 6 4 8 4 10 7 9 5 6 1 4 1 7 2 6 ffffttttttt
1211344123fftff	012122ttf	5 1 1 1 1 3 2 5 4 8 7 9 4 10 6 5 1 8 1 10 2 5 ffffttttttt
1211344123fftff	012222ttf	5 1 1 1 1 3 2 5 4 8 7 9 4 10 6 5 1 1 1 3 2 5 ffffttttttt
1211344321ffftf	012022ttf	3 1 1 1 1 3 2 5 4 8 5 10 4 9 6 5 1 4 2 5 1 7 ffffttttttt
1223343341fftff	011222ttf	5 1 2 5 2 2 1 3 6 5 7 9 6 9 4 10 9 5 9 2 8 3 ffffttttttt
1223343341fftff	120022ttf	8 1 2 8 2 2 1 3 7 8 4 10 9 8 9 9 5 2 7 2 6 3 ffffttttttt
1234432144fftff	011222ttf	6 1 2 3 2 2 1 6 7 8 4 6 5 10 7 10 9 6 10 3 10 2 ffffttttttt
