0101ft	0102034444ffftf	1 0 1 2 1 3 1 4 1 0 fffft
0101ft	0102134444ffftf	1 0 1 2 1 3 1 4 1 0 fffft
0101ft	0102234444ffftf	1 0 1 2 1 3 1 4 1 0 fffft
0101ft	0102334444ffftf	1 0 1 2 1 3 1 4 1 0 fffft
0101ft	0102343333fffft	1 0 1 2 1 3 1 4 1 0 fffft
0101ft	0112034444ffftf	1 0 1 2 1 3 1 4 1 0 fffft
0101ft	0112134444ffftf	1 0 1 2 1 3 1 4 1 0 fffft
0101ft	0112234444ffftf	1 0 1 2 1 3 1 4 1 0 fffft
0101ft	0112334444ffftf	1 0 1 2 1 3 1 4 1 0 fffft
0101ft	0112343333fffft	1 0 1 2 1 3 1 4 1 0 fffft
0101ft	0122034444ffftf	1 0 1 2 1 3 1 4 1 0 fffft
0101ft	0122134444ffftf	1 0 1 2 1 3 1 4 1 0 fffft
0101ft	0122234444ffftf	1 0 1 2 1 3 1 4 1 0 fffft
0101ft	0122334444ffftf	1 0 1 2 1 3 1 4 1 0 fffft
0101ft	0122343333fffft	1 0 1 2 1 3 1 4 1 0 fffft
0101ft	0123220422fffft	1 0 1 2 1 3 1 4 1 0 fffft
0101ft	0123221422fffft	1 0 1 2 1 3 1 4 1 0 fffft
0101ft	0123222422fffft	1 0 1 2 1 3 1 4 1 0 fffft
0101ft	0123223422fffft	1 0 1 2 1 3 1 4 1 0 fffft
0101ft	0123224422fffft	1 0 1 2 1 3 1 4 1 0 fffft
0101ft	0123440244fftff	1 0 1 2 1 3 1 4 1 0 fffft
0101ft	0123441244fftff	1 0 1 2 1 3 1 4 1 0 fffft
0101ft	0123442244fftff	1 0 1 2 1 3 1 4 1 0 fffft
0101ft	0123443244fftff	1 0 1 2 1 3 1 4 1 0 fffft
0101ft	0123444244fftff	1 0 1 2 1 3 1 4 1 0 fffft
0101ft	1102034444ffftf	1 0 1 2 1 3 1 4 1 0 fffft
0101ft	1102134444ffftf	1 0 1 2 1 3 1 4 1 0 fffft
0101ft	1102234444ffftf	1 0 1 2 1 3 1 4 1 0 fffft
0101ft	1102334444ffftf	1 0 1 2 1 3 1 4 1 0 fffft
0101ft	1102343333fffft	1 0 1 2 1 3 1 4 1 0 fffft
0101ft	1112034444ffftf	1 0 1 2 1 3 1 4 1 0 fffft
0101ft	1112134444ffftf	1 0 1 2 1 3 1 4 1 0 fffft
0101ft	1112234444ffftf	1 0 1 2 1 3 1 4 1 0 fffft
0101ft	1112334444ffftf	1 0 1 2 1 3 1 4 1 0 fffft
0101ft	1112343333fffft	1 0 1 2 1 3 1 4 1 0 fffft
0101ft	1122034444ffftf	1 0 1 2 1 3 1 4 1 0 fffft
0101ft	1122134444ffftf	1 0 1 2 1 3 1 4 1 0 fffft
0101ft	1122234444ffftf	1 0 1 2 1 3 1 4 1 0 fffft
0101ft	1122334444ffftf	1 0 1 2 1 3 1 4 1 0 fffft
0101ft	1122343333fffft	1 0 1 2 1 3 1 4 1 0 fffft
0101ft	1123220422fffft	1 0 1 2 1 3 1 4 1 0 fffft
0101ft	1123221422fffft	1 0 1 2 1 3 1 4 1 0 fffft
0101ft	1123222422fffft	1 0 1 2 1 3 1 4 1 0 fffft
0101ft	1123223422fffft	1 0 1 2 1 3 1 4 1 0 fffft
0101ft	1123224422fffft	1 0 1 2 1 3 1 4 1 0 fffft
0101ft	1203014444ffftf	1 0 1 2 1 3 1 4 1 0 fffft
0101ft	1203114444ffftf	1 0 1 2 1 3 1 4 1 0 fffft
0101ft	1203214444ffftf	1 0 1 2 1 3 1 4 1 0 fffft
0101ft	1203314444ffftf	1 0 1 2 1 3 1 4 1 0 fffft
0101ft	1203414444ffftf	1 0 1 2 1 3 1 4 1 0 fffft
0101ft	1211030411fffft	1 0 1 2 1 3 1 4 1 0 fffft
0101ft	1211031411fffft	1 0 1 2 1 3 1 4 1 0 fffft
0101ft	1211032411fffft	1 0 1 2 1 3 1 4 1 0 fffft
0101ft	1211033411fffft	1 0 1 2 1 3 1 4 1 0 fffft
0101ft	1211034411fffft	1 0 1 2 1 3 1 4 1 0 fffft
0101ft	1211130411fffft	1 0 1 2 1 3 1 4 1 0 fffft
0101ft	1211131411fffft	1 0 1 2 1 3 1 4 1 0 fffft
0101ft	1211132411fffft	1 0 1 2 1 3 1 4 1 0 fffft
0101ft	1211133411fffft	1 0 1 2 1 3 1 4 1 0 fffft
0101ft	1211134411fffft	1 0 1 2 1 3 1 4 1 0 fffft
0101ft	1211230411fffft	1 0 1 2 1 3 1 4 1 0 fffft
0101ft	1211231411fffft	1 0 1 2 1 3 1 4 1 0 fffft
0101ft	1211232411fffft	1 0 1 2 1 3 1 4 1 0 fffft
0101ft	1211233411fffft	1 0 1 2 1 3 1 4 1 0 fffft
0101ft	1211234411fffft	1 0 1 2 1 3 1 4 1 0 fffft
0101ft	1211330411fffft	1 0 1 2 1 3 1 4 1 0 fffft
0101ft	1211331411fffft	1 0 1 2 1 3 1 4 1 0 fffft
0101ft	1211332411fffft	1 0 1 2 1 3 1 4 1 0 fffft
0101ft	1211333411fffft	1 0 1 2 1 3 1 4 1 0 fffft
0101ft	1211334411fffft	1 0 1 2 1 3 1 4 1 0 fffft
0101ft	1211341103ffftf	1 0 1 2 1 3 1 4 1 0 fffft
0101ft	1211341113ffftf	1 0 1 2 1 3 1 4 1 0 fffft
0101ft	1211341123ffftf	1 0 1 2 1 3 1 4 1 0 fffft
0101ft	1211341133ffftf	1 0 1 2 1 3 1 4 1 0 fffft
0101ft	1211341143ffftf	1 0 1 2 1 3 1 4 1 0 fffft
0101ft	1213014444ffftf	1 0 1 2 1 3 1 4 1 0 fffft
0101ft	1213114444ffftf	1 0 1 2 1 3 1 4 1 0 fffft
0101ft	1213214444ffftf	1 0 1 2 1 3 1 4 1 0 fffft
0101ft	1213314444ffftf	1 0 1 2 1 3 1 4 1 0 fffft
0101ft	1213414444ffftf	1 0 1 2 1 3 1 4 1 0 fffft
0101ft	1223314444ffftf	1 0 1 2 1 3 1 4 1 0 fffft
0101ft	1233343301ftfff	1 0 1 2 1 3 1 4 1 0 fffft
0101ft	1233343311ftfff	1 0 1 2 1 3 1 4 1 0 fffft
0101ft	1233343321ftfff	1 0 1 2 1 3 1 4 1 0 fffft
0101ft	1233343331ftfff	1 0 1 2 1 3 1 4 1 0 fffft
0101ft	1233343341ftfff	1 0 1 2 1 3 1 4 1 0 fffft
