01020303ffft	1111tf	1 0 2 0 3 0 3 0 ffft
01020313ffft	1111tf	1 0 2 0 3 0 3 1 ffft
01020313fftt	1111tf	1 0 2 0 3 0 3 1 fftt
01020313fttt	1111tf	1 0 2 0 3 0 3 1 fttt
01020323ffft	1111tf	1 0 2 0 3 0 3 2 ffft
01020323fftt	1111tf	1 0 2 0 3 0 3 2 fftt
01020323fttt	1111tf	1 0 2 0 3 0 3 2 fttt
01020333ffft	1111tf	1 0 2 0 3 0 3 3 ffft
01020333fftt	1111tf	1 0 2 0 3 0 3 3 fftt
01020333fttt	1111tf	1 0 2 0 3 0 3 3 fttt
01021313ffft	1111tf	1 0 2 0 3 1 3 1 ffft
01021323ffft	1111tf	1 0 2 0 3 1 3 2 ffft
01021323fftt	1111tf	1 0 2 0 3 1 3 2 fftt
01021323fttt	1111tf	1 0 2 0 3 1 3 2 fttt
01021333ffft	1111tf	1 0 2 0 3 1 3 3 ffft
01021333fftt	1111tf	1 0 2 0 3 1 3 3 fftt
01021333fttt	1111tf	1 0 2 0 3 1 3 3 fttt
01022323ffft	1111tf	1 0 2 0 3 2 3 2 ffft
01022333ffft	1111tf	1 0 2 0 3 2 3 3 ffft
01023201ffft	1111tf	1 0 2 0 2 3 1 0 ffft
01023201fftt	1111tf	1 0 2 0 2 3 1 0 fftt
01023201fttt	1111tf	1 0 3 0 1 0 3 2 fttt
01023202ffft	1111tf	1 0 2 0 2 3 2 0 ffft
01023202fftt	1111tf	1 0 2 0 2 3 2 0 fftt
01023211ffft	1111tf	1 0 2 0 2 3 1 1 ffft
01023211fftf	1111tf	2 0 2 2 3 0 3 1 ffft
01023211fftt	1111tf	1 0 2 0 2 3 1 1 fftt
01023211fttf	1111tf	2 0 2 2 3 0 3 1 fftt
01023211fttt	1111tf	1 0 2 0 2 3 1 1 fttt
01023212ffft	1111tf	1 0 2 0 2 3 2 1 ffft
01023212fftf	1111tf	1 0 3 0 3 1 3 2 ffft
01023212fftt	1111tf	1 0 2 0 2 3 2 1 fftt
01023212fttf	1111tf	2 0 3 2 3 0 3 1 fftt
01023212fttt	1111tf	1 0 2 0 2 3 2 1 fttt
01023221ffft	1111tf	1 0 2 0 2 3 1 2 ffft
01023221fftf	1111tf	1 0 3 0 1 3 3 2 ffft
01023221fftt	1111tf	1 0 2 0 2 3 1 2 fftt
01023221fttf	1111tf	2 0 2 3 3 0 3 1 fftt
01023221fttt	1111tf	1 0 2 0 2 3 1 2 fttt
01023222ffft	1111tf	1 0 2 0 2 3 2 2 ffft
01023222fftf	1111tf	1 0 3 0 3 3 3 2 ffft
01023222fttf	1111tf	2 0 3 3 3 0 3 1 fftt
01023231ffft	1111tf	1 0 2 0 2 3 1 3 ffft
01023231fftt	1111tf	1 0 2 0 2 3 1 3 fftt
01023231fttt	1111tf	1 0 2 0 2 3 1 3 fttt
01023232ffft	1111tf	1 0 2 0 2 3 2 3 ffft
01023232fftf	1111tf	1 0 3 0 3 2 3 2 ffft
01023233ffft	1111tf	1 0 2 0 2 3 3 3 ffft
01023333ffft	1111tf	1 0 2 0 3 3 3 3 ffft
01121313ffft	1111tf	1 0 2 1 3 1 3 1 ffft
01121323ffft	1111tf	1 0 2 1 3 1 3 2 ffft
01121323fftt	1111tf	1 0 2 1 3 1 3 2 fftt
01121333ffft	1111tf	1 0 2 1 3 1 3 3 ffft
01121333fftt	1111tf	1 0 2 1 3 1 3 3 fftt
01122323ffft	1111tf	1 0 2 1 3 2 3 2 ffft
01122333ffft	1111tf	1 0 2 1 3 2 3 3 ffft
01123212ffft	1111tf	1 0 2 1 2 3 2 1 ffft
01123212fftt	1111tf	1 0 2 1 2 3 2 1 fftt
01123222ffft	1111tf	1 0 2 1 2 3 2 2 ffft
01123222fftf	1111tf	1 0 3 1 3 3 3 2 ffft
01123232ffft	1111tf	1 0 2 1 2 3 2 3 ffft
01123233ffft	1111tf	1 0 2 1 2 3 3 3 ffft
01123333ffft	1111tf	1 0 2 1 3 3 3 3 ffft
01210321ffft	1111tf	1 0 1 2 3 0 1 2 ffft
01210321fftt	1111tf	1 0 1 2 3 0 1 2 fftt
01210323ffft	1111tf	1 0 1 2 3 0 3 2 ffft
01210323fftt	1111tf	1 0 1 2 3 0 3 2 fftt
01210333ffft	1111tf	1 0 1 2 3 0 3 3 ffft
01210333fftt	1111tf	1 0 1 2 3 0 3 3 fftt
01210333ftft	1111tf	2 0 3 0 2 1 3 3 fftt
01210333fttt	1111tf	1 0 1 3 2 2 2 0 fttt
01211321ffft	1111tf	1 0 1 2 3 1 1 2 ffft
01211321fftt	1111tf	1 0 1 2 3 1 1 2 fftt
01211323ffft	1111tf	1 0 1 2 3 1 3 2 ffft
01211323fftt	1111tf	1 0 1 2 3 1 3 2 fftt
01211333ffft	1111tf	1 0 1 2 3 1 3 3 ffft
01211333fftt	1111tf	1 0 1 2 3 1 3 3 fftt
01211333ftft	1111tf	2 0 3 2 2 1 3 3 fftt
01212321ffft	1111tf	1 0 1 2 3 2 1 2 ffft
01212321fftt	1111tf	1 0 1 2 3 2 1 2 fftt
01212322ffft	1111tf	1 0 1 2 3 2 2 2 ffft
01212322fftf	1111tf	1 0 1 3 3 3 2 3 ffft
01212323ffft	1111tf	1 0 1 2 3 2 3 2 ffft
01212333ffft	1111tf	1 0 1 2 3 2 3 3 ffft
01212333ftft	1111tf	2 0 3 1 2 1 3 3 fftt
01213101ffft	1111tf	1 0 1 2 1 3 1 0 ffft
01213101fftt	1111tf	1 0 1 2 1 3 1 0 fftt
01213101ftft	1111tf	2 0 2 3 2 1 2 0 fftt
01213101fttt	1111tf	1 0 1 2 1 3 1 0 fttt
01213111ffft	1111tf	1 0 1 2 1 3 1 1 ffft
01213111fftf	1111tf	2 0 2 2 2 3 2 1 ffft
01213111fftt	1111tf	1 0 1 2 1 3 1 1 fftt
01213111ftff	1111tf	3 0 3 2 3 3 3 1 ffft
01213111ftft	1111tf	2 0 2 3 2 1 2 2 fftt
01213111fttf	1111tf	2 0 2 2 2 3 2 1 fftt
01213121ffft	1111tf	1 0 1 2 1 3 1 2 ffft
01213121fttf	1111tf	2 0 2 3 2 3 2 1 fftt
01213123ffft	1111tf	1 0 1 2 1 3 3 2 ffft
01213123fftt	1111tf	1 0 1 2 1 3 3 2 fftt
01213131ffft	1111tf	1 0 1 2 1 3 1 3 ffft
01213131ftft	1111tf	2 0 2 3 2 1 2 3 fftt
01213132ffft	1111tf	1 0 1 2 1 3 2 3 ffft
01213132fftt	1111tf	1 0 1 2 1 3 2 3 fftt
01213133ffft	1111tf	1 0 1 2 1 3 3 3 ffft
01213133fftt	1111tf	1 0 1 2 1 3 3 3 fftt
01213133ftft	1111tf	2 0 2 3 2 1 3 3 fftt
01213232ffft	1111tf	1 0 1 2 2 3 2 3 ffft
01213233ffft	1111tf	1 0 1 2 2 3 3 3 ffft
01213321ffft	1111tf	1 0 1 2 3 3 1 2 ffft
01213321fftt	1111tf	1 0 1 2 3 3 1 2 fftt
01213323ffft	1111tf	1 0 1 2 3 3 3 2 ffft
01213333ffft	1111tf	1 0 1 2 3 3 3 3 ffft
01213333ftft	1111tf	2 0 3 3 2 1 3 3 fftt
01222323ffft	1111tf	1 0 2 2 3 2 3 2 ffft
01222333ffft	1111tf	1 0 2 2 3 2 3 3 ffft
01223232ffft	1111tf	1 0 2 2 2 3 2 3 ffft
01223233ffft	1111tf	1 0 2 2 2 3 3 3 ffft
01223333ffft	1111tf	1 0 2 2 3 3 3 3 ffft
01230113fttt	1111tf	1 0 2 3 2 1 1 0 fttt
01230123fftt	1111tf	1 0 3 2 1 0 3 2 fftt
01230133fftt	1111tf	1 0 3 2 1 0 3 3 fftt
01230133fttt	1111tf	1 0 2 3 2 2 1 0 fttt
01230313ffft	1111tf	1 0 3 2 3 0 3 1 ffft
01230313ftft	1111tf	2 0 3 0 3 1 3 2 fftt
01230313fttt	1111tf	1 0 2 3 2 1 2 0 fttt
01230323ffft	1111tf	1 0 3 2 3 0 3 2 ffft
01230323fftt	1111tf	1 0 3 2 3 0 3 2 fftt
01230333ffft	1111tf	1 0 3 2 3 0 3 3 ffft
01230333fftt	1111tf	1 0 3 2 3 0 3 3 fftt
01230333ftft	1111tf	2 0 3 0 3 1 3 3 fftt
01230333fttt	1111tf	1 0 2 3 2 2 2 0 fttt
01231123ffft	1111tf	2 0 2 2 3 1 3 1 ffft
01231123fftt	1111tf	1 0 3 2 1 1 3 2 fftt
01231133ffft	1111tf	2 0 2 2 3 1 3 3 ffft
01231133fftt	1111tf	1 0 3 2 1 1 3 3 fftt
01231133ftft	1111tf	2 0 2 2 3 1 3 3 fftt
01231323fftt	1111tf	1 0 3 2 3 1 3 2 fftt
01231333fftt	1111tf	1 0 3 2 3 1 3 3 fftt
01231333ftft	1111tf	2 0 3 2 3 1 3 3 fftt
01232123fftt	1111tf	1 0 3 2 1 2 3 2 fftt
01232133fftt	1111tf	1 0 3 2 1 2 3 3 fftt
01232222fftf	1111tf	1 0 2 3 3 3 3 3 ffft
01232313ftft	1111tf	2 0 3 1 3 1 3 2 fftt
01232333ftft	1111tf	2 0 3 1 3 1 3 3 fftt
01233123ffft	1111tf	1 0 3 2 1 3 3 2 ffft
01233123fftt	1111tf	1 0 3 2 1 3 3 2 fftt
01233133ffft	1111tf	1 0 3 2 1 3 3 3 ffft
01233133fftt	1111tf	1 0 3 2 1 3 3 3 fftt
01233133ftft	1111tf	2 0 2 3 3 1 3 3 fftt
01233323ffft	1111tf	1 0 3 2 3 3 3 2 ffft
01233333ffft	1111tf	1 0 3 2 3 3 3 3 ffft
01233333ftft	1111tf	2 0 3 3 3 1 3 3 fftt
11121313ffft	1111tf	1 1 2 1 3 1 3 1 ffft
11121323ffft	1111tf	1 1 2 1 3 1 3 2 ffft
11121323fftt	1111tf	1 1 2 1 3 1 3 2 fftt
11121333ffft	1111tf	1 1 2 1 3 1 3 3 ffft
11121333fftt	1111tf	1 1 2 1 3 1 3 3 fftt
11122323ffft	1111tf	1 1 2 1 3 2 3 2 ffft
11122333ffft	1111tf	1 1 2 1 3 2 3 3 ffft
11123212ffft	1111tf	1 1 2 1 2 3 2 1 ffft
11123212fftt	1111tf	1 1 2 1 2 3 2 1 fftt
11123222ffft	1111tf	1 1 2 1 2 3 2 2 ffft
11123222fftf	1111tf	1 1 3 1 3 3 3 2 ffft
11123232ffft	1111tf	1 1 2 1 2 3 2 3 ffft
11123233ffft	1111tf	1 1 2 1 2 3 3 3 ffft
11123333ffft	1111tf	1 1 2 1 3 3 3 3 ffft
11222323ffft	1111tf	1 1 2 2 3 2 3 2 ffft
11222333ffft	1111tf	1 1 2 2 3 2 3 3 ffft
11223333ffft	1111tf	1 1 2 2 3 3 3 3 ffft
11232222fftf	1111tf	1 1 2 3 3 3 3 3 ffft
12111311ftff	1111tf	1 3 2 3 3 3 3 3 ffft
12121313ftft	1111tf	1 2 3 2 1 2 3 2 fftt
12121333ftft	1111tf	1 2 3 2 1 2 3 3 fftt
12123233ftft	1111tf	1 2 1 3 1 2 3 3 fftt
12123333ftft	1111tf	1 2 3 3 1 2 3 3 fftt
12131113ffft	1111tf	1 2 2 2 3 2 3 2 ffft
12131133ffft	1111tf	1 2 2 2 3 2 3 3 ffft
12131323fftt	1111tf	2 1 3 1 3 1 3 2 fftt
12131333fftt	1111tf	2 1 3 1 3 1 3 3 fftt
12133233ffft	1111tf	2 1 3 1 2 3 3 3 ffft
12133333ffft	1111tf	2 1 3 1 3 3 3 3 ffft
12222323ffft	1111tf	2 1 2 2 3 2 3 2 ffft
12222333ffft	1111tf	2 1 2 2 3 2 3 3 ffft
12223333ffft	1111tf	2 1 2 2 3 3 3 3 ffft
12233333ffft	1111tf	2 1 3 2 3 3 3 3 ffft
12321333ffft	1111tf	2 1 2 3 3 1 3 3 ffft
12321333fftt	1111tf	2 1 2 3 3 1 3 3 fftt
12323333ffft	1111tf	2 1 2 3 3 3 3 3 ffft
12323333ftft	1111tf	1 2 3 3 1 3 3 3 fftt
