0111tf	01122333ffft	1 0 1 2 2 3 3 4 4 4 fffft
0111tf	01123233ffft	1 0 1 2 2 3 4 3 4 4 fffft
0111tf	01123333ffft	1 0 1 2 2 3 4 4 4 4 fffft
0111tf	01212333ffft	1 0 1 2 3 2 3 4 4 4 fffft
0111tf	01213233ffft	1 0 1 2 3 2 4 3 4 4 fffft
0111tf	01213333ffft	1 0 1 2 3 2 4 4 4 4 fffft
0111tf	01222333ffft	1 0 1 2 3 3 3 4 4 4 fffft
0111tf	01223233ffft	1 0 1 2 3 3 4 3 4 4 fffft
0111tf	01223333ffft	1 0 1 2 3 3 4 4 4 4 fffft
0111tf	01232222fftf	1 0 1 2 4 3 4 4 4 4 fffft
0111tf	01233333ffft	1 0 1 2 3 4 4 4 4 4 fffft
