0111tf	0112233444fffft	1 0 1 2 2 3 3 4 4 5 5 5 ffffft
0111tf	0112234344fffft	1 0 1 2 2 3 3 4 5 4 5 5 ffffft
0111tf	0112234444fffft	1 0 1 2 2 3 3 4 5 5 5 5 ffffft
0111tf	0112323444fffft	1 0 1 2 2 3 4 3 4 5 5 5 ffffft
0111tf	0112324344fffft	1 0 1 2 2 3 4 3 5 4 5 5 ffffft
0111tf	0112324444fffft	1 0 1 2 2 3 4 3 5 5 5 5 ffffft
0111tf	0112333444fffft	1 0 1 2 2 3 4 4 4 5 5 5 ffffft
0111tf	0112334344fffft	1 0 1 2 2 3 4 4 5 4 5 5 ffffft
0111tf	0112334444fffft	1 0 1 2 2 3 4 4 5 5 5 5 ffffft
0111tf	0112343333ffftf	1 0 1 2 2 3 5 4 5 5 5 5 ffffft
0111tf	0112344444fffft	1 0 1 2 2 3 4 5 5 5 5 5 ffffft
0111tf	0121233444fffft	1 0 1 2 3 2 3 4 4 5 5 5 ffffft
0111tf	0121234344fffft	1 0 1 2 3 2 3 4 5 4 5 5 ffffft
0111tf	0121234444fffft	1 0 1 2 3 2 3 4 5 5 5 5 ffffft
0111tf	0121323444fffft	1 0 1 2 3 2 4 3 4 5 5 5 ffffft
0111tf	0121324344fffft	1 0 1 2 3 2 4 3 5 4 5 5 ffffft
0111tf	0121324444fffft	1 0 1 2 3 2 4 3 5 5 5 5 ffffft
0111tf	0121333444fffft	1 0 1 2 3 2 4 4 4 5 5 5 ffffft
0111tf	0121334344fffft	1 0 1 2 3 2 4 4 5 4 5 5 ffffft
0111tf	0121334444fffft	1 0 1 2 3 2 4 4 5 5 5 5 ffffft
0111tf	0121343333ffftf	1 0 1 2 3 2 5 4 5 5 5 5 ffffft
0111tf	0121344444fffft	1 0 1 2 3 2 4 5 5 5 5 5 ffffft
0111tf	0122233444fffft	1 0 1 2 3 3 3 4 4 5 5 5 ffffft
0111tf	0122234344fffft	1 0 1 2 3 3 3 4 5 4 5 5 ffffft
0111tf	0122234444fffft	1 0 1 2 3 3 3 4 5 5 5 5 ffffft
0111tf	0122323444fffft	1 0 1 2 3 3 4 3 4 5 5 5 ffffft
0111tf	0122324344fffft	1 0 1 2 3 3 4 3 5 4 5 5 ffffft
0111tf	0122324444fffft	1 0 1 2 3 3 4 3 5 5 5 5 ffffft
0111tf	0122333444fffft	1 0 1 2 3 3 4 4 4 5 5 5 ffffft
0111tf	0122334344fffft	1 0 1 2 3 3 4 4 5 4 5 5 ffffft
0111tf	0122334444fffft	1 0 1 2 3 3 4 4 5 5 5 5 ffffft
0111tf	0122343333ffftf	1 0 1 2 3 3 5 4 5 5 5 5 ffffft
0111tf	0122344444fffft	1 0 1 2 3 3 4 5 5 5 5 5 ffffft
0111tf	0123222422fftff	1 0 1 2 5 3 5 4 5 5 5 5 ffffft
0111tf	0123242244fffft	1 0 1 2 4 3 4 4 4 5 5 5 ffffft
0111tf	0123244344fffft	1 0 1 2 3 4 3 5 5 4 5 5 ffffft
0111tf	0123244444fffft	1 0 1 2 3 4 3 5 5 5 5 5 ffffft
0111tf	0123333444fffft	1 0 1 2 3 4 4 4 4 5 5 5 ffffft
0111tf	0123334344fffft	1 0 1 2 3 4 4 4 5 4 5 5 ffffft
0111tf	0123334444fffft	1 0 1 2 3 4 4 4 5 5 5 5 ffffft
0111tf	0123344444fffft	1 0 1 2 3 4 4 5 5 5 5 5 ffffft
0111tf	0123422244fffft	1 0 1 2 4 3 4 4 5 4 5 5 ffffft
0111tf	0123433333ffftf	1 0 1 2 3 5 4 5 5 5 5 5 ffffft
0111tf	0123434444fffft	1 0 1 2 3 4 5 4 5 5 5 5 ffffft
0111tf	0123442244fffft	1 0 1 2 4 3 4 4 5 5 5 5 ffffft
0111tf	0123442444fffft	1 0 1 2 3 4 5 5 3 5 5 5 ffffft
0111tf	0123444244fffft	1 0 1 2 3 4 5 5 5 3 5 5 ffffft
0111tf	0123444344fffft	1 0 1 2 3 4 5 5 5 4 5 5 ffffft
