1111tf	0102034444ffftf	0 2 1 1 0 3 0 4 1 1 fffft
1111tf	0102134444ffftf	0 2 1 1 0 3 2 4 1 1 fffft
1111tf	0102234444ffftf	0 2 1 1 0 3 3 4 1 1 fffft
1111tf	0102304444ffftf	0 2 1 1 0 3 4 0 1 1 fffft
1111tf	0102314444ffftf	0 2 1 1 0 3 4 2 1 1 fffft
1111tf	0102324444ffftf	0 2 1 1 0 3 4 3 1 1 fffft
1111tf	0102334444ffftf	0 2 1 1 0 3 4 4 1 1 fffft
1111tf	0102343333fffft	0 2 1 1 0 3 1 4 1 1 fffft
1111tf	0102344444ffftf	0 2 1 1 0 3 4 1 1 1 fffft
1111tf	0112034444ffftf	0 2 1 1 2 3 0 4 1 1 fffft
1111tf	0112134444ffftf	0 2 1 1 2 3 2 4 1 1 fffft
1111tf	0112234444ffftf	0 2 1 1 2 3 3 4 1 1 fffft
1111tf	0112304444ffftf	0 2 1 1 2 3 4 0 1 1 fffft
1111tf	0112314444ffftf	0 2 1 1 2 3 4 2 1 1 fffft
1111tf	0112324444ffftf	0 2 1 1 2 3 4 3 1 1 fffft
1111tf	0112334444ffftf	0 2 1 1 2 3 4 4 1 1 fffft
1111tf	0112343333fffft	0 2 1 1 2 3 1 4 1 1 fffft
1111tf	0112344444ffftf	0 2 1 1 2 3 4 1 1 1 fffft
1111tf	0120034444ffftf	0 2 1 1 3 0 0 4 1 1 fffft
1111tf	0120134444ffftf	0 2 1 1 3 0 2 4 1 1 fffft
1111tf	0120234444ffftf	0 2 1 1 3 0 3 4 1 1 fffft
1111tf	0120304444ffftf	0 2 1 1 3 0 4 0 1 1 fffft
1111tf	0120314444ffftf	0 2 1 1 3 0 4 2 1 1 fffft
1111tf	0120324444ffftf	0 2 1 1 3 0 4 3 1 1 fffft
1111tf	0120334444ffftf	0 2 1 1 3 0 4 4 1 1 fffft
1111tf	0120343333fffft	0 2 1 1 3 0 1 4 1 1 fffft
1111tf	0120344444ffftf	0 2 1 1 3 0 4 1 1 1 fffft
1111tf	0121034444ffftf	0 2 1 1 3 2 0 4 1 1 fffft
1111tf	0121134444ffftf	0 2 1 1 3 2 2 4 1 1 fffft
1111tf	0121234444ffftf	0 2 1 1 3 2 3 4 1 1 fffft
1111tf	0121304444ffftf	0 2 1 1 3 2 4 0 1 1 fffft
1111tf	0121314444ffftf	0 2 1 1 3 2 4 2 1 1 fffft
1111tf	0121324444ffftf	0 2 1 1 3 2 4 3 1 1 fffft
1111tf	0121334444ffftf	0 2 1 1 3 2 4 4 1 1 fffft
1111tf	0121343333fffft	0 2 1 1 3 2 1 4 1 1 fffft
1111tf	0121344444ffftf	0 2 1 1 3 2 4 1 1 1 fffft
1111tf	0122034444ffftf	0 2 1 1 3 3 0 4 1 1 fffft
1111tf	0122134444ffftf	0 2 1 1 3 3 2 4 1 1 fffft
1111tf	0122234444ffftf	0 2 1 1 3 3 3 4 1 1 fffft
1111tf	0122304444ffftf	0 2 1 1 3 3 4 0 1 1 fffft
1111tf	0122314444ffftf	0 2 1 1 3 3 4 2 1 1 fffft
1111tf	0122324444ffftf	0 2 1 1 3 3 4 3 1 1 fffft
1111tf	0122334444ffftf	0 2 1 1 3 3 4 4 1 1 fffft
1111tf	0122343333fffft	0 2 1 1 3 3 1 4 1 1 fffft
1111tf	0122344444ffftf	0 2 1 1 3 3 4 1 1 1 fffft
1111tf	0123004444ffftf	0 3 0 0 2 2 1 4 2 2 fffft
1111tf	0123024444ffftf	0 3 0 1 2 2 1 4 2 2 fffft
1111tf	0123034444ffftf	0 2 1 1 3 4 0 4 1 1 fffft
1111tf	0123043333fffft	0 2 1 1 3 1 0 4 1 1 fffft
1111tf	0123044444ffftf	0 3 0 2 2 2 1 4 2 2 fffft
1111tf	0123104444ffftf	0 3 3 0 2 2 1 4 2 2 fffft
1111tf	0123114444ffftf	0 3 3 3 2 2 1 4 2 2 fffft
1111tf	0123124444ffftf	0 3 3 1 2 2 1 4 2 2 fffft
1111tf	0123143333fffft	0 2 1 1 3 1 2 4 1 1 fffft
1111tf	0123144444ffftf	0 3 3 2 2 2 1 4 2 2 fffft
1111tf	0123204444ffftf	0 3 1 0 2 2 1 4 2 2 fffft
1111tf	0123220422fffft	0 2 1 1 1 3 0 4 1 1 fffft
1111tf	0123221422fffft	0 2 1 1 1 3 2 4 1 1 fffft
1111tf	0123222422fffft	0 2 1 1 1 3 1 4 1 1 fffft
1111tf	0123223422fffft	0 2 1 1 1 3 3 4 1 1 fffft
1111tf	0123224022fffft	0 2 1 1 1 3 4 0 1 1 fffft
1111tf	0123224122fffft	0 2 1 1 1 3 4 2 1 1 fffft
1111tf	0123224222fffft	0 2 1 1 1 3 4 1 1 1 fffft
1111tf	0123224322fffft	0 2 1 1 1 3 4 3 1 1 fffft
1111tf	0123224422fffft	0 2 1 1 1 3 4 4 1 1 fffft
1111tf	0123243333fffft	0 2 1 1 3 1 3 4 1 1 fffft
1111tf	0123304444ffftf	0 2 1 1 3 4 4 0 1 1 fffft
1111tf	0123314444ffftf	0 2 1 1 3 4 4 2 1 1 fffft
1111tf	0123324444ffftf	0 2 1 1 3 4 4 3 1 1 fffft
1111tf	0123334444ffftf	0 2 1 1 3 4 4 4 1 1 fffft
1111tf	0123343333fffft	0 2 1 1 3 1 1 4 1 1 fffft
1111tf	0123344444ffftf	0 2 1 1 3 4 4 1 1 1 fffft
1111tf	0123403333fffft	0 2 1 1 3 1 4 0 1 1 fffft
1111tf	0123404444ffftf	0 3 2 0 2 2 1 4 2 2 fffft
1111tf	0123413333fffft	0 2 1 1 3 1 4 2 1 1 fffft
1111tf	0123414444ffftf	0 3 2 3 2 2 1 4 2 2 fffft
1111tf	0123423333fffft	0 2 1 1 3 1 4 3 1 1 fffft
1111tf	0123433333fffft	0 2 1 1 3 1 4 1 1 1 fffft
1111tf	0123434444ffftf	0 2 1 1 3 4 1 4 1 1 fffft
1111tf	0123440044fftff	0 3 0 0 2 2 4 1 2 2 fffft
1111tf	0123440244fftff	0 2 1 1 4 3 0 4 1 1 fffft
1111tf	0123440344fftff	0 3 0 1 2 2 4 1 2 2 fffft
1111tf	0123440444fftff	0 3 0 2 2 2 4 1 2 2 fffft
1111tf	0123441044fftff	0 3 3 0 2 2 4 1 2 2 fffft
1111tf	0123441144fftff	0 3 3 3 2 2 4 1 2 2 fffft
1111tf	0123441244fftff	0 2 1 1 4 3 2 4 1 1 fffft
1111tf	0123441344fftff	0 3 3 1 2 2 4 1 2 2 fffft
1111tf	0123441444fftff	0 3 3 2 2 2 4 1 2 2 fffft
1111tf	0123442044fftff	0 2 1 1 4 3 4 0 1 1 fffft
1111tf	0123442244fftff	0 2 1 1 4 3 4 4 1 1 fffft
1111tf	0123442444fftff	0 2 1 1 4 3 4 1 1 1 fffft
1111tf	0123443044fftff	0 3 1 0 2 2 4 1 2 2 fffft
1111tf	0123443244fftff	0 2 1 1 4 3 3 4 1 1 fffft
1111tf	0123443333fffft	0 2 1 1 3 1 4 4 1 1 fffft
1111tf	0123444044fftff	0 3 2 0 2 2 4 1 2 2 fffft
1111tf	0123444144fftff	0 3 2 3 2 2 4 1 2 2 fffft
1111tf	0123444244fftff	0 2 1 1 4 3 1 4 1 1 fffft
1111tf	1102034444ffftf	2 2 1 1 0 3 0 4 1 1 fffft
1111tf	1102134444ffftf	2 2 1 1 0 3 2 4 1 1 fffft
1111tf	1102234444ffftf	2 2 1 1 0 3 3 4 1 1 fffft
1111tf	1102304444ffftf	2 2 1 1 0 3 4 0 1 1 fffft
1111tf	1102314444ffftf	2 2 1 1 0 3 4 2 1 1 fffft
1111tf	1102324444ffftf	2 2 1 1 0 3 4 3 1 1 fffft
1111tf	1102334444ffftf	2 2 1 1 0 3 4 4 1 1 fffft
1111tf	1102343333fffft	2 2 1 1 0 3 1 4 1 1 fffft
1111tf	1102344444ffftf	2 2 1 1 0 3 4 1 1 1 fffft
1111tf	1112034444ffftf	2 2 1 1 2 3 0 4 1 1 fffft
1111tf	1112134444ffftf	2 2 1 1 2 3 2 4 1 1 fffft
1111tf	1112234444ffftf	2 2 1 1 2 3 3 4 1 1 fffft
1111tf	1112304444ffftf	2 2 1 1 2 3 4 0 1 1 fffft
1111tf	1112314444ffftf	2 2 1 1 2 3 4 2 1 1 fffft
1111tf	1112324444ffftf	2 2 1 1 2 3 4 3 1 1 fffft
1111tf	1112334444ffftf	2 2 1 1 2 3 4 4 1 1 fffft
1111tf	1112343333fffft	2 2 1 1 2 3 1 4 1 1 fffft
1111tf	1112344444ffftf	2 2 1 1 2 3 4 1 1 1 fffft
1111tf	1122034444ffftf	2 2 1 1 3 3 0 4 1 1 fffft
1111tf	1122134444ffftf	2 2 1 1 3 3 2 4 1 1 fffft
1111tf	1122234444ffftf	2 2 1 1 3 3 3 4 1 1 fffft
1111tf	1122334444ffftf	2 2 1 1 3 3 4 4 1 1 fffft
1111tf	1122343333fffft	2 2 1 1 3 3 1 4 1 1 fffft
1111tf	1123004444ffftf	3 3 0 0 2 2 1 4 2 2 fffft
1111tf	1123014444ffftf	3 3 0 3 2 2 1 4 2 2 fffft
1111tf	1123024444ffftf	3 3 0 1 2 2 1 4 2 2 fffft
1111tf	1123034444ffftf	2 2 1 1 3 4 0 4 1 1 fffft
1111tf	1123043333fffft	2 2 1 1 3 1 0 4 1 1 fffft
1111tf	1123044444ffftf	3 3 0 2 2 2 1 4 2 2 fffft
1111tf	1123104444ffftf	3 3 3 0 2 2 1 4 2 2 fffft
1111tf	1123124444ffftf	3 3 3 1 2 2 1 4 2 2 fffft
1111tf	1123143333fffft	2 2 1 1 3 1 2 4 1 1 fffft
1111tf	1123144444ffftf	3 3 3 2 2 2 1 4 2 2 fffft
1111tf	1123204444ffftf	3 3 1 0 2 2 1 4 2 2 fffft
1111tf	1123214444ffftf	3 3 1 3 2 2 1 4 2 2 fffft
1111tf	1123220422fffft	2 2 1 1 1 3 0 4 1 1 fffft
1111tf	1123221422fffft	2 2 1 1 1 3 2 4 1 1 fffft
1111tf	1123222422fffft	2 2 1 1 1 3 1 4 1 1 fffft
1111tf	1123223422fffft	2 2 1 1 1 3 3 4 1 1 fffft
1111tf	1123224222fffft	2 2 1 1 1 3 4 1 1 1 fffft
1111tf	1123224322fffft	2 2 1 1 1 3 4 3 1 1 fffft
1111tf	1123224422fffft	2 2 1 1 1 3 4 4 1 1 fffft
1111tf	1123304444ffftf	2 2 1 1 3 4 4 0 1 1 fffft
1111tf	1123314444ffftf	2 2 1 1 3 4 4 2 1 1 fffft
1111tf	1123324444ffftf	2 2 1 1 3 4 4 3 1 1 fffft
1111tf	1123334444ffftf	2 2 1 1 3 4 4 4 1 1 fffft
1111tf	1123344444ffftf	2 2 1 1 3 4 4 1 1 1 fffft
1111tf	1123404444ffftf	3 3 2 0 2 2 1 4 2 2 fffft
1111tf	1123414444ffftf	3 3 2 3 2 2 1 4 2 2 fffft
1111tf	1123434444ffftf	2 2 1 1 3 4 1 4 1 1 fffft
1111tf	1200034444ffftf	1 3 0 0 2 2 0 4 2 2 fffft
1111tf	1200134444ffftf	1 3 0 0 2 2 1 4 2 2 fffft
1111tf	1200234444ffftf	1 3 0 0 2 2 3 4 2 2 fffft
1111tf	1200304444ffftf	1 3 0 0 2 2 4 0 2 2 fffft
1111tf	1200314444ffftf	1 3 0 0 2 2 4 1 2 2 fffft
1111tf	1200324444ffftf	1 3 0 0 2 2 4 3 2 2 fffft
1111tf	1200334444ffftf	1 3 0 0 2 2 4 4 2 2 fffft
1111tf	1200343333fffft	1 3 0 0 2 2 2 4 2 2 fffft
1111tf	1200344444ffftf	1 3 0 0 2 2 4 2 2 2 fffft
1111tf	1201034444ffftf	1 3 0 1 2 2 0 4 2 2 fffft
1111tf	1201134444ffftf	1 3 0 1 2 2 1 4 2 2 fffft
1111tf	1201234444ffftf	1 3 0 1 2 2 3 4 2 2 fffft
1111tf	1201304444ffftf	1 3 0 1 2 2 4 0 2 2 fffft
1111tf	1201314444ffftf	1 3 0 1 2 2 4 1 2 2 fffft
1111tf	1201324444ffftf	1 3 0 1 2 2 4 3 2 2 fffft
1111tf	1201334444ffftf	1 3 0 1 2 2 4 4 2 2 fffft
1111tf	1201343333fffft	1 3 0 1 2 2 2 4 2 2 fffft
1111tf	1201344444ffftf	1 3 0 1 2 2 4 2 2 2 fffft
1111tf	1203014444ffftf	3 1 0 3 2 2 0 4 2 2 fffft
1111tf	1203024444ffftf	3 1 0 1 2 2 0 4 2 2 fffft
1111tf	1203043333fffft	1 3 0 2 2 2 0 4 2 2 fffft
1111tf	1203044444ffftf	3 1 0 2 2 2 0 4 2 2 fffft
1111tf	1203114444ffftf	3 1 3 3 2 2 0 4 2 2 fffft
1111tf	1203134444ffftf	2 3 1 1 0 4 2 4 1 1 fffft
1111tf	1203143333fffft	1 3 0 2 2 2 1 4 2 2 fffft
1111tf	1203144444ffftf	3 1 3 2 2 2 0 4 2 2 fffft
1111tf	1203214444ffftf	3 1 1 3 2 2 0 4 2 2 fffft
1111tf	1203220422fffft	2 1 1 1 0 3 0 4 1 1 fffft
1111tf	1203221422fffft	2 1 1 1 0 3 2 4 1 1 fffft
1111tf	1203222422fffft	2 1 1 1 0 3 1 4 1 1 fffft
1111tf	1203223422fffft	2 1 1 1 0 3 3 4 1 1 fffft
1111tf	1203224022fffft	2 1 1 1 0 3 4 0 1 1 fffft
1111tf	1203224122fffft	2 1 1 1 0 3 4 2 1 1 fffft
1111tf	1203224222fffft	2 1 1 1 0 3 4 1 1 1 fffft
1111tf	1203224322fffft	2 1 1 1 0 3 4 3 1 1 fffft
1111tf	1203224422fffft	2 1 1 1 0 3 4 4 1 1 fffft
1111tf	1203234444ffftf	2 3 1 1 0 4 3 4 1 1 fffft
1111tf	1203243333fffft	1 3 0 2 2 2 3 4 2 2 fffft
1111tf	1203304444ffftf	2 3 1 1 0 4 4 0 1 1 fffft
1111tf	1203314444ffftf	2 3 1 1 0 4 4 2 1 1 fffft
1111tf	1203324444ffftf	2 3 1 1 0 4 4 3 1 1 fffft
1111tf	1203334444ffftf	2 3 1 1 0 4 4 4 1 1 fffft
1111tf	1203343333fffft	1 3 0 2 2 2 2 4 2 2 fffft
1111tf	1203344444ffftf	2 3 1 1 0 4 4 1 1 1 fffft
1111tf	1203403333fffft	1 3 0 2 2 2 4 0 2 2 fffft
1111tf	1203413333fffft	1 3 0 2 2 2 4 1 2 2 fffft
1111tf	1203414444ffftf	3 1 2 3 2 2 0 4 2 2 fffft
1111tf	1203423333fffft	1 3 0 2 2 2 4 3 2 2 fffft
1111tf	1203433333fffft	1 3 0 2 2 2 4 2 2 2 fffft
1111tf	1203434444ffftf	2 3 1 1 0 4 1 4 1 1 fffft
1111tf	1203440044fftff	1 4 0 2 0 0 3 3 3 3 fffft
1111tf	1203440244fftff	2 4 0 4 0 1 3 3 3 3 fffft
1111tf	1203440444fftff	1 4 0 2 0 3 3 3 3 3 fffft
1111tf	1203441044fftff	1 4 0 2 1 0 3 3 3 3 fffft
1111tf	1203441144fftff	1 4 0 2 1 1 3 3 3 3 fffft
1111tf	1203441344fftff	1 4 0 2 1 2 3 3 3 3 fffft
1111tf	1203441444fftff	1 4 0 2 1 3 3 3 3 3 fffft
1111tf	1203442044fftff	1 4 0 3 2 2 4 0 2 2 fffft
1111tf	1203442144fftff	1 4 0 3 2 2 4 1 2 2 fffft
1111tf	1203442244fftff	1 4 0 3 2 2 4 4 2 2 fffft
1111tf	1203442344fftff	1 4 0 3 2 2 4 3 2 2 fffft
1111tf	1203442444fftff	1 4 0 3 2 2 4 2 2 2 fffft
1111tf	1203443044fftff	1 4 0 2 2 0 3 3 3 3 fffft
1111tf	1203443144fftff	1 4 0 2 2 1 3 3 3 3 fffft
1111tf	1203443244fftff	2 4 1 4 0 1 3 3 3 3 fffft
1111tf	1203443333fffft	1 3 0 2 2 2 4 4 2 2 fffft
1111tf	1203444044fftff	1 4 0 2 3 0 3 3 3 3 fffft
1111tf	1203444144fftff	1 4 0 2 3 1 3 3 3 3 fffft
1111tf	1203444244fftff	2 4 3 4 0 1 3 3 3 3 fffft
1111tf	1210034444ffftf	1 3 1 0 2 2 0 4 2 2 fffft
1111tf	1210134444ffftf	1 3 1 0 2 2 1 4 2 2 fffft
1111tf	1210234444ffftf	1 3 1 0 2 2 3 4 2 2 fffft
1111tf	1210314444ffftf	1 3 1 0 2 2 4 1 2 2 fffft
1111tf	1210324444ffftf	1 3 1 0 2 2 4 3 2 2 fffft
1111tf	1210334444ffftf	1 3 1 0 2 2 4 4 2 2 fffft
1111tf	1210343333fffft	1 3 1 0 2 2 2 4 2 2 fffft
1111tf	1210344444ffftf	1 3 1 0 2 2 4 2 2 2 fffft
1111tf	1211030411fffft	1 2 1 1 0 3 0 4 1 1 fffft
1111tf	1211031411fffft	1 2 1 1 0 3 1 4 1 1 fffft
1111tf	1211032411fffft	1 2 1 1 0 3 2 4 1 1 fffft
1111tf	1211033411fffft	1 2 1 1 0 3 3 4 1 1 fffft
1111tf	1211034011fffft	1 2 1 1 0 3 4 0 1 1 fffft
1111tf	1211034111fffft	1 2 1 1 0 3 4 1 1 1 fffft
1111tf	1211034211fffft	1 2 1 1 0 3 4 2 1 1 fffft
1111tf	1211034311fffft	1 2 1 1 0 3 4 3 1 1 fffft
1111tf	1211034411fffft	1 2 1 1 0 3 4 4 1 1 fffft
1111tf	1211130411fffft	1 2 1 1 1 3 0 4 1 1 fffft
1111tf	1211131411fffft	1 2 1 1 1 3 1 4 1 1 fffft
1111tf	1211132411fffft	1 2 1 1 1 3 2 4 1 1 fffft
1111tf	1211133411fffft	1 2 1 1 1 3 3 4 1 1 fffft
1111tf	1211134011fffft	1 2 1 1 1 3 4 0 1 1 fffft
1111tf	1211134111fffft	1 2 1 1 1 3 4 1 1 1 fffft
1111tf	1211134211fffft	1 2 1 1 1 3 4 2 1 1 fffft
1111tf	1211134311fffft	1 2 1 1 1 3 4 3 1 1 fffft
1111tf	1211134411fffft	1 2 1 1 1 3 4 4 1 1 fffft
1111tf	1211230411fffft	1 2 1 1 2 3 0 4 1 1 fffft
1111tf	1211231411fffft	1 2 1 1 2 3 1 4 1 1 fffft
1111tf	1211232411fffft	1 2 1 1 2 3 2 4 1 1 fffft
1111tf	1211233411fffft	1 2 1 1 2 3 3 4 1 1 fffft
1111tf	1211234011fffft	1 2 1 1 2 3 4 0 1 1 fffft
1111tf	1211234111fffft	1 2 1 1 2 3 4 1 1 1 fffft
1111tf	1211234211fffft	1 2 1 1 2 3 4 2 1 1 fffft
1111tf	1211234311fffft	1 2 1 1 2 3 4 3 1 1 fffft
1111tf	1211234411fffft	1 2 1 1 2 3 4 4 1 1 fffft
1111tf	1211310411fffft	1 2 1 1 3 1 0 4 1 1 fffft
1111tf	1211311411fffft	1 2 1 1 3 1 1 4 1 1 fffft
1111tf	1211312411fffft	1 2 1 1 3 1 2 4 1 1 fffft
1111tf	1211313411fffft	1 2 1 1 3 1 3 4 1 1 fffft
1111tf	1211314011fffft	1 2 1 1 3 1 4 0 1 1 fffft
1111tf	1211314111fffft	1 2 1 1 3 1 4 1 1 1 fffft
1111tf	1211314211fffft	1 2 1 1 3 1 4 2 1 1 fffft
1111tf	1211314311fffft	1 2 1 1 3 1 4 3 1 1 fffft
1111tf	1211314411fffft	1 2 1 1 3 1 4 4 1 1 fffft
1111tf	1211320411fffft	1 2 1 1 3 2 0 4 1 1 fffft
1111tf	1211321411fffft	1 2 1 1 3 2 1 4 1 1 fffft
1111tf	1211322411fffft	1 2 1 1 3 2 2 4 1 1 fffft
1111tf	1211323411fffft	1 2 1 1 3 2 3 4 1 1 fffft
1111tf	1211324011fffft	1 2 1 1 3 2 4 0 1 1 fffft
1111tf	1211324111fffft	1 2 1 1 3 2 4 1 1 1 fffft
1111tf	1211324211fffft	1 2 1 1 3 2 4 2 1 1 fffft
1111tf	1211324311fffft	1 2 1 1 3 2 4 3 1 1 fffft
1111tf	1211324411fffft	1 2 1 1 3 2 4 4 1 1 fffft
1111tf	1211330411fffft	1 2 1 1 3 3 0 4 1 1 fffft
1111tf	1211331411fffft	1 2 1 1 3 3 1 4 1 1 fffft
1111tf	1211332411fffft	1 2 1 1 3 3 2 4 1 1 fffft
1111tf	1211333411fffft	1 2 1 1 3 3 3 4 1 1 fffft
1111tf	1211334011fffft	1 2 1 1 3 3 4 0 1 1 fffft
1111tf	1211334111fffft	1 2 1 1 3 3 4 1 1 1 fffft
1111tf	1211334211fffft	1 2 1 1 3 3 4 2 1 1 fffft
1111tf	1211334311fffft	1 2 1 1 3 3 4 3 1 1 fffft
1111tf	1211334411fffft	1 2 1 1 3 3 4 4 1 1 fffft
1111tf	1211340011fffft	1 3 1 1 0 0 2 4 1 1 fffft
1111tf	1211340111fffft	1 3 1 1 0 1 2 4 1 1 fffft
1111tf	1211340211fffft	2 3 0 3 2 2 1 4 2 2 fffft
1111tf	1211340311fffft	1 3 1 1 0 2 2 4 1 1 fffft
1111tf	1211340411fffft	1 2 1 1 3 4 0 4 1 1 fffft
1111tf	1211341011fffft	1 3 1 1 1 0 2 4 1 1 fffft
1111tf	1211341100ffftf	1 3 1 1 0 0 4 2 1 1 fffft
1111tf	1211341101ffftf	1 3 1 1 0 1 4 2 1 1 fffft
1111tf	1211341102ffftf	2 3 0 3 2 2 4 1 2 2 fffft
1111tf	1211341103ffftf	1 2 1 1 4 3 0 4 1 1 fffft
1111tf	1211341104ffftf	1 3 1 1 0 2 4 2 1 1 fffft
1111tf	1211341110ffftf	1 3 1 1 1 0 4 2 1 1 fffft
1111tf	1211341113ffftf	1 2 1 1 4 3 1 4 1 1 fffft
1111tf	1211341120ffftf	1 3 1 1 3 0 4 2 1 1 fffft
1111tf	1211341121ffftf	1 3 1 1 3 1 4 2 1 1 fffft
1111tf	1211341122ffftf	1 3 1 1 3 3 4 2 1 1 fffft
1111tf	1211341123ffftf	1 2 1 1 4 3 2 4 1 1 fffft
1111tf	1211341124ffftf	1 3 1 1 3 2 4 2 1 1 fffft
1111tf	1211341130ffftf	1 2 1 1 4 3 4 0 1 1 fffft
1111tf	1211341131ffftf	1 2 1 1 4 3 4 1 1 1 fffft
1111tf	1211341133ffftf	1 2 1 1 4 3 4 4 1 1 fffft
1111tf	1211341140ffftf	1 3 1 1 2 0 4 2 1 1 fffft
1111tf	1211341142ffftf	2 3 1 3 2 2 4 1 2 2 fffft
1111tf	1211341143ffftf	1 2 1 1 4 3 3 4 1 1 fffft
1111tf	1211341411fffft	1 2 1 1 3 4 1 4 1 1 fffft
1111tf	1211342011fffft	1 3 1 1 3 0 2 4 1 1 fffft
1111tf	1211342111fffft	1 3 1 1 3 1 2 4 1 1 fffft
1111tf	1211342211fffft	1 3 1 1 3 3 2 4 1 1 fffft
1111tf	1211342311fffft	1 3 1 1 3 2 2 4 1 1 fffft
1111tf	1211343011fffft	1 3 1 1 2 0 2 4 1 1 fffft
1111tf	1211343211fffft	2 3 1 3 2 2 1 4 2 2 fffft
1111tf	1211344011fffft	1 2 1 1 3 4 4 0 1 1 fffft
1111tf	1211344111fffft	1 2 1 1 3 4 4 1 1 1 fffft
1111tf	1211344211fffft	1 2 1 1 3 4 4 2 1 1 fffft
1111tf	1211344311fffft	1 2 1 1 3 4 4 3 1 1 fffft
1111tf	1211344411fffft	1 2 1 1 3 4 4 4 1 1 fffft
1111tf	1213014444ffftf	3 1 0 3 2 2 3 4 2 2 fffft
1111tf	1213034444ffftf	2 3 1 1 2 4 0 4 1 1 fffft
1111tf	1213044444ffftf	3 1 0 2 2 2 3 4 2 2 fffft
1111tf	1213114444ffftf	3 1 3 3 2 2 3 4 2 2 fffft
1111tf	1213144444ffftf	3 1 3 2 2 2 3 4 2 2 fffft
1111tf	1213214444ffftf	3 1 1 3 2 2 3 4 2 2 fffft
1111tf	1213314444ffftf	2 3 1 1 2 4 4 2 1 1 fffft
1111tf	1213324444ffftf	2 3 1 1 2 4 4 3 1 1 fffft
1111tf	1213334444ffftf	2 3 1 1 2 4 4 4 1 1 fffft
1111tf	1213344444ffftf	2 3 1 1 2 4 4 1 1 1 fffft
1111tf	1213414444ffftf	3 1 2 3 2 2 3 4 2 2 fffft
1111tf	1213434444ffftf	2 3 1 1 2 4 1 4 1 1 fffft
1111tf	1213440044fftff	1 4 1 3 2 2 0 0 2 2 fffft
1111tf	1213440144fftff	1 4 1 3 2 2 0 1 2 2 fffft
1111tf	1213440244fftff	2 4 0 4 2 1 3 3 3 3 fffft
1111tf	1213440344fftff	1 4 1 3 2 2 0 3 2 2 fffft
1111tf	1213440444fftff	1 4 1 3 2 2 0 2 2 2 fffft
1111tf	1213441044fftff	1 4 1 3 2 2 1 0 2 2 fffft
1111tf	1213442044fftff	1 4 1 3 2 2 4 0 2 2 fffft
1111tf	1213442144fftff	1 4 1 3 2 2 4 1 2 2 fffft
1111tf	1213442244fftff	1 4 1 3 2 2 4 4 2 2 fffft
1111tf	1213442344fftff	1 4 1 3 2 2 4 3 2 2 fffft
1111tf	1213442444fftff	1 4 1 3 2 2 4 2 2 2 fffft
1111tf	1213443044fftff	1 4 1 3 2 2 3 0 2 2 fffft
1111tf	1213443244fftff	2 4 1 4 2 1 3 3 3 3 fffft
1111tf	1213444044fftff	1 4 1 3 2 2 2 0 2 2 fffft
1111tf	1213444244fftff	2 4 3 4 2 1 3 3 3 3 fffft
1111tf	1220034444ffftf	1 3 3 0 2 2 0 4 2 2 fffft
1111tf	1220134444ffftf	1 3 3 0 2 2 1 4 2 2 fffft
1111tf	1220234444ffftf	1 3 3 0 2 2 3 4 2 2 fffft
1111tf	1220314444ffftf	1 3 3 0 2 2 4 1 2 2 fffft
1111tf	1220334444ffftf	1 3 3 0 2 2 4 4 2 2 fffft
1111tf	1220343333fffft	1 3 3 0 2 2 2 4 2 2 fffft
1111tf	1220344444ffftf	1 3 3 0 2 2 4 2 2 2 fffft
1111tf	1221034444ffftf	1 3 3 1 2 2 0 4 2 2 fffft
1111tf	1221134444ffftf	1 3 3 1 2 2 1 4 2 2 fffft
1111tf	1221234444ffftf	1 3 3 1 2 2 3 4 2 2 fffft
1111tf	1221314444ffftf	1 3 3 1 2 2 4 1 2 2 fffft
1111tf	1221334444ffftf	1 3 3 1 2 2 4 4 2 2 fffft
1111tf	1221343333fffft	1 3 3 1 2 2 2 4 2 2 fffft
1111tf	1221344444ffftf	1 3 3 1 2 2 4 2 2 2 fffft
1111tf	1222034444ffftf	1 3 3 3 2 2 0 4 2 2 fffft
1111tf	1222134444ffftf	1 3 3 3 2 2 1 4 2 2 fffft
1111tf	1222234444ffftf	1 3 3 3 2 2 3 4 2 2 fffft
1111tf	1222314444ffftf	1 3 3 3 2 2 4 1 2 2 fffft
1111tf	1222334444ffftf	1 3 3 3 2 2 4 4 2 2 fffft
1111tf	1222343333fffft	1 3 3 3 2 2 2 4 2 2 fffft
1111tf	1222344444ffftf	1 3 3 3 2 2 4 2 2 2 fffft
1111tf	1223034444ffftf	2 3 1 1 3 4 0 4 1 1 fffft
1111tf	1223043333fffft	1 3 3 2 2 2 0 4 2 2 fffft
1111tf	1223044444ffftf	3 1 0 2 2 2 1 4 2 2 fffft
1111tf	1223143333fffft	1 3 3 2 2 2 1 4 2 2 fffft
1111tf	1223144444ffftf	3 1 3 2 2 2 1 4 2 2 fffft
1111tf	1223243333fffft	1 3 3 2 2 2 3 4 2 2 fffft
1111tf	1223314444ffftf	2 3 1 1 3 4 4 2 1 1 fffft
1111tf	1223334444ffftf	2 3 1 1 3 4 4 4 1 1 fffft
1111tf	1223343333fffft	1 3 3 2 2 2 2 4 2 2 fffft
1111tf	1223344444ffftf	2 3 1 1 3 4 4 1 1 1 fffft
1111tf	1223413333fffft	1 3 3 2 2 2 4 1 2 2 fffft
1111tf	1223433333fffft	1 3 3 2 2 2 4 2 2 2 fffft
1111tf	1223434444ffftf	2 3 1 1 3 4 1 4 1 1 fffft
1111tf	1223440044fftff	1 4 4 2 0 0 3 3 3 3 fffft
1111tf	1223440144fftff	1 4 4 2 0 1 3 3 3 3 fffft
1111tf	1223440244fftff	2 4 0 4 4 1 3 3 3 3 fffft
1111tf	1223440344fftff	1 4 4 2 0 2 3 3 3 3 fffft
1111tf	1223440444fftff	1 4 4 2 0 3 3 3 3 3 fffft
1111tf	1223441044fftff	1 4 4 2 1 0 3 3 3 3 fffft
1111tf	1223441144fftff	1 4 4 2 1 1 3 3 3 3 fffft
1111tf	1223441344fftff	1 4 4 2 1 2 3 3 3 3 fffft
1111tf	1223441444fftff	1 4 4 2 1 3 3 3 3 3 fffft
1111tf	1223442044fftff	1 4 4 2 4 0 3 3 3 3 fffft
1111tf	1223442244fftff	1 4 4 2 4 4 3 3 3 3 fffft
1111tf	1223442444fftff	1 4 4 2 4 3 3 3 3 3 fffft
1111tf	1223443044fftff	1 4 4 2 2 0 3 3 3 3 fffft
1111tf	1223443144fftff	1 4 4 2 2 1 3 3 3 3 fffft
1111tf	1223443244fftff	2 4 1 4 4 1 3 3 3 3 fffft
1111tf	1223443333fffft	1 3 3 2 2 2 4 4 2 2 fffft
1111tf	1223444044fftff	1 4 4 2 3 0 3 3 3 3 fffft
1111tf	1223444144fftff	1 4 4 2 3 1 3 3 3 3 fffft
1111tf	1223444244fftff	2 4 3 4 4 1 3 3 3 3 fffft
1111tf	1230034444ffftf	2 3 1 1 4 0 0 4 1 1 fffft
1111tf	1230043333fffft	1 3 2 0 2 2 0 4 2 2 fffft
1111tf	1230134444ffftf	2 3 1 1 4 0 2 4 1 1 fffft
1111tf	1230143333fffft	1 3 2 0 2 2 1 4 2 2 fffft
1111tf	1230144444ffftf	3 1 3 2 2 2 4 0 2 2 fffft
1111tf	1230234444ffftf	2 3 1 1 4 0 3 4 1 1 fffft
1111tf	1230243333fffft	1 3 2 0 2 2 3 4 2 2 fffft
1111tf	1230334444ffftf	2 3 1 1 4 0 4 4 1 1 fffft
1111tf	1230343333fffft	1 3 2 0 2 2 2 4 2 2 fffft
1111tf	1230344444ffftf	2 3 1 1 4 0 4 1 1 1 fffft
1111tf	1230433333fffft	1 3 2 0 2 2 4 2 2 2 fffft
1111tf	1230434444ffftf	2 3 1 1 4 0 1 4 1 1 fffft
1111tf	1230440044fftff	1 4 2 0 0 0 3 3 3 3 fffft
1111tf	1230440144fftff	1 4 2 0 0 1 3 3 3 3 fffft
1111tf	1230440244fftff	2 4 0 4 1 0 3 3 3 3 fffft
1111tf	1230440344fftff	1 4 2 0 0 2 3 3 3 3 fffft
1111tf	1230440444fftff	1 4 2 0 0 3 3 3 3 3 fffft
1111tf	1230441144fftff	1 4 2 0 1 1 3 3 3 3 fffft
1111tf	1230441344fftff	1 4 2 0 1 2 3 3 3 3 fffft
1111tf	1230441444fftff	1 4 2 0 1 3 3 3 3 3 fffft
1111tf	1230442044fftff	1 4 3 0 2 2 4 0 2 2 fffft
1111tf	1230442144fftff	1 4 3 0 2 2 4 1 2 2 fffft
1111tf	1230442244fftff	1 4 3 0 2 2 4 4 2 2 fffft
1111tf	1230442344fftff	1 4 3 0 2 2 4 3 2 2 fffft
1111tf	1230442444fftff	1 4 3 0 2 2 4 2 2 2 fffft
1111tf	1230443144fftff	1 4 2 0 2 1 3 3 3 3 fffft
1111tf	1230443244fftff	2 4 1 4 1 0 3 3 3 3 fffft
1111tf	1230443333fffft	1 3 2 0 2 2 4 4 2 2 fffft
1111tf	1230444044fftff	1 4 2 0 3 0 3 3 3 3 fffft
1111tf	1230444144fftff	1 4 2 0 3 1 3 3 3 3 fffft
1111tf	1230444244fftff	2 4 3 4 1 0 3 3 3 3 fffft
1111tf	1231134444ffftf	2 3 1 1 4 2 2 4 1 1 fffft
1111tf	1231144444ffftf	3 1 3 2 2 2 4 3 2 2 fffft
1111tf	1231234444ffftf	2 3 1 1 4 2 3 4 1 1 fffft
1111tf	1231334444ffftf	2 3 1 1 4 2 4 4 1 1 fffft
1111tf	1231344444ffftf	2 3 1 1 4 2 4 1 1 1 fffft
1111tf	1231434444ffftf	2 3 1 1 4 2 1 4 1 1 fffft
1111tf	1231440044fftff	1 4 3 1 2 2 0 0 2 2 fffft
1111tf	1231440144fftff	1 4 3 1 2 2 0 1 2 2 fffft
1111tf	1231440244fftff	2 4 0 4 1 2 3 3 3 3 fffft
1111tf	1231440344fftff	1 4 3 1 2 2 0 3 2 2 fffft
1111tf	1231440444fftff	1 4 3 1 2 2 0 2 2 2 fffft
1111tf	1231441044fftff	1 4 3 1 2 2 1 0 2 2 fffft
1111tf	1231442044fftff	1 4 3 1 2 2 4 0 2 2 fffft
1111tf	1231442144fftff	1 4 3 1 2 2 4 1 2 2 fffft
1111tf	1231442244fftff	1 4 3 1 2 2 4 4 2 2 fffft
1111tf	1231442344fftff	1 4 3 1 2 2 4 3 2 2 fffft
1111tf	1231442444fftff	1 4 3 1 2 2 4 2 2 2 fffft
1111tf	1231443044fftff	1 4 3 1 2 2 3 0 2 2 fffft
1111tf	1231443244fftff	2 4 1 4 1 2 3 3 3 3 fffft
1111tf	1231444044fftff	1 4 3 1 2 2 2 0 2 2 fffft
1111tf	1231444244fftff	2 4 3 4 1 2 3 3 3 3 fffft
1111tf	1232134444ffftf	2 3 1 1 4 3 2 4 1 1 fffft
1111tf	1232143333fffft	1 3 2 3 2 2 1 4 2 2 fffft
1111tf	1232334444ffftf	2 3 1 1 4 3 4 4 1 1 fffft
1111tf	1232343333fffft	1 3 2 3 2 2 2 4 2 2 fffft
1111tf	1232344444ffftf	2 3 1 1 4 3 4 1 1 1 fffft
1111tf	1232433333fffft	1 3 2 3 2 2 4 2 2 2 fffft
1111tf	1232434444ffftf	2 3 1 1 4 3 1 4 1 1 fffft
1111tf	1232440044fftff	1 4 2 4 0 0 3 3 3 3 fffft
1111tf	1232440144fftff	1 4 2 4 0 1 3 3 3 3 fffft
1111tf	1232440344fftff	1 4 2 4 0 2 3 3 3 3 fffft
1111tf	1232440444fftff	1 4 2 4 0 3 3 3 3 3 fffft
1111tf	1232441044fftff	1 4 2 4 1 0 3 3 3 3 fffft
1111tf	1232441144fftff	1 4 2 4 1 1 3 3 3 3 fffft
1111tf	1232441344fftff	1 4 2 4 1 2 3 3 3 3 fffft
1111tf	1232441444fftff	1 4 2 4 1 3 3 3 3 3 fffft
1111tf	1232442044fftff	1 4 2 4 4 0 3 3 3 3 fffft
1111tf	1232442144fftff	1 4 2 4 4 1 3 3 3 3 fffft
1111tf	1232442244fftff	1 4 2 4 4 4 3 3 3 3 fffft
1111tf	1232442344fftff	1 4 2 4 4 2 3 3 3 3 fffft
1111tf	1232442444fftff	1 4 2 4 4 3 3 3 3 3 fffft
1111tf	1232443044fftff	1 4 2 4 2 0 3 3 3 3 fffft
1111tf	1232443144fftff	1 4 2 4 2 1 3 3 3 3 fffft
1111tf	1232443333fffft	1 3 2 3 2 2 4 4 2 2 fffft
1111tf	1232444044fftff	1 4 2 4 3 0 3 3 3 3 fffft
1111tf	1232444144fftff	1 4 2 4 3 1 3 3 3 3 fffft
1111tf	1232444244fftff	1 4 2 4 3 4 3 3 3 3 fffft
1111tf	1233343300ftfff	4 1 2 3 2 2 0 0 2 2 fffft
1111tf	1233343301ftfff	4 1 2 3 2 2 0 4 2 2 fffft
1111tf	1233343302ftfff	4 1 2 3 2 2 0 1 2 2 fffft
1111tf	1233343303ftfff	4 1 2 3 2 2 0 2 2 2 fffft
1111tf	1233343304ftfff	4 1 2 3 2 2 0 3 2 2 fffft
1111tf	1233343310ftfff	4 2 4 0 3 1 3 3 3 3 fffft
1111tf	1233343311ftfff	4 1 2 3 2 2 4 4 2 2 fffft
1111tf	1233343313ftfff	4 2 4 3 3 1 3 3 3 3 fffft
1111tf	1233343314ftfff	4 2 4 1 3 1 3 3 3 3 fffft
1111tf	1233343320ftfff	4 1 2 3 2 2 1 0 2 2 fffft
1111tf	1233343321ftfff	4 1 2 3 2 2 1 4 2 2 fffft
1111tf	1233343330ftfff	4 1 2 3 2 2 2 0 2 2 fffft
1111tf	1233343331ftfff	4 1 2 3 2 2 2 4 2 2 fffft
1111tf	1233343340ftfff	4 1 2 3 2 2 3 0 2 2 fffft
1111tf	1233343341ftfff	4 1 2 3 2 2 3 4 2 2 fffft
1111tf	1233344444ffftf	2 3 1 1 4 4 4 1 1 1 fffft
1111tf	1233433300ftfff	4 1 3 2 2 2 0 0 2 2 fffft
1111tf	1233433301ftfff	4 1 3 2 2 2 0 4 2 2 fffft
1111tf	1233433302ftfff	4 1 3 2 2 2 0 1 2 2 fffft
1111tf	1233433303ftfff	4 1 3 2 2 2 0 2 2 2 fffft
1111tf	1233433304ftfff	4 1 3 2 2 2 0 3 2 2 fffft
1111tf	1233433310ftfff	4 2 4 0 1 3 3 3 3 3 fffft
1111tf	1233433311ftfff	4 1 3 2 2 2 4 4 2 2 fffft
1111tf	1233433313ftfff	4 2 4 3 1 3 3 3 3 3 fffft
1111tf	1233433314ftfff	4 2 4 1 1 3 3 3 3 3 fffft
1111tf	1233433320ftfff	4 1 3 2 2 2 1 0 2 2 fffft
1111tf	1233433321ftfff	4 1 3 2 2 2 1 4 2 2 fffft
1111tf	1233433330ftfff	4 1 3 2 2 2 2 0 2 2 fffft
1111tf	1233433331ftfff	4 1 3 2 2 2 2 4 2 2 fffft
1111tf	1233433340ftfff	4 1 3 2 2 2 3 0 2 2 fffft
1111tf	1233433341ftfff	4 1 3 2 2 2 3 4 2 2 fffft
1111tf	1233434444ffftf	2 3 1 1 4 4 1 4 1 1 fffft
1111tf	1233440044fftff	1 4 3 3 2 2 0 0 2 2 fffft
1111tf	1233440144fftff	1 4 3 3 2 2 0 1 2 2 fffft
1111tf	1233440244fftff	2 4 0 4 1 1 3 3 3 3 fffft
1111tf	1233440344fftff	1 4 3 3 2 2 0 3 2 2 fffft
1111tf	1233440444fftff	1 4 3 3 2 2 0 2 2 2 fffft
1111tf	1233441044fftff	1 4 3 3 2 2 1 0 2 2 fffft
1111tf	1233442044fftff	1 4 3 3 2 2 4 0 2 2 fffft
1111tf	1233442144fftff	1 4 3 3 2 2 4 1 2 2 fffft
1111tf	1233442244fftff	1 4 3 3 2 2 4 4 2 2 fffft
1111tf	1233442344fftff	1 4 3 3 2 2 4 3 2 2 fffft
1111tf	1233442444fftff	1 4 3 3 2 2 4 2 2 2 fffft
1111tf	1233443044fftff	1 4 3 3 2 2 3 0 2 2 fffft
1111tf	1233443244fftff	2 4 1 4 1 1 3 3 3 3 fffft
1111tf	1233443303ftfff	4 1 3 3 2 2 0 2 2 2 fffft
1111tf	1233443313ftfff	4 2 4 3 1 1 3 3 3 3 fffft
1111tf	1234433333fffft	2 3 1 1 1 4 4 1 1 1 fffft
1111tf	1234434444ffftf	2 3 1 1 4 1 1 4 1 1 fffft
