121121fft	01023333fftf	2 1 1 1 3 2 3 4 3 5 1 1 ffffft
121121fft	01123333fftf	2 1 1 1 3 2 3 4 4 5 1 1 ffffft
121121fft	01203333fftf	2 1 1 1 3 2 3 4 5 3 1 1 ffffft
121121fft	01213333fftf	2 1 1 1 3 2 3 4 5 4 1 1 ffffft
121121fft	01223333fftf	2 1 1 1 3 2 3 4 5 5 1 1 ffffft
121121fft	01232222ffft	2 1 1 1 3 2 3 4 1 5 1 1 ffffft
121121fft	01233333fftf	2 1 1 1 3 2 3 4 5 1 1 1 ffffft
121121fft	11023333fftf	3 1 1 1 4 4 4 3 2 5 1 1 ffffft
121121fft	12003333fftf	2 1 1 1 3 2 4 4 3 5 1 1 ffffft
121121fft	12013333fftf	2 1 1 1 3 2 4 3 3 5 1 1 ffffft
121121fft	12032222ffft	3 1 1 1 4 1 4 3 2 5 1 1 ffffft
121121fft	12033333fftf	2 1 1 1 3 2 4 1 3 5 1 1 ffffft
121121fft	12103333fftf	2 1 1 1 3 2 3 4 3 5 1 1 ffffft
121121fft	12203333fftf	2 1 1 1 4 2 4 5 5 3 1 1 ffffft
121121fft	12303333fftf	2 1 1 1 3 2 1 4 3 5 1 1 ffffft
