1211312443fftff	0120304444ffftf	6 2 3 6 2 2 1 3 7 6 5 8 5 9 4 10 11 5 13 6 12 7 14 5 15 6 16 7 2 2 1 3 3 6 ffffffffffffffttt
1211312443fftff	0120314444ffftf	6 2 3 6 2 2 1 3 7 6 5 8 5 9 4 10 11 5 12 6 13 7 14 8 16 10 15 6 2 2 1 3 3 6 ffffffffffffffttt
1211312443fftff	0121304444ffftf	6 2 3 6 2 2 1 3 7 6 5 8 5 10 4 9 11 8 12 9 13 6 14 5 15 6 16 7 2 2 1 3 3 6 ffffffffffffffttt
1211312443fftff	0122304444ffftf	7 2 3 7 2 2 1 3 6 7 5 8 4 9 5 10 11 11 13 12 12 7 14 5 16 6 15 7 2 2 1 3 3 7 ffffffffffffffttt
1211312443fftff	0123304444ffftf	4 2 3 4 2 2 1 3 6 8 7 4 6 9 5 10 12 4 11 14 13 15 14 6 16 7 15 4 2 2 1 3 3 4 ffffffffffffffttt
1211312443fftff	0123403333fffft	6 1 1 1 4 2 7 6 2 6 5 8 5 10 3 9 11 1 12 2 13 6 16 5 15 6 14 7 2 6 4 2 1 1 ffffffffffffffttt
1211312443fftff	1230034444ffftf	7 2 3 7 2 2 1 3 6 7 9 12 11 13 9 4 10 7 14 5 16 6 15 7 5 14 8 15 2 2 1 3 3 7 ffffffffffffffttt
1211314324fftff	1230034444ffftf	6 2 1 3 2 2 3 6 8 6 9 12 9 13 11 4 10 6 14 5 16 6 15 8 5 14 7 16 2 2 1 3 3 6 ffffffffffffffttt
1211314423fftff	0120304444ffftf	6 2 3 3 2 2 1 6 7 6 5 8 5 10 4 9 11 5 13 6 12 4 14 5 15 6 16 4 2 2 3 3 1 6 ffffffffffffffttt
1211314423fftff	0120314444ffftf	6 2 3 3 2 2 1 6 7 6 5 8 5 10 4 9 11 5 12 6 13 4 14 8 16 9 15 6 2 2 3 3 1 6 ffffffffffffffttt
1211314423fftff	0120324444ffftf	6 2 3 3 2 2 1 6 7 6 5 8 5 10 4 9 11 5 12 6 13 4 14 11 16 13 15 6 2 2 3 3 1 6 ffffffffffffffttt
1211314423fftff	0120334444ffftf	7 2 3 3 2 2 1 7 6 7 5 8 4 9 5 10 11 5 12 7 13 4 14 14 16 16 15 7 2 2 3 3 1 7 ffffffffffffffttt
1211314423fftff	0120344444ffftf	6 2 3 3 2 2 1 6 7 6 5 8 5 10 4 9 11 5 12 6 13 4 14 2 16 3 15 6 2 2 3 3 1 6 ffffffffffffffttt
1211314423fftff	0121304444ffftf	6 2 3 3 2 2 1 6 7 6 5 8 5 9 4 10 11 8 12 10 13 6 14 5 15 6 16 4 2 2 3 3 1 6 ffffffffffffffttt
1211314423fftff	0123443044fftff	9 2 4 4 2 2 5 7 1 9 3 9 6 8 10 9 8 11 8 12 7 13 14 6 16 5 15 9 2 2 4 4 1 9 ffffffffffffffttt
1211314423fftff	1201304444ffftf	9 3 8 1 5 5 3 3 6 7 2 9 4 9 10 9 1 11 1 13 7 12 14 8 15 9 16 6 3 3 5 5 2 9 ffffffffffffffttt
1211342143fftff	0122334444ffftf	6 2 2 6 2 2 1 3 5 6 5 8 7 9 4 10 11 11 11 6 13 12 14 14 16 15 14 6 2 2 1 3 2 6 ffffffffffffffttt
1211342143fftff	0123443244fftff	6 2 2 6 2 2 1 3 5 6 5 9 7 11 4 10 12 6 14 12 16 13 14 6 12 14 8 15 2 2 1 3 2 6 ffffffffffffffttt
1211342143fftff	1200334444ffftf	10 3 3 10 5 10 3 3 1 4 8 8 8 10 2 9 5 11 6 12 7 13 14 14 16 15 14 10 3 3 1 4 3 10 ffffffffffffffttt
1211342143fftff	1203443044fftff	12 7 11 4 7 12 1 12 4 11 4 12 5 13 7 7 2 8 3 6 11 12 1 14 9 16 10 15 7 7 2 8 7 12 ffffffffffffffttt
1211342143fftff	1230034444ffftf	7 2 2 7 2 2 1 3 5 7 9 12 11 13 10 4 9 7 14 5 16 6 14 7 5 14 8 15 2 2 1 3 2 7 ffffffffffffffttt
1211342143fftff	1233440044fftff	12 5 5 12 7 12 9 12 2 13 5 5 1 6 9 9 10 4 11 11 11 12 7 14 8 16 3 15 5 5 1 6 5 12 ffffffffffffffttt
1211344123fftff	0122334444ffftf	6 2 2 3 2 2 1 6 7 6 5 8 4 9 5 10 11 11 11 13 12 6 14 14 14 16 15 6 2 2 2 3 1 6 ffffffffffffffttt
1211344123fftff	0123324444ffftf	7 2 2 3 2 2 1 7 5 7 6 8 6 9 4 10 12 7 11 14 11 16 14 11 14 13 15 7 2 2 2 3 1 7 ffffffffffffffttt
1211344123fftff	0123443244fftff	6 2 2 3 2 2 1 6 7 6 5 9 4 10 5 11 13 6 14 12 14 8 15 6 12 14 12 16 2 2 2 3 1 6 ffffffffffffffttt
1211344123fftff	1203304444ffftf	7 2 2 3 2 2 1 7 6 7 9 11 9 13 4 12 10 7 5 14 5 16 14 5 14 8 15 7 2 2 2 3 1 7 ffffffffffffffttt
1211344123fftff	1233440044fftff	12 3 11 7 3 6 3 3 9 9 9 10 2 12 5 12 1 12 11 11 13 12 4 14 8 15 4 16 3 3 3 6 2 12 ffffffffffffffttt
1211344321fftff	1230034444ffftf	6 2 1 3 2 2 2 6 5 6 9 12 10 13 11 4 9 6 14 5 14 6 15 8 5 14 7 16 2 2 1 3 2 6 ffffffffffffffttt
