0102324132tffft	1122334444ffftf	5 0 6 7 3 0 3 4 2 1 10 0 10 9 8 1 12 0 11 1 12 13 3 0 3 4 2 1 fffffffffffttt
0102324241tfftf	1122334444ffftf	5 0 6 7 3 0 3 1 2 4 9 0 9 1 8 10 12 0 12 1 11 13 3 0 3 1 2 4 fffffffffffttt
0121312444tfftf	1122334444ffftf	5 0 7 6 2 4 3 3 2 1 8 10 8 1 9 9 11 13 12 12 11 1 2 4 3 3 2 1 fffffffffffttt
0121342444tfftf	1122334444ffftf	5 0 7 6 2 4 3 3 3 1 8 10 9 1 9 9 11 13 12 12 12 1 2 4 3 3 3 1 fffffffffffttt
0121343144tftff	1122334444ffftf	5 0 7 6 2 1 2 3 4 4 8 1 8 9 10 10 11 1 11 12 13 13 2 1 2 3 4 4 fffffffffffttt
0121343423tftff	1122334444ffftf	5 0 7 6 2 1 4 1 3 4 8 1 9 10 10 1 11 1 13 1 12 13 2 1 4 1 3 4 fffffffffffttt
0121343423tftff	1123344444ffftf	5 0 1 4 3 4 2 3 6 7 8 4 10 4 9 13 11 4 13 4 12 3 1 4 3 4 2 3 fffffffffffttt
0121343431tftff	1122334444ffftf	5 0 7 6 2 1 4 3 2 3 8 1 10 9 8 9 11 1 13 12 11 12 2 1 4 3 2 3 fffffffffffttt
0123413323tffft	1122334444ffftf	5 0 7 6 3 4 3 3 2 1 9 10 8 1 9 9 12 13 12 12 11 1 3 4 3 3 2 1 fffffffffffttt
0123433341tftff	1122334444ffftf	5 0 6 7 3 1 3 3 2 4 9 1 9 9 8 10 12 1 12 12 11 13 3 1 3 3 2 4 fffffffffffttt
1212341434tftff	1122334444ffftf	1 5 7 6 1 2 4 2 4 3 1 8 10 8 10 9 1 11 13 11 13 12 1 2 4 2 4 3 fffffffffffttt
1212344234tftff	1122334444ffftf	1 5 7 6 1 2 1 4 4 3 1 8 1 10 10 9 1 11 1 13 13 12 1 2 1 4 4 3 fffffffffffttt
1212344234tftff	1122343333fffft	1 5 7 6 1 2 1 4 4 3 1 8 1 10 10 9 1 11 1 13 4 12 1 2 1 4 4 3 fffffffffffttt
1212344234tftff	1123222422fffft	1 5 7 6 1 2 1 4 4 3 1 8 1 10 4 9 1 11 1 13 4 12 1 2 1 4 4 3 fffffffffffttt
1212344234tftff	1123224422fffft	1 5 6 7 1 2 1 4 4 3 1 8 4 9 1 10 1 11 1 13 13 12 1 2 1 4 4 3 fffffffffffttt
