121121fft	0102030444ttttf	3 1 1 1 2 4 2 3 2 5 2 6 2 1 ffttttt
121121fft	0102031444ttttf	3 1 1 1 2 4 2 3 2 5 2 6 4 1 ffttttt
121121fft	0102032444ttttf	3 1 1 1 2 4 2 3 2 5 2 6 5 1 ffttttt
121121fft	0102033444ttttf	3 1 1 1 2 4 2 3 2 5 2 6 6 1 ffttttt
121121fft	0102034344ttttf	3 1 1 1 2 4 2 3 2 5 2 6 1 6 ffttttt
121121fft	0102034444ttttf	3 1 1 1 2 4 2 3 2 5 2 6 1 1 ffttttt
121121fft	0102131444ttttf	3 1 1 1 2 4 2 3 2 5 4 6 4 1 ffttttt
121121fft	0102132444ttttf	3 1 1 1 2 4 2 3 2 5 4 6 5 1 ffttttt
121121fft	0102133444ttttf	3 1 1 1 2 4 2 3 2 5 4 6 6 1 ffttttt
121121fft	0102134344ttttf	3 1 1 1 2 4 2 3 2 5 4 6 1 6 ffttttt
121121fft	0102134444ttttf	3 1 1 1 2 4 2 3 2 5 4 6 1 1 ffttttt
121121fft	0102232444ttttf	3 1 1 1 2 4 2 3 2 5 5 6 5 1 ffttttt
121121fft	0102233444ttttf	3 1 1 1 2 4 2 3 2 5 5 6 6 1 ffttttt
121121fft	0102234344ttttf	3 1 1 1 2 4 2 3 2 5 5 6 1 6 ffttttt
121121fft	0102234444ttttf	3 1 1 1 2 4 2 3 2 5 5 6 1 1 ffttttt
121121fft	0102320444ttttf	3 1 1 1 2 4 2 3 2 5 6 5 2 1 ffttttt
121121fft	0102321444ttttf	3 1 1 1 2 4 2 3 2 5 6 5 4 1 ffttttt
121121fft	0102322444ttttf	3 1 1 1 2 4 2 3 2 5 6 5 5 1 ffttttt
121121fft	0102323444ttttf	3 1 1 1 2 4 2 3 2 5 6 5 6 1 ffttttt
121121fft	0102324144ttttf	3 1 1 1 2 4 2 3 2 5 6 5 1 4 ffttttt
121121fft	0102324244ttttf	3 1 1 1 2 4 2 3 2 5 6 5 1 5 ffttttt
121121fft	0102324344ttttf	3 1 1 1 2 4 2 3 2 5 6 5 1 6 ffttttt
121121fft	0102324444ttttf	3 1 1 1 2 4 2 3 2 5 6 5 1 1 ffttttt
121121fft	0102333444ttttf	3 1 1 1 2 4 2 3 2 5 6 6 6 1 ffttttt
121121fft	0102334344ttttf	3 1 1 1 2 4 2 3 2 5 6 6 1 6 ffttttt
121121fft	0102334444ttttf	3 1 1 1 2 4 2 3 2 5 6 6 1 1 ffttttt
121121fft	0102340444ttttf	3 1 1 1 2 4 2 3 2 5 6 1 2 1 ffttttt
121121fft	0102341144ttttf	3 1 1 1 2 5 2 3 5 5 2 6 4 1 ffttttt
121121fft	0102341244ttttf	3 1 1 1 2 4 2 3 2 6 4 6 5 1 ffttttt
121121fft	0102341444ttttf	3 1 1 1 2 4 2 3 2 5 6 1 4 1 ffttttt
121121fft	0102342144ttttf	3 1 1 1 2 4 2 3 2 6 6 4 5 1 ffttttt
121121fft	0102342244ttttf	3 1 1 1 2 4 2 3 2 6 6 6 5 1 ffttttt
121121fft	0102343244ttttf	3 1 1 1 2 4 2 3 2 6 5 6 5 1 ffttttt
121121fft	0102343333tttft	3 1 1 1 2 4 2 3 2 5 1 6 1 1 ffttttt
121121fft	0102344144ttttf	3 1 1 1 2 4 2 3 2 5 6 1 1 4 ffttttt
121121fft	0102344244ttttf	3 1 1 1 2 4 2 3 2 5 6 1 1 5 ffttttt
121121fft	0102344444ttttf	3 1 1 1 2 4 2 3 2 5 6 1 1 1 ffttttt
121121fft	0112131444ttttf	3 1 1 1 2 4 2 3 4 5 4 6 4 1 ffttttt
121121fft	0112132444ttttf	3 1 1 1 2 4 2 3 4 5 4 6 5 1 ffttttt
121121fft	0112133444ttttf	3 1 1 1 2 4 2 3 4 5 4 6 6 1 ffttttt
121121fft	0112134344ttttf	3 1 1 1 2 4 2 3 4 5 4 6 1 6 ffttttt
121121fft	0112134444ttttf	3 1 1 1 2 4 2 3 4 5 4 6 1 1 ffttttt
121121fft	0112232444ttttf	3 1 1 1 2 4 2 3 4 5 5 6 5 1 ffttttt
121121fft	0112233444ttttf	3 1 1 1 2 4 2 3 4 5 5 6 6 1 ffttttt
121121fft	0112234344ttttf	3 1 1 1 2 4 2 3 4 5 5 6 1 6 ffttttt
121121fft	0112234444ttttf	3 1 1 1 2 4 2 3 4 5 5 6 1 1 ffttttt
121121fft	0112321444ttttf	3 1 1 1 2 4 2 3 4 5 6 5 4 1 ffttttt
121121fft	0112322444ttttf	3 1 1 1 2 4 2 3 4 5 6 5 5 1 ffttttt
121121fft	0112323444ttttf	3 1 1 1 2 4 2 3 4 5 6 5 6 1 ffttttt
121121fft	0112324244ttttf	3 1 1 1 2 4 2 3 4 5 6 5 1 5 ffttttt
121121fft	0112324344ttttf	3 1 1 1 2 4 2 3 4 5 6 5 1 6 ffttttt
121121fft	0112324444ttttf	3 1 1 1 2 4 2 3 4 5 6 5 1 1 ffttttt
121121fft	0112333444ttttf	3 1 1 1 2 4 2 3 4 5 6 6 6 1 ffttttt
121121fft	0112334344ttttf	3 1 1 1 2 4 2 3 4 5 6 6 1 6 ffttttt
121121fft	0112334444ttttf	3 1 1 1 2 4 2 3 4 5 6 6 1 1 ffttttt
121121fft	0112341444ttttf	3 1 1 1 2 4 2 3 4 5 6 1 4 1 ffttttt
121121fft	0112342244ttttf	3 1 1 1 2 4 2 3 4 6 6 6 5 1 ffttttt
121121fft	0112343333tttft	3 1 1 1 2 4 2 3 4 5 1 6 1 1 ffttttt
121121fft	0112344244ttttf	3 1 1 1 2 4 2 3 4 5 6 1 1 5 ffttttt
121121fft	0112344444ttttf	3 1 1 1 2 4 2 3 4 5 6 1 1 1 ffttttt
121121fft	0121032444ttttf	3 1 1 1 2 4 2 3 5 4 2 6 5 1 ffttttt
121121fft	0121033444ttttf	3 1 1 1 2 4 2 3 5 4 2 6 6 1 ffttttt
121121fft	0121034144ttttf	3 1 1 1 2 4 2 3 5 4 2 6 1 4 ffttttt
121121fft	0121034344ttttf	3 1 1 1 2 4 2 3 5 4 2 6 1 6 ffttttt
121121fft	0121034444ttttf	3 1 1 1 2 4 2 3 5 4 2 6 1 1 ffttttt
121121fft	0121132444ttttf	3 1 1 1 2 4 2 3 5 4 4 6 5 1 ffttttt
121121fft	0121133444ttttf	3 1 1 1 2 4 2 3 5 4 4 6 6 1 ffttttt
121121fft	0121134144ttttf	3 1 1 1 2 4 2 3 5 4 4 6 1 4 ffttttt
121121fft	0121134344ttttf	3 1 1 1 2 4 2 3 5 4 4 6 1 6 ffttttt
121121fft	0121134444ttttf	3 1 1 1 2 4 2 3 5 4 4 6 1 1 ffttttt
121121fft	0121232444ttttf	3 1 1 1 2 4 2 3 5 4 5 6 5 1 ffttttt
121121fft	0121233444ttttf	3 1 1 1 2 4 2 3 5 4 5 6 6 1 ffttttt
121121fft	0121234144ttttf	3 1 1 1 2 4 2 3 5 4 5 6 1 4 ffttttt
121121fft	0121234244ttttf	3 1 1 1 2 4 2 3 5 4 5 6 1 5 ffttttt
121121fft	0121234344ttttf	3 1 1 1 2 4 2 3 5 4 5 6 1 6 ffttttt
121121fft	0121234444ttttf	3 1 1 1 2 4 2 3 5 4 5 6 1 1 ffttttt
121121fft	0121310444ttttf	3 1 1 1 2 4 2 3 5 4 6 4 2 1 ffttttt
121121fft	0121311444ttttf	3 1 1 1 2 4 2 3 5 4 6 4 4 1 ffttttt
121121fft	0121312444ttttf	3 1 1 1 2 4 2 3 5 4 6 4 5 1 ffttttt
121121fft	0121313444ttttf	3 1 1 1 2 4 2 3 5 4 6 4 6 1 ffttttt
121121fft	0121314144ttttf	3 1 1 1 2 4 2 3 5 4 6 4 1 4 ffttttt
121121fft	0121314244ttttf	3 1 1 1 2 4 2 3 5 4 6 4 1 5 ffttttt
121121fft	0121314344ttttf	3 1 1 1 2 4 2 3 5 4 6 4 1 6 ffttttt
121121fft	0121314444ttttf	3 1 1 1 2 4 2 3 5 4 6 4 1 1 ffttttt
121121fft	0121323444ttttf	3 1 1 1 2 4 2 3 5 4 6 5 6 1 ffttttt
121121fft	0121324244ttttf	3 1 1 1 2 4 2 3 5 4 6 5 1 5 ffttttt
121121fft	0121324344ttttf	3 1 1 1 2 4 2 3 5 4 6 5 1 6 ffttttt
121121fft	0121324444ttttf	3 1 1 1 2 4 2 3 5 4 6 5 1 1 ffttttt
121121fft	0121332444ttttf	3 1 1 1 2 4 2 3 5 4 6 6 5 1 ffttttt
121121fft	0121333444ttttf	3 1 1 1 2 4 2 3 5 4 6 6 6 1 ffttttt
121121fft	0121334144ttttf	3 1 1 1 2 4 2 3 5 4 6 6 1 4 ffttttt
121121fft	0121334344ttttf	3 1 1 1 2 4 2 3 5 4 6 6 1 6 ffttttt
121121fft	0121334444ttttf	3 1 1 1 2 4 2 3 5 4 6 6 1 1 ffttttt
121121fft	0121340444ttttf	3 1 1 1 2 4 2 3 5 4 6 1 2 1 ffttttt
121121fft	0121341144ttttf	3 1 1 1 2 5 2 3 5 5 6 5 4 1 ffttttt
121121fft	0121341444ttttf	3 1 1 1 2 4 2 3 5 4 6 1 4 1 ffttttt
121121fft	0121343322tttft	3 1 1 1 2 4 2 3 6 4 6 6 1 5 ffttttt
121121fft	0121343323tttft	3 1 1 1 2 4 2 3 5 4 1 6 5 1 ffttttt
121121fft	0121343331tttft	3 1 1 1 2 4 2 3 5 4 1 6 1 4 ffttttt
121121fft	0121343333tttft	3 1 1 1 2 4 2 3 5 4 1 6 1 1 ffttttt
121121fft	0121344144ttttf	3 1 1 1 2 4 2 3 5 4 6 1 1 4 ffttttt
121121fft	0121344344ttttf	3 1 1 1 2 4 2 3 5 4 6 1 1 6 ffttttt
121121fft	0121344444ttttf	3 1 1 1 2 4 2 3 5 4 6 1 1 1 ffttttt
121121fft	0122232444ttttf	3 1 1 1 2 4 2 3 5 5 5 6 5 1 ffttttt
121121fft	0122233444ttttf	3 1 1 1 2 4 2 3 5 5 5 6 6 1 ffttttt
121121fft	0122234344ttttf	3 1 1 1 2 4 2 3 5 5 5 6 1 6 ffttttt
121121fft	0122234444ttttf	3 1 1 1 2 4 2 3 5 5 5 6 1 1 ffttttt
121121fft	0122323444ttttf	3 1 1 1 2 4 2 3 5 5 6 5 6 1 ffttttt
121121fft	0122324244ttttf	3 1 1 1 2 4 2 3 5 5 6 5 1 5 ffttttt
121121fft	0122324344ttttf	3 1 1 1 2 4 2 3 5 5 6 5 1 6 ffttttt
121121fft	0122324444ttttf	3 1 1 1 2 4 2 3 5 5 6 5 1 1 ffttttt
121121fft	0122333444ttttf	3 1 1 1 2 4 2 3 5 5 6 6 6 1 ffttttt
121121fft	0122334344ttttf	3 1 1 1 2 4 2 3 5 5 6 6 1 6 ffttttt
121121fft	0122334444ttttf	3 1 1 1 2 4 2 3 5 5 6 6 1 1 ffttttt
121121fft	0122343333tttft	3 1 1 1 2 4 2 3 5 5 1 6 1 1 ffttttt
121121fft	0122344444ttttf	3 1 1 1 2 4 2 3 5 5 6 1 1 1 ffttttt
121121fft	0123031444ttttf	3 1 1 1 2 4 2 3 5 6 2 6 4 1 ffttttt
121121fft	0123032444ttttf	3 1 1 1 2 4 2 3 5 6 2 6 5 1 ffttttt
121121fft	0123033444ttttf	3 1 1 1 2 4 2 3 5 6 2 6 6 1 ffttttt
121121fft	0123034344ttttf	3 1 1 1 2 4 2 3 5 6 2 6 1 6 ffttttt
121121fft	0123034444ttttf	3 1 1 1 2 4 2 3 5 6 2 6 1 1 ffttttt
121121fft	0123042444ttttf	3 1 1 1 2 4 2 3 5 6 2 1 5 1 ffttttt
121121fft	0123043313tttft	4 1 1 1 2 5 2 6 2 4 3 1 5 1 ffttttt
121121fft	0123043333tttft	3 1 1 1 2 5 2 3 2 6 4 1 1 1 ffttttt
121121fft	0123043343tttft	4 1 1 1 2 5 2 6 2 4 3 1 6 1 ffttttt
121121fft	0123043444ttttf	3 1 1 1 2 4 2 3 5 6 2 1 6 1 ffttttt
121121fft	0123044344ttttf	3 1 1 1 2 4 2 3 5 6 2 1 1 6 ffttttt
121121fft	0123044444ttttf	3 1 1 1 2 4 2 3 5 6 2 1 1 1 ffttttt
121121fft	0123112444ttttf	3 1 1 1 2 5 2 3 5 5 4 6 4 1 ffttttt
121121fft	0123113444ttttf	3 1 1 1 2 5 2 3 5 5 4 6 6 1 ffttttt
121121fft	0123114344ttttf	3 1 1 1 2 5 2 3 5 5 4 6 1 6 ffttttt
121121fft	0123114444ttttf	3 1 1 1 2 5 2 3 5 5 4 6 1 1 ffttttt
121121fft	0123142444ttttf	3 1 1 1 2 4 2 3 5 6 4 1 5 1 ffttttt
121121fft	0123143333tttft	3 1 1 1 2 5 2 3 5 6 4 1 1 1 ffttttt
121121fft	0123143343tttft	3 1 1 1 2 5 2 3 5 6 4 1 6 1 ffttttt
121121fft	0123143444ttttf	3 1 1 1 2 4 2 3 5 6 4 1 6 1 ffttttt
121121fft	0123144344ttttf	3 1 1 1 2 4 2 3 5 6 4 1 1 6 ffttttt
121121fft	0123144444ttttf	3 1 1 1 2 4 2 3 5 6 4 1 1 1 ffttttt
121121fft	0123222422ttftt	3 1 1 1 2 4 2 3 1 5 1 6 1 1 ffttttt
121121fft	0123242244ttttf	3 1 1 1 2 4 2 3 6 5 6 6 6 1 ffttttt
121121fft	0123243313tttft	4 1 1 1 2 5 3 6 2 4 3 1 5 1 ffttttt
121121fft	0123243333tttft	3 1 1 1 2 5 2 3 4 6 4 1 1 1 ffttttt
121121fft	0123243343tttft	4 1 1 1 2 5 3 6 2 4 3 1 6 1 ffttttt
121121fft	0123244344ttttf	3 1 1 1 2 4 2 3 5 6 5 1 1 6 ffttttt
121121fft	0123244444ttttf	3 1 1 1 2 4 2 3 5 6 5 1 1 1 ffttttt
121121fft	0123312444ttttf	3 1 1 1 2 4 2 3 5 6 6 4 5 1 ffttttt
121121fft	0123313444ttttf	3 1 1 1 2 4 2 3 5 6 6 4 6 1 ffttttt
121121fft	0123314344ttttf	3 1 1 1 2 4 2 3 5 6 6 4 1 6 ffttttt
121121fft	0123314444ttttf	3 1 1 1 2 4 2 3 5 6 6 4 1 1 ffttttt
121121fft	0123332444ttttf	3 1 1 1 2 4 2 3 5 6 6 6 5 1 ffttttt
121121fft	0123333444ttttf	3 1 1 1 2 4 2 3 5 6 6 6 6 1 ffttttt
121121fft	0123334344ttttf	3 1 1 1 2 4 2 3 5 6 6 6 1 6 ffttttt
121121fft	0123334444ttttf	3 1 1 1 2 4 2 3 5 6 6 6 1 1 ffttttt
121121fft	0123343333tttft	3 1 1 1 2 4 2 3 5 1 1 6 1 1 ffttttt
121121fft	0123344344ttttf	3 1 1 1 2 4 2 3 5 6 6 1 1 6 ffttttt
121121fft	0123344444ttttf	3 1 1 1 2 4 2 3 5 6 6 1 1 1 ffttttt
121121fft	0123412444ttttf	3 1 1 1 2 4 2 3 5 6 1 4 5 1 ffttttt
121121fft	0123413303tttft	3 1 1 1 2 5 2 3 6 5 4 1 2 1 ffttttt
121121fft	0123413311tttft	4 1 1 1 2 6 5 6 2 4 6 6 3 1 ffttttt
121121fft	0123413313tttft	3 1 1 1 2 5 2 3 6 5 4 1 5 1 ffttttt
121121fft	0123413331tttft	3 1 1 1 2 5 2 3 6 5 4 1 1 5 ffttttt
121121fft	0123413333tttft	3 1 1 1 2 5 2 3 6 5 4 1 1 1 ffttttt
121121fft	0123413343tttft	3 1 1 1 2 5 2 3 6 5 4 1 6 1 ffttttt
121121fft	0123414344ttttf	3 1 1 1 2 4 2 3 5 6 1 4 1 6 ffttttt
121121fft	0123414444ttttf	3 1 1 1 2 4 2 3 5 6 1 4 1 1 ffttttt
121121fft	0123422244ttttf	3 1 1 1 2 4 2 3 6 5 6 6 1 6 ffttttt
121121fft	0123432444ttttf	3 1 1 1 2 4 2 3 5 6 1 6 5 1 ffttttt
121121fft	0123433303tttft	3 1 1 1 2 4 2 3 5 1 6 1 2 1 ffttttt
121121fft	0123433311tttft	3 1 1 1 2 5 2 3 5 5 6 1 4 1 ffttttt
121121fft	0123433321tttft	3 1 1 1 2 5 2 3 6 5 6 1 4 1 ffttttt
121121fft	0123433331tttft	3 1 1 1 2 4 2 3 5 1 6 1 1 4 ffttttt
121121fft	0123433333tttft	3 1 1 1 2 4 2 3 5 1 6 1 1 1 ffttttt
121121fft	0123434444ttttf	3 1 1 1 2 4 2 3 5 6 1 6 1 1 ffttttt
121121fft	0123442244ttttf	3 1 1 1 2 4 2 3 6 5 6 6 1 1 ffttttt
121121fft	0123442444ttttf	3 1 1 1 2 4 2 3 5 6 1 1 5 1 ffttttt
121121fft	0123443333tttft	3 1 1 1 2 5 2 3 6 6 4 1 1 1 ffttttt
121121fft	0123443343tttft	3 1 1 1 2 5 2 3 6 6 4 1 6 1 ffttttt
121121fft	0123444244ttttf	3 1 1 1 2 4 2 3 5 6 1 1 1 5 ffttttt
121121fft	0123444344ttttf	3 1 1 1 2 4 2 3 5 6 1 1 1 6 ffttttt
