0101tf	1122334444ffftf	2 0 1 0 3 0 4 0 1 0 fffft
0101tf	1123344444ffftf	2 0 1 0 3 0 4 0 1 0 fffft
0101tf	1223344444ffftf	2 0 1 0 3 0 4 0 1 0 fffft
0101tf	1223433333fffft	2 0 1 0 3 0 4 0 1 0 fffft
0101tf	1223443333fffft	2 0 1 0 3 0 4 0 1 0 fffft
0111tf	1122334444ffftf	2 0 1 1 3 3 4 4 1 1 fffft
0111tf	1122343333fffft	2 0 1 1 3 3 1 4 1 1 fffft
0111tf	1123222422fffft	2 0 1 1 1 3 1 4 1 1 fffft
0111tf	1123223422fffft	2 0 1 1 1 3 3 4 1 1 fffft
0111tf	1123224222fffft	2 0 1 1 1 3 4 1 1 1 fffft
0111tf	1123224422fffft	2 0 1 1 1 3 4 4 1 1 fffft
0111tf	1123344444ffftf	2 0 1 1 3 4 4 1 1 1 fffft
0111tf	1223343333fffft	2 0 1 1 3 1 1 4 1 1 fffft
0111tf	1223344444ffftf	2 0 1 1 3 4 4 1 1 1 fffft
0111tf	1223433333fffft	2 0 1 1 3 1 4 1 1 1 fffft
0111tf	1223443333fffft	2 0 1 1 3 1 4 4 1 1 fffft
1111tf	1122334444ffftf	2 2 1 1 3 3 4 4 1 1 fffft
1111tf	1122343333fffft	2 2 1 1 3 3 1 4 1 1 fffft
1111tf	1123222422fffft	2 2 1 1 1 3 1 4 1 1 fffft
1111tf	1123223422fffft	2 2 1 1 1 3 3 4 1 1 fffft
1111tf	1123224222fffft	2 2 1 1 1 3 4 1 1 1 fffft
1111tf	1123224422fffft	2 2 1 1 1 3 4 4 1 1 fffft
1111tf	1123344444ffftf	2 2 1 1 3 4 4 1 1 1 fffft
1111tf	1211131411fffft	1 2 1 1 1 3 1 4 1 1 fffft
1111tf	1211132411fffft	1 2 1 1 1 3 2 4 1 1 fffft
1111tf	1211133411fffft	1 2 1 1 1 3 3 4 1 1 fffft
1111tf	1211134111fffft	1 2 1 1 1 3 4 1 1 1 fffft
1111tf	1211134411fffft	1 2 1 1 1 3 4 4 1 1 fffft
1111tf	1211231411fffft	1 2 1 1 2 3 1 4 1 1 fffft
1111tf	1211233411fffft	1 2 1 1 2 3 3 4 1 1 fffft
1111tf	1211234111fffft	1 2 1 1 2 3 4 1 1 1 fffft
1111tf	1211234411fffft	1 2 1 1 2 3 4 4 1 1 fffft
1111tf	1211311411fffft	1 2 1 1 3 1 1 4 1 1 fffft
1111tf	1211312411fffft	1 2 1 1 3 1 2 4 1 1 fffft
1111tf	1211313411fffft	1 2 1 1 3 1 3 4 1 1 fffft
1111tf	1211314111fffft	1 2 1 1 3 1 4 1 1 1 fffft
1111tf	1211314311fffft	1 2 1 1 3 1 4 3 1 1 fffft
1111tf	1211314411fffft	1 2 1 1 3 1 4 4 1 1 fffft
1111tf	1211331411fffft	1 2 1 1 3 3 1 4 1 1 fffft
1111tf	1211334111fffft	1 2 1 1 3 3 4 1 1 1 fffft
1111tf	1211334411fffft	1 2 1 1 3 3 4 4 1 1 fffft
1111tf	1211341113ffftf	1 2 1 1 4 3 1 4 1 1 fffft
1111tf	1211341411fffft	1 2 1 1 3 4 1 4 1 1 fffft
1111tf	1211342111fffft	1 3 1 1 3 1 2 4 1 1 fffft
1111tf	1211344111fffft	1 2 1 1 3 4 4 1 1 1 fffft
1111tf	1211344411fffft	1 2 1 1 3 4 4 4 1 1 fffft
1111tf	1223343333fffft	1 3 3 2 2 2 2 4 2 2 fffft
1111tf	1223344444ffftf	2 3 1 1 3 4 4 1 1 1 fffft
1111tf	1223433333fffft	1 3 3 2 2 2 4 2 2 2 fffft
1111tf	1223443333fffft	1 3 3 2 2 2 4 4 2 2 fffft
1111tf	1233343331ftfff	4 1 2 3 2 2 2 4 2 2 fffft
1111tf	1233344444ffftf	2 3 1 1 4 4 4 1 1 1 fffft
1111tf	1233434444ffftf	2 3 1 1 4 4 1 4 1 1 fffft
1111tf	1234433333fffft	2 3 1 1 1 4 4 1 1 1 fffft
1111tf	1234434444ffftf	2 3 1 1 4 1 1 4 1 1 fffft
