01210333tftf	11223333fftf	4 0 5 0 2 1 3 3 6 1 7 7 2 1 3 3 fffffftt
01210333tftf	12233333fftf	4 0 5 0 2 1 3 3 6 1 7 3 2 1 3 3 fffffftt
01211333tftf	11223333fftf	4 0 5 4 2 1 3 3 6 1 7 7 2 1 3 3 fffffftt
01211333tftf	12233333fftf	4 0 1 3 2 2 5 6 6 3 7 2 1 3 2 2 fffffftt
01212333tftf	11223333fftf	4 0 5 1 2 1 3 3 6 1 7 7 2 1 3 3 fffffftt
01212333tftf	12233333fftf	4 0 5 1 2 1 3 3 6 1 7 3 2 1 3 3 fffffftt
01213121tfft	11223333fftf	4 0 4 5 2 3 2 1 6 7 6 1 2 3 2 1 fffffftt
01213131tftf	11223333fftf	4 0 4 5 2 1 2 3 6 1 6 7 2 1 2 3 fffffftt
01213133tftf	11223333fftf	4 0 4 5 2 1 3 3 6 1 7 7 2 1 3 3 fffffftt
01213321ttff	12112311ffft	3 0 3 2 1 1 3 4 5 7 3 6 1 1 3 2 fffffftt
01213333tftf	11223333fftf	4 0 5 5 2 1 3 3 6 1 7 7 2 1 3 3 fffffftt
01213333tftf	12233333fftf	4 0 1 3 2 2 5 7 6 3 7 2 1 3 2 2 fffffftt
01230313tftf	11223333fftf	4 0 5 0 3 1 3 2 7 1 7 6 3 1 3 2 fffffftt
01230323ttff	11223333fftf	3 0 2 0 2 1 5 4 7 0 7 6 2 0 2 1 fffffftt
01231323ttff	11223333fftf	3 0 2 3 2 1 5 4 7 3 7 6 2 3 2 1 fffffftt
01232313tftf	11223333fftf	4 0 5 1 3 1 3 2 7 1 7 6 3 1 3 2 fffffftt
01233123ttff	11223333fftf	3 0 3 2 2 1 5 4 3 7 7 6 3 2 2 1 fffffftt
01233123ttff	11232222ffft	3 0 3 2 2 1 5 4 3 7 2 6 3 2 2 1 fffffftt
12121313tftf	11223333fftf	1 4 5 4 1 2 3 2 1 6 7 6 1 2 3 2 fffffftt
12121333tftf	11223333fftf	1 4 5 4 1 2 3 3 1 6 7 7 1 2 3 3 fffffftt
12121333tftf	11232222ffft	1 4 5 4 1 2 3 3 1 6 3 7 1 2 3 3 fffffftt
12123233tftf	11223333fftf	1 4 1 5 1 2 3 3 1 6 7 7 1 2 3 3 fffffftt
12123233tftf	11232222ffft	1 4 1 5 1 2 3 3 1 6 3 7 1 2 3 3 fffffftt
12123233tftf	12111311ffft	1 4 1 5 1 2 3 3 1 6 3 7 1 2 3 3 fffffftt
12123233tftf	12112311ffft	1 4 1 5 1 2 3 3 1 6 5 7 1 2 3 3 fffffftt
12123233tftf	12113311ffft	1 4 1 5 1 2 3 3 1 6 7 7 1 2 3 3 fffffftt
12123333tftf	11223333fftf	1 4 5 5 1 2 3 3 1 6 7 7 1 2 3 3 fffffftt
12123333tftf	11232222ffft	1 4 5 5 1 2 3 3 1 6 3 7 1 2 3 3 fffffftt
12123333tftf	12111311ffft	1 4 3 5 1 2 3 3 1 6 3 7 1 2 3 3 fffffftt
12123333tftf	12112311ffft	1 4 3 5 1 2 3 3 1 6 5 7 1 2 3 3 fffffftt
12123333tftf	12113311ffft	1 4 3 5 1 2 3 3 1 6 7 7 1 2 3 3 fffffftt
12131323ttff	11223333fftf	4 1 5 1 3 1 3 2 7 1 7 6 3 1 3 2 fffffftt
