0102324132tffft	11223333fftf	5 0 7 6 3 0 3 4 2 1 9 0 8 1 9 10 3 0 3 4 2 1 ffffffffttt
0102324241tfftf	11223333fftf	5 0 6 7 3 0 3 1 2 4 9 0 9 1 8 10 3 0 3 1 2 4 ffffffffttt
0121312444tfftf	11223333fftf	5 0 6 7 2 4 3 3 2 1 8 10 9 9 8 1 2 4 3 3 2 1 ffffffffttt
0121342444tfftf	11223333fftf	5 0 6 7 2 4 3 3 3 1 8 10 9 9 9 1 2 4 3 3 3 1 ffffffffttt
0121343144tftff	11223333fftf	5 0 7 6 2 1 2 3 4 4 8 1 8 9 10 10 2 1 2 3 4 4 ffffffffttt
0121343423tftff	11223333fftf	5 0 6 7 2 1 4 1 3 4 8 1 10 1 9 10 2 1 4 1 3 4 ffffffffttt
0121343431tftff	11223333fftf	5 0 7 6 2 1 4 3 2 3 8 1 10 9 8 9 2 1 4 3 2 3 ffffffffttt
0123413323tffft	11223333fftf	5 0 6 7 3 4 3 3 2 1 9 10 9 9 8 1 3 4 3 3 2 1 ffffffffttt
0123433341tftff	11223333fftf	5 0 6 7 3 1 3 3 2 4 9 1 9 9 8 10 3 1 3 3 2 4 ffffffffttt
1212324432tftff	12112311ffft	1 5 1 7 1 2 1 4 3 3 1 8 1 10 6 9 1 2 1 4 3 3 ffffffffttt
1212341434tftff	11223333fftf	1 5 7 6 1 2 4 2 4 3 1 8 10 8 10 9 1 2 4 2 4 3 ffffffffttt
1212344234tftff	11223333fftf	1 5 7 6 1 2 1 4 4 3 1 8 1 10 10 9 1 2 1 4 4 3 ffffffffttt
1212344234tftff	11232222ffft	1 5 7 6 1 2 1 4 4 3 1 8 1 10 4 9 1 2 1 4 4 3 ffffffffttt
