1211133421fftff	11223333fftf	4 1 1 1 3 2 1 4 6 5 7 7 9 8 1 1 3 2 1 4 fffffffttt
1211134124ffftf	11223333fftf	3 1 1 1 2 3 4 1 5 6 7 7 8 9 1 1 2 3 4 1 fffffffttt
1211311424ffftf	11223333fftf	3 1 1 1 2 3 1 4 6 5 7 7 8 9 1 1 2 3 1 4 fffffffttt
1211312423fffft	11223333fftf	2 1 1 1 1 3 4 2 6 5 7 9 4 8 1 1 1 3 4 2 fffffffttt
1211312424ffftf	11223333fftf	3 1 1 1 2 3 1 4 6 5 7 4 8 9 1 1 2 3 1 4 fffffffttt
1211314124ffftf	11223333fftf	3 1 1 1 2 3 1 4 5 6 7 7 8 9 1 1 2 3 1 4 fffffffttt
1211314321fftff	11223333fftf	4 1 1 1 2 3 1 4 5 6 7 7 8 9 1 1 2 3 1 4 fffffffttt
1211314324fftff	11223333fftf	4 1 1 1 2 3 3 4 5 6 7 7 8 9 1 1 2 3 3 4 fffffffttt
1211334124ffftf	11223333fftf	3 1 1 1 2 3 4 4 5 6 7 7 8 9 1 1 2 3 4 4 fffffffttt
1211342143fftff	11223333fftf	4 1 1 1 3 2 1 4 6 5 7 4 9 8 1 1 3 2 1 4 fffffffttt
1211344123fftff	11223333fftf	4 1 1 1 1 3 2 4 6 5 7 9 8 4 1 1 1 3 2 4 fffffffttt
1211344321fftff	11223333fftf	4 1 1 1 2 3 1 4 6 5 8 9 7 4 1 1 2 3 1 4 fffffffttt
1223343341fftff	11223333fftf	4 1 2 4 2 2 1 3 6 5 8 8 7 9 2 4 2 2 1 3 fffffffttt
