1211133421fftff	1122334444ffftf	4 1 1 1 3 2 1 4 6 5 7 7 9 8 10 10 12 11 10 4 1 1 3 2 1 4 ffffffffffttt
1211134124ffftf	1122334444ffftf	3 1 1 1 2 3 4 1 5 6 7 7 8 9 10 10 11 12 4 10 1 1 2 3 4 1 ffffffffffttt
1211311424ffftf	1122334444ffftf	3 1 1 1 2 3 1 4 6 5 7 7 8 9 10 10 11 12 10 4 1 1 2 3 1 4 ffffffffffttt
1211312423fffft	1122334444ffftf	2 1 1 1 1 3 4 2 6 5 7 9 4 8 10 10 10 12 4 11 1 1 1 3 4 2 ffffffffffttt
1211312423fffft	1122343333fffft	2 1 1 1 1 3 4 2 6 5 7 9 4 8 1 10 1 12 4 11 1 1 1 3 4 2 ffffffffffttt
1211312424ffftf	1122334444ffftf	3 1 1 1 2 3 1 4 6 5 7 4 8 9 10 10 11 12 10 4 1 1 2 3 1 4 ffffffffffttt
1211314124ffftf	1122334444ffftf	3 1 1 1 2 3 1 4 5 6 7 7 8 9 10 10 11 12 10 4 1 1 2 3 1 4 ffffffffffttt
1211314321fftff	1122334444ffftf	4 1 1 1 2 3 1 4 5 6 7 7 8 9 10 10 11 12 10 4 1 1 2 3 1 4 ffffffffffttt
1211314324fftff	1122334444ffftf	4 1 1 1 2 3 3 4 5 6 7 7 8 9 10 10 11 12 12 4 1 1 2 3 3 4 ffffffffffttt
1211342143fftff	1122334444ffftf	4 1 1 1 3 2 1 4 6 5 7 4 9 8 10 10 12 11 10 4 1 1 3 2 1 4 ffffffffffttt
1211344123fftff	1122334444ffftf	4 1 1 1 1 3 2 4 6 5 7 9 8 4 10 10 10 12 11 4 1 1 1 3 2 4 ffffffffffttt
1211344321fftff	1122334444ffftf	4 1 1 1 2 3 1 4 6 5 8 9 7 4 10 10 11 12 10 4 1 1 2 3 1 4 ffffffffffttt
1223343341fftff	1122334444ffftf	4 1 2 4 2 2 1 3 6 5 8 8 7 9 11 4 11 11 10 12 2 4 2 2 1 3 ffffffffffttt
