1111tf	0112233444ttttf	0 2 1 1 2 3 3 4 4 1 tfttt
1111tf	0112234344ttttf	0 2 1 1 2 3 3 4 1 4 tfttt
1111tf	0112234444ttttf	0 2 1 1 2 3 3 4 1 1 tfttt
1111tf	0112323444ttttf	0 2 1 1 2 3 4 3 4 1 tfttt
1111tf	0112324344ttttf	0 2 1 1 2 3 4 3 1 4 tfttt
1111tf	0112324444ttttf	0 2 1 1 2 3 4 3 1 1 tfttt
1111tf	0112333444ttttf	0 2 1 1 2 3 4 4 4 1 tfttt
1111tf	0112334344ttttf	0 2 1 1 2 3 4 4 1 4 tfttt
1111tf	0112334444ttttf	0 2 1 1 2 3 4 4 1 1 tfttt
1111tf	0112343333tttft	0 2 1 1 2 3 1 4 1 1 tfttt
1111tf	0112344444ttttf	0 2 1 1 2 3 4 1 1 1 tfttt
1111tf	0121233444ttttf	0 2 1 1 3 2 3 4 4 1 tfttt
1111tf	0121234344ttttf	0 2 1 1 3 2 3 4 1 4 tfttt
1111tf	0121234444ttttf	0 2 1 1 3 2 3 4 1 1 tfttt
1111tf	0121323444ttttf	0 2 1 1 3 2 4 3 4 1 tfttt
1111tf	0121324344ttttf	0 2 1 1 3 2 4 3 1 4 tfttt
1111tf	0121324444ttttf	0 2 1 1 3 2 4 3 1 1 tfttt
1111tf	0121333444ttttf	0 2 1 1 3 2 4 4 4 1 tfttt
1111tf	0121334344ttttf	0 2 1 1 3 2 4 4 1 4 tfttt
1111tf	0121334444ttttf	0 2 1 1 3 2 4 4 1 1 tfttt
1111tf	0121343333tttft	0 2 1 1 3 2 1 4 1 1 tfttt
1111tf	0121344444ttttf	0 2 1 1 3 2 4 1 1 1 tfttt
1111tf	0122233444ttttf	0 2 1 1 3 3 3 4 4 1 tfttt
1111tf	0122234344ttttf	0 2 1 1 3 3 3 4 1 4 tfttt
1111tf	0122234444ttttf	0 2 1 1 3 3 3 4 1 1 tfttt
1111tf	0122323444ttttf	0 2 1 1 3 3 4 3 4 1 tfttt
1111tf	0122324344ttttf	0 2 1 1 3 3 4 3 1 4 tfttt
1111tf	0122324444ttttf	0 2 1 1 3 3 4 3 1 1 tfttt
1111tf	0122333444ttttf	0 2 1 1 3 3 4 4 4 1 tfttt
1111tf	0122334344ttttf	0 2 1 1 3 3 4 4 1 4 tfttt
1111tf	0122334444ttttf	0 2 1 1 3 3 4 4 1 1 tfttt
1111tf	0122343333tttft	0 2 1 1 3 3 1 4 1 1 tfttt
1111tf	0122344444ttttf	0 2 1 1 3 3 4 1 1 1 tfttt
1111tf	0123222422ttftt	0 2 1 1 1 3 1 4 1 1 tfttt
1111tf	0123242244ttttf	0 2 1 1 4 3 4 4 4 1 tfttt
1111tf	0123244344ttttf	0 2 1 1 3 4 3 1 1 4 tfttt
1111tf	0123244444ttttf	0 2 1 1 3 4 3 1 1 1 tfttt
1111tf	0123333444ttttf	0 2 1 1 3 4 4 4 4 1 tfttt
1111tf	0123334344ttttf	0 2 1 1 3 4 4 4 1 4 tfttt
1111tf	0123334444ttttf	0 2 1 1 3 4 4 4 1 1 tfttt
1111tf	0123344444ttttf	0 2 1 1 3 4 4 1 1 1 tfttt
1111tf	0123422244ttttf	0 2 1 1 4 3 4 4 1 4 tfttt
1111tf	0123433333tttft	0 2 1 1 3 1 4 1 1 1 tfttt
1111tf	0123434444ttttf	0 2 1 1 3 4 1 4 1 1 tfttt
1111tf	0123442244ttttf	0 2 1 1 4 3 4 4 1 1 tfttt
1111tf	0123442444ttttf	0 2 1 1 3 4 1 1 3 1 tfttt
1111tf	0123444244ttttf	0 2 1 1 3 4 1 1 1 3 tfttt
1111tf	0123444344ttttf	0 2 1 1 3 4 1 1 1 4 tfttt
1111tf	1112233444ttttf	2 2 1 1 2 3 3 4 4 1 tfttt
1111tf	1112234344ttttf	2 2 1 1 2 3 3 4 1 4 tfttt
1111tf	1112234444ttttf	2 2 1 1 2 3 3 4 1 1 tfttt
1111tf	1112323444ttttf	2 2 1 1 2 3 4 3 4 1 tfttt
1111tf	1112324344ttttf	2 2 1 1 2 3 4 3 1 4 tfttt
1111tf	1112324444ttttf	2 2 1 1 2 3 4 3 1 1 tfttt
1111tf	1112333444ttttf	2 2 1 1 2 3 4 4 4 1 tfttt
1111tf	1112334344ttttf	2 2 1 1 2 3 4 4 1 4 tfttt
1111tf	1112334444ttttf	2 2 1 1 2 3 4 4 1 1 tfttt
1111tf	1112343333tttft	2 2 1 1 2 3 1 4 1 1 tfttt
1111tf	1112344444ttttf	2 2 1 1 2 3 4 1 1 1 tfttt
1111tf	1122233444ttttf	2 2 1 1 3 3 3 4 4 1 tfttt
1111tf	1122234344ttttf	2 2 1 1 3 3 3 4 1 4 tfttt
1111tf	1122234444ttttf	2 2 1 1 3 3 3 4 1 1 tfttt
1111tf	1122333444ttttf	2 2 1 1 3 3 4 4 4 1 tfttt
1111tf	1122334444ttttf	2 2 1 1 3 3 4 4 1 1 tfttt
1111tf	1122343333tttft	2 2 1 1 3 3 1 4 1 1 tfttt
1111tf	1123222422ttftt	2 2 1 1 1 3 1 4 1 1 tfttt
1111tf	1123242244ttttf	2 2 1 1 4 3 4 4 4 1 tfttt
1111tf	1123244344ttttf	2 2 1 1 3 4 3 1 1 4 tfttt
1111tf	1123244444ttttf	2 2 1 1 3 4 3 1 1 1 tfttt
1111tf	1123333444ttttf	2 2 1 1 3 4 4 4 4 1 tfttt
1111tf	1123334444ttttf	2 2 1 1 3 4 4 4 1 1 tfttt
1111tf	1123344444ttttf	2 2 1 1 3 4 4 1 1 1 tfttt
1111tf	1123434444ttttf	2 2 1 1 3 4 1 4 1 1 tfttt
1111tf	1211131411tfttt	1 2 1 1 1 3 1 4 1 1 tfttt
1111tf	1213113444ttttf	3 2 1 1 3 3 3 4 4 1 tfttt
1111tf	1213114344ttttf	3 2 1 1 3 3 3 4 1 4 tfttt
1111tf	1213114444ttttf	3 2 1 1 3 3 3 4 1 1 tfttt
1111tf	1213143311tttft	4 2 1 1 4 3 4 4 4 1 tfttt
1111tf	1213143333tttft	3 2 1 1 3 4 3 1 1 1 tfttt
1111tf	1213143334tttft	3 2 1 1 3 4 3 1 1 4 tfttt
1111tf	1213244444ttttf	2 3 1 1 2 4 3 1 1 1 tfttt
1111tf	1213323444ttttf	2 3 1 1 2 4 4 3 4 1 tfttt
1111tf	1213324444ttttf	2 3 1 1 2 4 4 3 1 1 tfttt
1111tf	1213333444ttttf	2 3 1 1 2 4 4 4 4 1 tfttt
1111tf	1213334344ttttf	2 3 1 1 2 4 4 4 1 4 tfttt
1111tf	1213334444ttttf	2 3 1 1 2 4 4 4 1 1 tfttt
1111tf	1213343333tttft	2 3 1 1 2 1 1 4 1 1 tfttt
1111tf	1213344444ttttf	2 3 1 1 2 4 4 1 1 1 tfttt
1111tf	1213423333tttft	3 2 1 1 4 2 3 1 1 1 tfttt
1111tf	1213433333tttft	2 3 1 1 2 1 4 1 1 1 tfttt
1111tf	1213434444ttttf	2 3 1 1 2 4 1 4 1 1 tfttt
1111tf	1213443333tttft	3 2 1 1 4 4 3 1 1 1 tfttt
1111tf	1222233444ttttf	2 3 1 1 3 3 3 4 4 1 tfttt
1111tf	1222234344ttttf	2 3 1 1 3 3 3 4 1 4 tfttt
1111tf	1222234444ttttf	2 3 1 1 3 3 3 4 1 1 tfttt
1111tf	1222333444ttttf	2 3 1 1 3 3 4 4 4 1 tfttt
1111tf	1222334344ttttf	2 3 1 1 3 3 4 4 1 4 tfttt
1111tf	1222334444ttttf	2 3 1 1 3 3 4 4 1 1 tfttt
1111tf	1222343333tttft	2 3 1 1 3 3 1 4 1 1 tfttt
1111tf	1222344444ttttf	2 3 1 1 3 3 4 1 1 1 tfttt
1111tf	1223244444ttttf	2 3 1 1 3 4 3 1 1 1 tfttt
1111tf	1223333444ttttf	2 3 1 1 3 4 4 4 4 1 tfttt
1111tf	1223334344ttttf	2 3 1 1 3 4 4 4 1 4 tfttt
1111tf	1223334444ttttf	2 3 1 1 3 4 4 4 1 1 tfttt
1111tf	1223344444ttttf	2 3 1 1 3 4 4 1 1 1 tfttt
1111tf	1223433333tttft	2 3 1 1 3 1 4 1 1 1 tfttt
1111tf	1223434444ttttf	2 3 1 1 3 4 1 4 1 1 tfttt
1111tf	1231143311tttft	4 2 1 1 4 3 4 4 1 4 tfttt
1111tf	1232333444ttttf	2 3 1 1 4 3 4 4 4 1 tfttt
1111tf	1232334344ttttf	2 3 1 1 4 3 4 4 1 4 tfttt
1111tf	1232334444ttttf	2 3 1 1 4 3 4 4 1 1 tfttt
1111tf	1232343333tttft	2 3 1 1 1 3 1 4 1 1 tfttt
1111tf	1232344444ttttf	2 3 1 1 4 3 4 1 1 1 tfttt
1111tf	1232434444ttttf	2 3 1 1 4 3 1 4 1 1 tfttt
1111tf	1232442244ttttf	2 4 1 1 3 4 4 4 1 1 tfttt
1111tf	1232442444ttttf	2 3 1 1 4 3 1 1 3 1 tfttt
1111tf	1232443444ttttf	2 3 1 1 4 3 1 1 4 1 tfttt
1111tf	1232444244ttttf	2 3 1 1 4 3 1 1 1 3 tfttt
1111tf	1233343331tttft	2 3 1 1 1 1 1 4 1 2 tfttt
1111tf	1233344444ttttf	2 3 1 1 4 4 4 1 1 1 tfttt
1111tf	1233434444ttttf	2 3 1 1 4 4 1 4 1 1 tfttt
1111tf	1234433333tttft	2 3 1 1 1 4 4 1 1 1 tfttt
1111tf	1234434444ttttf	2 3 1 1 4 1 1 4 1 1 tfttt
