112222ftf	0112233444ttttf	2 2 1 1 2 3 3 4 4 5 5 1 fftttt
112222ftf	0112234344ttttf	2 2 1 1 2 3 3 4 4 5 1 5 fftttt
112222ftf	0112234444ttttf	2 2 1 1 2 3 3 4 4 5 1 1 fftttt
112222ftf	0112323444ttttf	2 2 1 1 2 3 3 4 5 4 5 1 fftttt
112222ftf	0112324344ttttf	2 2 1 1 2 3 3 4 5 4 1 5 fftttt
112222ftf	0112324444ttttf	2 2 1 1 2 3 3 4 5 4 1 1 fftttt
112222ftf	0112333444ttttf	2 2 1 1 2 3 3 4 5 5 5 1 fftttt
112222ftf	0112334344ttttf	2 2 1 1 2 3 3 4 5 5 1 5 fftttt
112222ftf	0112334444ttttf	2 2 1 1 2 3 3 4 5 5 1 1 fftttt
112222ftf	0112343333tttft	2 2 1 1 2 3 3 4 1 5 1 1 fftttt
112222ftf	0112344444ttttf	2 2 1 1 2 3 3 4 5 1 1 1 fftttt
112222ftf	0121233444ttttf	2 2 1 1 2 3 4 3 4 5 5 1 fftttt
112222ftf	0121234344ttttf	2 2 1 1 2 3 4 3 4 5 1 5 fftttt
112222ftf	0121234444ttttf	2 2 1 1 2 3 4 3 4 5 1 1 fftttt
112222ftf	0121323444ttttf	2 2 1 1 2 3 4 3 5 4 5 1 fftttt
112222ftf	0121324344ttttf	2 2 1 1 2 3 4 3 5 4 1 5 fftttt
112222ftf	0121324444ttttf	2 2 1 1 2 3 4 3 5 4 1 1 fftttt
112222ftf	0121333444ttttf	2 2 1 1 2 3 4 3 5 5 5 1 fftttt
112222ftf	0121334344ttttf	2 2 1 1 2 3 4 3 5 5 1 5 fftttt
112222ftf	0121334444ttttf	2 2 1 1 2 3 4 3 5 5 1 1 fftttt
112222ftf	0121343333tttft	2 2 1 1 2 3 4 3 1 5 1 1 fftttt
112222ftf	0121344444ttttf	2 2 1 1 2 3 4 3 5 1 1 1 fftttt
112222ftf	0122233444ttttf	2 2 1 1 2 3 4 4 4 5 5 1 fftttt
112222ftf	0122234344ttttf	2 2 1 1 2 3 4 4 4 5 1 5 fftttt
112222ftf	0122234444ttttf	2 2 1 1 2 3 4 4 4 5 1 1 fftttt
112222ftf	0122323444ttttf	2 2 1 1 2 3 4 4 5 4 5 1 fftttt
112222ftf	0122324344ttttf	2 2 1 1 2 3 4 4 5 4 1 5 fftttt
112222ftf	0122324444ttttf	2 2 1 1 2 3 4 4 5 4 1 1 fftttt
112222ftf	0122333444ttttf	2 2 1 1 2 3 4 4 5 5 5 1 fftttt
112222ftf	0122334344ttttf	2 2 1 1 2 3 4 4 5 5 1 5 fftttt
112222ftf	0122334444ttttf	2 2 1 1 2 3 4 4 5 5 1 1 fftttt
112222ftf	0122343333tttft	2 2 1 1 2 3 4 4 1 5 1 1 fftttt
112222ftf	0122344444ttttf	2 2 1 1 2 3 4 4 5 1 1 1 fftttt
112222ftf	0123222422ttftt	2 2 1 1 2 3 1 4 1 5 1 1 fftttt
112222ftf	0123242244ttttf	2 2 1 1 2 3 5 4 5 5 5 1 fftttt
112222ftf	0123244344ttttf	2 2 1 1 2 3 4 5 4 1 1 5 fftttt
112222ftf	0123244444ttttf	2 2 1 1 2 3 4 5 4 1 1 1 fftttt
112222ftf	0123333444ttttf	2 2 1 1 2 3 4 5 5 5 5 1 fftttt
112222ftf	0123334344ttttf	2 2 1 1 2 3 4 5 5 5 1 5 fftttt
112222ftf	0123334444ttttf	2 2 1 1 2 3 4 5 5 5 1 1 fftttt
112222ftf	0123344444ttttf	2 2 1 1 2 3 4 5 5 1 1 1 fftttt
112222ftf	0123422244ttttf	2 2 1 1 2 3 5 4 5 5 1 5 fftttt
112222ftf	0123433333tttft	2 2 1 1 2 3 4 1 5 1 1 1 fftttt
112222ftf	0123434444ttttf	2 2 1 1 2 3 4 5 1 5 1 1 fftttt
112222ftf	0123442244ttttf	2 2 1 1 2 3 5 4 5 5 1 1 fftttt
112222ftf	0123442444ttttf	2 2 1 1 2 3 4 5 1 1 4 1 fftttt
112222ftf	0123444244ttttf	2 2 1 1 2 3 4 5 1 1 1 4 fftttt
112222ftf	0123444344ttttf	2 2 1 1 2 3 4 5 1 1 1 5 fftttt
112222ftf	1112233444ttttf	2 2 1 1 3 3 3 4 4 5 5 1 fftttt
112222ftf	1112234344ttttf	2 2 1 1 3 3 3 4 4 5 1 5 fftttt
112222ftf	1112234444ttttf	2 2 1 1 3 3 3 4 4 5 1 1 fftttt
112222ftf	1112323444ttttf	2 2 1 1 3 3 3 4 5 4 5 1 fftttt
112222ftf	1112324344ttttf	2 2 1 1 3 3 3 4 5 4 1 5 fftttt
112222ftf	1112324444ttttf	2 2 1 1 3 3 3 4 5 4 1 1 fftttt
112222ftf	1112333444ttttf	2 2 1 1 3 3 3 4 5 5 5 1 fftttt
112222ftf	1112334344ttttf	2 2 1 1 3 3 3 4 5 5 1 5 fftttt
112222ftf	1112334444ttttf	2 2 1 1 3 3 3 4 5 5 1 1 fftttt
112222ftf	1112343333tttft	2 2 1 1 3 3 3 4 1 5 1 1 fftttt
112222ftf	1112344444ttttf	2 2 1 1 3 3 3 4 5 1 1 1 fftttt
112222ftf	1122233444ttttf	2 2 1 1 3 3 4 4 4 5 5 1 fftttt
112222ftf	1122234344ttttf	2 2 1 1 3 3 4 4 4 5 1 5 fftttt
112222ftf	1122234444ttttf	2 2 1 1 3 3 4 4 4 5 1 1 fftttt
112222ftf	1122333444ttttf	2 2 1 1 3 3 4 4 5 5 5 1 fftttt
112222ftf	1122334444ttttf	2 2 1 1 3 3 4 4 5 5 1 1 fftttt
112222ftf	1122343333tttft	2 2 1 1 3 3 4 4 1 5 1 1 fftttt
112222ftf	1123222422ttftt	2 2 1 1 3 3 1 4 1 5 1 1 fftttt
112222ftf	1123242244ttttf	2 2 1 1 3 3 5 4 5 5 5 1 fftttt
112222ftf	1123244344ttttf	2 2 1 1 3 3 4 5 4 1 1 5 fftttt
112222ftf	1123244444ttttf	2 2 1 1 3 3 4 5 4 1 1 1 fftttt
112222ftf	1123333444ttttf	2 2 1 1 3 3 4 5 5 5 5 1 fftttt
112222ftf	1123334444ttttf	2 2 1 1 3 3 4 5 5 5 1 1 fftttt
112222ftf	1123344444ttttf	2 2 1 1 3 3 4 5 5 1 1 1 fftttt
112222ftf	1123434444ttttf	2 2 1 1 3 3 4 5 1 5 1 1 fftttt
112222ftf	1211131411tfttt	2 2 1 1 1 3 1 4 1 5 1 1 fftttt
112222ftf	1213113444ttttf	2 2 1 1 4 3 4 4 4 5 5 1 fftttt
112222ftf	1213114344ttttf	2 2 1 1 4 3 4 4 4 5 1 5 fftttt
112222ftf	1213114444ttttf	2 2 1 1 4 3 4 4 4 5 1 1 fftttt
112222ftf	1213143311tttft	2 2 1 1 5 3 5 4 5 5 5 1 fftttt
112222ftf	1213143333tttft	2 2 1 1 4 3 4 5 4 1 1 1 fftttt
112222ftf	1213143334tttft	2 2 1 1 4 3 4 5 4 1 1 5 fftttt
112222ftf	1213244444ttttf	2 2 1 1 3 4 3 5 4 1 1 1 fftttt
112222ftf	1213323444ttttf	2 2 1 1 3 4 3 5 5 4 5 1 fftttt
112222ftf	1213324444ttttf	2 2 1 1 3 4 3 5 5 4 1 1 fftttt
112222ftf	1213333444ttttf	2 2 1 1 3 4 3 5 5 5 5 1 fftttt
112222ftf	1213334344ttttf	2 2 1 1 3 4 3 5 5 5 1 5 fftttt
112222ftf	1213334444ttttf	2 2 1 1 3 4 3 5 5 5 1 1 fftttt
112222ftf	1213343333tttft	2 2 1 1 3 4 3 1 1 5 1 1 fftttt
112222ftf	1213344444ttttf	2 2 1 1 3 4 3 5 5 1 1 1 fftttt
112222ftf	1213423333tttft	2 2 1 1 4 3 5 3 4 1 1 1 fftttt
112222ftf	1213433333tttft	2 2 1 1 3 4 3 1 5 1 1 1 fftttt
112222ftf	1213434444ttttf	2 2 1 1 3 4 3 5 1 5 1 1 fftttt
112222ftf	1213443333tttft	2 2 1 1 4 3 5 5 4 1 1 1 fftttt
112222ftf	1222233444ttttf	2 2 1 1 3 4 4 4 4 5 5 1 fftttt
112222ftf	1222234344ttttf	2 2 1 1 3 4 4 4 4 5 1 5 fftttt
112222ftf	1222234444ttttf	2 2 1 1 3 4 4 4 4 5 1 1 fftttt
112222ftf	1222333444ttttf	2 2 1 1 3 4 4 4 5 5 5 1 fftttt
112222ftf	1222334344ttttf	2 2 1 1 3 4 4 4 5 5 1 5 fftttt
112222ftf	1222334444ttttf	2 2 1 1 3 4 4 4 5 5 1 1 fftttt
112222ftf	1222343333tttft	2 2 1 1 3 4 4 4 1 5 1 1 fftttt
112222ftf	1222344444ttttf	2 2 1 1 3 4 4 4 5 1 1 1 fftttt
112222ftf	1223244444ttttf	2 2 1 1 3 4 4 5 4 1 1 1 fftttt
112222ftf	1223333444ttttf	2 2 1 1 3 4 4 5 5 5 5 1 fftttt
112222ftf	1223334344ttttf	2 2 1 1 3 4 4 5 5 5 1 5 fftttt
112222ftf	1223334444ttttf	2 2 1 1 3 4 4 5 5 5 1 1 fftttt
112222ftf	1223344444ttttf	2 2 1 1 3 4 4 5 5 1 1 1 fftttt
112222ftf	1223433333tttft	2 2 1 1 3 4 4 1 5 1 1 1 fftttt
112222ftf	1223434444ttttf	2 2 1 1 3 4 4 5 1 5 1 1 fftttt
112222ftf	1231143311tttft	2 2 1 1 5 3 5 4 5 5 1 5 fftttt
112222ftf	1232333444ttttf	2 2 1 1 3 4 5 4 5 5 5 1 fftttt
112222ftf	1232334344ttttf	2 2 1 1 3 4 5 4 5 5 1 5 fftttt
112222ftf	1232334444ttttf	2 2 1 1 3 4 5 4 5 5 1 1 fftttt
112222ftf	1232343333tttft	2 2 1 1 3 4 1 4 1 5 1 1 fftttt
112222ftf	1232344444ttttf	2 2 1 1 3 4 5 4 5 1 1 1 fftttt
112222ftf	1232434444ttttf	2 2 1 1 3 4 5 4 1 5 1 1 fftttt
112222ftf	1232442244ttttf	2 2 1 1 3 5 4 5 5 5 1 1 fftttt
112222ftf	1232442444ttttf	2 2 1 1 3 4 5 4 1 1 4 1 fftttt
112222ftf	1232443444ttttf	2 2 1 1 3 4 5 4 1 1 5 1 fftttt
112222ftf	1232444244ttttf	2 2 1 1 3 4 5 4 1 1 1 4 fftttt
112222ftf	1233343331tttft	2 2 1 1 3 4 1 1 1 5 1 3 fftttt
112222ftf	1233344444ttttf	2 2 1 1 3 4 5 5 5 1 1 1 fftttt
112222ftf	1233434444ttttf	2 2 1 1 3 4 5 5 1 5 1 1 fftttt
112222ftf	1234433333tttft	2 2 1 1 3 4 1 5 5 1 1 1 fftttt
112222ftf	1234434444ttttf	2 2 1 1 3 4 5 1 1 5 1 1 fftttt
121111fft	0112233444ttttf	1 2 1 1 2 3 3 4 4 5 5 1 fftttt
121111fft	0112234344ttttf	1 2 1 1 2 3 3 4 4 5 1 5 fftttt
121111fft	0112234444ttttf	1 2 1 1 2 3 3 4 4 5 1 1 fftttt
121111fft	0112323444ttttf	1 2 1 1 2 3 3 4 5 4 5 1 fftttt
121111fft	0112324344ttttf	1 2 1 1 2 3 3 4 5 4 1 5 fftttt
121111fft	0112324444ttttf	1 2 1 1 2 3 3 4 5 4 1 1 fftttt
121111fft	0112333444ttttf	1 2 1 1 2 3 3 4 5 5 5 1 fftttt
121111fft	0112334344ttttf	1 2 1 1 2 3 3 4 5 5 1 5 fftttt
121111fft	0112334444ttttf	1 2 1 1 2 3 3 4 5 5 1 1 fftttt
121111fft	0112343333tttft	1 2 1 1 2 3 3 4 1 5 1 1 fftttt
121111fft	0112344444ttttf	1 2 1 1 2 3 3 4 5 1 1 1 fftttt
121111fft	0121233444ttttf	1 2 1 1 2 3 4 3 4 5 5 1 fftttt
121111fft	0121234344ttttf	1 2 1 1 2 3 4 3 4 5 1 5 fftttt
121111fft	0121234444ttttf	1 2 1 1 2 3 4 3 4 5 1 1 fftttt
121111fft	0121323444ttttf	1 2 1 1 2 3 4 3 5 4 5 1 fftttt
121111fft	0121324344ttttf	1 2 1 1 2 3 4 3 5 4 1 5 fftttt
121111fft	0121324444ttttf	1 2 1 1 2 3 4 3 5 4 1 1 fftttt
121111fft	0121333444ttttf	1 2 1 1 2 3 4 3 5 5 5 1 fftttt
121111fft	0121334344ttttf	1 2 1 1 2 3 4 3 5 5 1 5 fftttt
121111fft	0121334444ttttf	1 2 1 1 2 3 4 3 5 5 1 1 fftttt
121111fft	0121343333tttft	1 2 1 1 2 3 4 3 1 5 1 1 fftttt
121111fft	0121344444ttttf	1 2 1 1 2 3 4 3 5 1 1 1 fftttt
121111fft	0122233444ttttf	1 2 1 1 2 3 4 4 4 5 5 1 fftttt
121111fft	0122234344ttttf	1 2 1 1 2 3 4 4 4 5 1 5 fftttt
121111fft	0122234444ttttf	1 2 1 1 2 3 4 4 4 5 1 1 fftttt
121111fft	0122323444ttttf	1 2 1 1 2 3 4 4 5 4 5 1 fftttt
121111fft	0122324344ttttf	1 2 1 1 2 3 4 4 5 4 1 5 fftttt
121111fft	0122324444ttttf	1 2 1 1 2 3 4 4 5 4 1 1 fftttt
121111fft	0122333444ttttf	1 2 1 1 2 3 4 4 5 5 5 1 fftttt
121111fft	0122334344ttttf	1 2 1 1 2 3 4 4 5 5 1 5 fftttt
121111fft	0122334444ttttf	1 2 1 1 2 3 4 4 5 5 1 1 fftttt
121111fft	0122343333tttft	1 2 1 1 2 3 4 4 1 5 1 1 fftttt
121111fft	0122344444ttttf	1 2 1 1 2 3 4 4 5 1 1 1 fftttt
121111fft	0123222422ttftt	1 2 1 1 2 3 1 4 1 5 1 1 fftttt
121111fft	0123242244ttttf	1 2 1 1 2 3 5 4 5 5 5 1 fftttt
121111fft	0123244344ttttf	1 2 1 1 2 3 4 5 4 1 1 5 fftttt
121111fft	0123244444ttttf	1 2 1 1 2 3 4 5 4 1 1 1 fftttt
121111fft	0123333444ttttf	1 2 1 1 2 3 4 5 5 5 5 1 fftttt
121111fft	0123334344ttttf	1 2 1 1 2 3 4 5 5 5 1 5 fftttt
121111fft	0123334444ttttf	1 2 1 1 2 3 4 5 5 5 1 1 fftttt
121111fft	0123344444ttttf	1 2 1 1 2 3 4 5 5 1 1 1 fftttt
121111fft	0123422244ttttf	1 2 1 1 2 3 5 4 5 5 1 5 fftttt
121111fft	0123433333tttft	1 2 1 1 2 3 4 1 5 1 1 1 fftttt
121111fft	0123434444ttttf	1 2 1 1 2 3 4 5 1 5 1 1 fftttt
121111fft	0123442244ttttf	1 2 1 1 2 3 5 4 5 5 1 1 fftttt
121111fft	0123442444ttttf	1 2 1 1 2 3 4 5 1 1 4 1 fftttt
121111fft	0123444244ttttf	1 2 1 1 2 3 4 5 1 1 1 4 fftttt
121111fft	0123444344ttttf	1 2 1 1 2 3 4 5 1 1 1 5 fftttt
121111fft	1112233444ttttf	1 2 1 1 3 3 3 4 4 5 5 1 fftttt
121111fft	1112234344ttttf	1 2 1 1 3 3 3 4 4 5 1 5 fftttt
121111fft	1112234444ttttf	1 2 1 1 3 3 3 4 4 5 1 1 fftttt
121111fft	1112323444ttttf	1 2 1 1 3 3 3 4 5 4 5 1 fftttt
121111fft	1112324344ttttf	1 2 1 1 3 3 3 4 5 4 1 5 fftttt
121111fft	1112324444ttttf	1 2 1 1 3 3 3 4 5 4 1 1 fftttt
121111fft	1112333444ttttf	1 2 1 1 3 3 3 4 5 5 5 1 fftttt
121111fft	1112334344ttttf	1 2 1 1 3 3 3 4 5 5 1 5 fftttt
121111fft	1112334444ttttf	1 2 1 1 3 3 3 4 5 5 1 1 fftttt
121111fft	1112343333tttft	1 2 1 1 3 3 3 4 1 5 1 1 fftttt
121111fft	1112344444ttttf	1 2 1 1 3 3 3 4 5 1 1 1 fftttt
121111fft	1122233444ttttf	1 2 1 1 3 3 4 4 4 5 5 1 fftttt
121111fft	1122234344ttttf	1 2 1 1 3 3 4 4 4 5 1 5 fftttt
121111fft	1122234444ttttf	1 2 1 1 3 3 4 4 4 5 1 1 fftttt
121111fft	1122333444ttttf	1 2 1 1 3 3 4 4 5 5 5 1 fftttt
121111fft	1122334444ttttf	1 2 1 1 3 3 4 4 5 5 1 1 fftttt
121111fft	1122343333tttft	1 2 1 1 3 3 4 4 1 5 1 1 fftttt
121111fft	1123222422ttftt	1 2 1 1 3 3 1 4 1 5 1 1 fftttt
121111fft	1123242244ttttf	1 2 1 1 3 3 5 4 5 5 5 1 fftttt
121111fft	1123244344ttttf	1 2 1 1 3 3 4 5 4 1 1 5 fftttt
121111fft	1123244444ttttf	1 2 1 1 3 3 4 5 4 1 1 1 fftttt
121111fft	1123333444ttttf	1 2 1 1 3 3 4 5 5 5 5 1 fftttt
121111fft	1123334444ttttf	1 2 1 1 3 3 4 5 5 5 1 1 fftttt
121111fft	1123344444ttttf	1 2 1 1 3 3 4 5 5 1 1 1 fftttt
121111fft	1123434444ttttf	1 2 1 1 3 3 4 5 1 5 1 1 fftttt
121111fft	1211131411tfttt	1 2 1 1 1 3 1 4 1 5 1 1 fftttt
121111fft	1213113444ttttf	1 2 1 1 4 3 4 4 4 5 5 1 fftttt
121111fft	1213114344ttttf	1 2 1 1 4 3 4 4 4 5 1 5 fftttt
121111fft	1213114444ttttf	1 2 1 1 4 3 4 4 4 5 1 1 fftttt
121111fft	1213143311tttft	1 2 1 1 5 3 5 4 5 5 5 1 fftttt
121111fft	1213143333tttft	1 2 1 1 4 3 4 5 4 1 1 1 fftttt
121111fft	1213143334tttft	1 2 1 1 4 3 4 5 4 1 1 5 fftttt
121111fft	1213244444ttttf	1 2 1 1 3 4 3 5 4 1 1 1 fftttt
121111fft	1213323444ttttf	1 2 1 1 3 4 3 5 5 4 5 1 fftttt
121111fft	1213324444ttttf	1 2 1 1 3 4 3 5 5 4 1 1 fftttt
121111fft	1213333444ttttf	1 2 1 1 3 4 3 5 5 5 5 1 fftttt
121111fft	1213334344ttttf	1 2 1 1 3 4 3 5 5 5 1 5 fftttt
121111fft	1213334444ttttf	1 2 1 1 3 4 3 5 5 5 1 1 fftttt
121111fft	1213343333tttft	1 2 1 1 3 4 3 1 1 5 1 1 fftttt
121111fft	1213344444ttttf	1 2 1 1 3 4 3 5 5 1 1 1 fftttt
121111fft	1213423333tttft	1 2 1 1 4 3 5 3 4 1 1 1 fftttt
121111fft	1213433333tttft	1 2 1 1 3 4 3 1 5 1 1 1 fftttt
121111fft	1213434444ttttf	1 2 1 1 3 4 3 5 1 5 1 1 fftttt
121111fft	1213443333tttft	1 2 1 1 4 3 5 5 4 1 1 1 fftttt
121111fft	1222233444ttttf	1 2 1 1 3 4 4 4 4 5 5 1 fftttt
121111fft	1222234344ttttf	1 2 1 1 3 4 4 4 4 5 1 5 fftttt
121111fft	1222234444ttttf	1 2 1 1 3 4 4 4 4 5 1 1 fftttt
121111fft	1222333444ttttf	1 2 1 1 3 4 4 4 5 5 5 1 fftttt
121111fft	1222334344ttttf	1 2 1 1 3 4 4 4 5 5 1 5 fftttt
121111fft	1222334444ttttf	1 2 1 1 3 4 4 4 5 5 1 1 fftttt
121111fft	1222343333tttft	1 2 1 1 3 4 4 4 1 5 1 1 fftttt
121111fft	1222344444ttttf	1 2 1 1 3 4 4 4 5 1 1 1 fftttt
121111fft	1223244444ttttf	1 2 1 1 3 4 4 5 4 1 1 1 fftttt
121111fft	1223333444ttttf	1 2 1 1 3 4 4 5 5 5 5 1 fftttt
121111fft	1223334344ttttf	1 2 1 1 3 4 4 5 5 5 1 5 fftttt
121111fft	1223334444ttttf	1 2 1 1 3 4 4 5 5 5 1 1 fftttt
121111fft	1223344444ttttf	1 2 1 1 3 4 4 5 5 1 1 1 fftttt
121111fft	1223433333tttft	1 2 1 1 3 4 4 1 5 1 1 1 fftttt
121111fft	1223434444ttttf	1 2 1 1 3 4 4 5 1 5 1 1 fftttt
121111fft	1231143311tttft	1 2 1 1 5 3 5 4 5 5 1 5 fftttt
121111fft	1232333444ttttf	1 2 1 1 3 4 5 4 5 5 5 1 fftttt
121111fft	1232334344ttttf	1 2 1 1 3 4 5 4 5 5 1 5 fftttt
121111fft	1232334444ttttf	1 2 1 1 3 4 5 4 5 5 1 1 fftttt
121111fft	1232343333tttft	1 2 1 1 3 4 1 4 1 5 1 1 fftttt
121111fft	1232344444ttttf	1 2 1 1 3 4 5 4 5 1 1 1 fftttt
121111fft	1232434444ttttf	1 2 1 1 3 4 5 4 1 5 1 1 fftttt
121111fft	1232442244ttttf	1 2 1 1 3 5 4 5 5 5 1 1 fftttt
121111fft	1232442444ttttf	1 2 1 1 3 4 5 4 1 1 4 1 fftttt
121111fft	1232443444ttttf	1 2 1 1 3 4 5 4 1 1 5 1 fftttt
121111fft	1232444244ttttf	1 2 1 1 3 4 5 4 1 1 1 4 fftttt
121111fft	1233343331tttft	1 2 1 1 3 4 1 1 1 5 1 3 fftttt
121111fft	1233344444ttttf	1 2 1 1 3 4 5 5 5 1 1 1 fftttt
121111fft	1233434444ttttf	1 2 1 1 3 4 5 5 1 5 1 1 fftttt
121111fft	1234433333tttft	1 2 1 1 3 4 1 5 5 1 1 1 fftttt
121111fft	1234434444ttttf	1 2 1 1 3 4 5 1 1 5 1 1 fftttt
121121fft	0112233444ttttf	1 2 1 1 2 3 3 4 4 5 5 1 fftttt
121121fft	0112234344ttttf	1 2 1 1 2 3 3 4 4 5 1 5 fftttt
121121fft	0112234444ttttf	1 2 1 1 2 3 3 4 4 5 1 1 fftttt
121121fft	0112323444ttttf	1 2 1 1 2 3 3 4 5 4 5 1 fftttt
121121fft	0112324344ttttf	1 2 1 1 2 3 3 4 5 4 1 5 fftttt
121121fft	0112324444ttttf	1 2 1 1 2 3 3 4 5 4 1 1 fftttt
121121fft	0112333444ttttf	1 2 1 1 2 3 3 4 5 5 5 1 fftttt
121121fft	0112334344ttttf	1 2 1 1 2 3 3 4 5 5 1 5 fftttt
121121fft	0112334444ttttf	1 2 1 1 2 3 3 4 5 5 1 1 fftttt
121121fft	0112343333tttft	1 2 1 1 2 3 3 4 1 5 1 1 fftttt
121121fft	0112344444ttttf	1 2 1 1 2 3 3 4 5 1 1 1 fftttt
121121fft	0121233444ttttf	1 2 1 1 2 3 4 3 4 5 5 1 fftttt
121121fft	0121234344ttttf	1 2 1 1 2 3 4 3 4 5 1 5 fftttt
121121fft	0121234444ttttf	1 2 1 1 2 3 4 3 4 5 1 1 fftttt
121121fft	0121323444ttttf	1 2 1 1 2 3 4 3 5 4 5 1 fftttt
121121fft	0121324344ttttf	1 2 1 1 2 3 4 3 5 4 1 5 fftttt
121121fft	0121324444ttttf	1 2 1 1 2 3 4 3 5 4 1 1 fftttt
121121fft	0121333444ttttf	1 2 1 1 2 3 4 3 5 5 5 1 fftttt
121121fft	0121334344ttttf	1 2 1 1 2 3 4 3 5 5 1 5 fftttt
121121fft	0121334444ttttf	1 2 1 1 2 3 4 3 5 5 1 1 fftttt
121121fft	0121343333tttft	1 2 1 1 2 3 4 3 1 5 1 1 fftttt
121121fft	0121344444ttttf	1 2 1 1 2 3 4 3 5 1 1 1 fftttt
121121fft	0122233444ttttf	1 2 1 1 2 3 4 4 4 5 5 1 fftttt
121121fft	0122234344ttttf	1 2 1 1 2 3 4 4 4 5 1 5 fftttt
121121fft	0122234444ttttf	1 2 1 1 2 3 4 4 4 5 1 1 fftttt
121121fft	0122323444ttttf	1 2 1 1 2 3 4 4 5 4 5 1 fftttt
121121fft	0122324344ttttf	1 2 1 1 2 3 4 4 5 4 1 5 fftttt
121121fft	0122324444ttttf	1 2 1 1 2 3 4 4 5 4 1 1 fftttt
121121fft	0122333444ttttf	1 2 1 1 2 3 4 4 5 5 5 1 fftttt
121121fft	0122334344ttttf	1 2 1 1 2 3 4 4 5 5 1 5 fftttt
121121fft	0122334444ttttf	1 2 1 1 2 3 4 4 5 5 1 1 fftttt
121121fft	0122343333tttft	1 2 1 1 2 3 4 4 1 5 1 1 fftttt
121121fft	0122344444ttttf	1 2 1 1 2 3 4 4 5 1 1 1 fftttt
121121fft	0123222422ttftt	1 2 1 1 2 3 1 4 1 5 1 1 fftttt
121121fft	0123242244ttttf	1 2 1 1 2 3 5 4 5 5 5 1 fftttt
121121fft	0123244344ttttf	1 2 1 1 2 3 4 5 4 1 1 5 fftttt
121121fft	0123244444ttttf	1 2 1 1 2 3 4 5 4 1 1 1 fftttt
121121fft	0123333444ttttf	1 2 1 1 2 3 4 5 5 5 5 1 fftttt
121121fft	0123334344ttttf	1 2 1 1 2 3 4 5 5 5 1 5 fftttt
121121fft	0123334444ttttf	1 2 1 1 2 3 4 5 5 5 1 1 fftttt
121121fft	0123344444ttttf	1 2 1 1 2 3 4 5 5 1 1 1 fftttt
121121fft	0123422244ttttf	1 2 1 1 2 3 5 4 5 5 1 5 fftttt
121121fft	0123433333tttft	1 2 1 1 2 3 4 1 5 1 1 1 fftttt
121121fft	0123434444ttttf	1 2 1 1 2 3 4 5 1 5 1 1 fftttt
121121fft	0123442244ttttf	1 2 1 1 2 3 5 4 5 5 1 1 fftttt
121121fft	0123442444ttttf	1 2 1 1 2 3 4 5 1 1 4 1 fftttt
121121fft	0123444244ttttf	1 2 1 1 2 3 4 5 1 1 1 4 fftttt
121121fft	0123444344ttttf	1 2 1 1 2 3 4 5 1 1 1 5 fftttt
121121fft	1112233444ttttf	1 2 1 1 2 3 3 4 4 5 5 1 fftttt
121121fft	1112234344ttttf	1 2 1 1 2 3 3 4 4 5 1 5 fftttt
121121fft	1112234444ttttf	1 2 1 1 2 3 3 4 4 5 1 1 fftttt
121121fft	1112323444ttttf	1 2 1 1 2 3 3 4 5 4 5 1 fftttt
121121fft	1112324344ttttf	1 2 1 1 2 3 3 4 5 4 1 5 fftttt
121121fft	1112324444ttttf	1 2 1 1 2 3 3 4 5 4 1 1 fftttt
121121fft	1112333444ttttf	1 2 1 1 2 3 3 4 5 5 5 1 fftttt
121121fft	1112334344ttttf	1 2 1 1 2 3 3 4 5 5 1 5 fftttt
121121fft	1112334444ttttf	1 2 1 1 2 3 3 4 5 5 1 1 fftttt
121121fft	1112343333tttft	1 2 1 1 2 3 3 4 1 5 1 1 fftttt
121121fft	1112344444ttttf	1 2 1 1 2 3 3 4 5 1 1 1 fftttt
121121fft	1122233444ttttf	1 2 1 1 2 3 4 4 4 5 5 1 fftttt
121121fft	1122234344ttttf	1 2 1 1 2 3 4 4 4 5 1 5 fftttt
121121fft	1122234444ttttf	1 2 1 1 2 3 4 4 4 5 1 1 fftttt
121121fft	1122333444ttttf	1 2 1 1 2 3 4 4 5 5 5 1 fftttt
121121fft	1122334444ttttf	1 2 1 1 2 3 4 4 5 5 1 1 fftttt
121121fft	1122343333tttft	1 2 1 1 2 3 4 4 1 5 1 1 fftttt
121121fft	1123222422ttftt	1 2 1 1 2 3 1 4 1 5 1 1 fftttt
121121fft	1123242244ttttf	1 2 1 1 2 3 5 4 5 5 5 1 fftttt
121121fft	1123244344ttttf	1 2 1 1 2 3 4 5 4 1 1 5 fftttt
121121fft	1123244444ttttf	1 2 1 1 2 3 4 5 4 1 1 1 fftttt
121121fft	1123333444ttttf	1 2 1 1 2 3 4 5 5 5 5 1 fftttt
121121fft	1123334444ttttf	1 2 1 1 2 3 4 5 5 5 1 1 fftttt
121121fft	1123344444ttttf	1 2 1 1 2 3 4 5 5 1 1 1 fftttt
121121fft	1123434444ttttf	1 2 1 1 2 3 4 5 1 5 1 1 fftttt
121121fft	1211131411tfttt	1 2 1 1 2 3 1 4 1 5 1 1 fftttt
121121fft	1213113444ttttf	1 2 1 1 2 3 4 4 4 5 5 1 fftttt
121121fft	1213114344ttttf	1 2 1 1 2 3 4 4 4 5 1 5 fftttt
121121fft	1213114444ttttf	1 2 1 1 2 3 4 4 4 5 1 1 fftttt
121121fft	1213143311tttft	1 2 1 1 2 3 5 4 5 5 5 1 fftttt
121121fft	1213143333tttft	1 2 1 1 2 3 4 5 4 1 1 1 fftttt
121121fft	1213143334tttft	1 2 1 1 2 3 4 5 4 1 1 5 fftttt
121121fft	1231143311tttft	1 2 1 1 2 3 5 4 5 5 1 5 fftttt
121121fft	1233343331tttft	1 2 1 1 2 4 1 1 1 5 1 3 fftttt
