112222ftf	011222ttf	2 2 1 1 2 3 3 1 fftt
112222ftf	012122ttf	2 2 1 1 2 3 1 3 fftt
112222ftf	012222ttf	2 2 1 1 2 3 1 1 fftt
112222ftf	111222ttf	2 2 1 1 3 3 3 1 fftt
112222ftf	112222ttf	2 2 1 1 3 3 1 1 fftt
112222ftf	121111tft	2 2 1 1 1 3 1 1 fftt
121111fft	011222ttf	1 2 1 1 2 3 3 1 fftt
121111fft	012122ttf	1 2 1 1 2 3 1 3 fftt
121111fft	012222ttf	1 2 1 1 2 3 1 1 fftt
121111fft	111222ttf	1 2 1 1 3 3 3 1 fftt
121111fft	112222ttf	1 2 1 1 3 3 1 1 fftt
121111fft	121111tft	1 2 1 1 1 3 1 1 fftt
121121fft	011222ttf	1 2 1 1 2 3 3 1 fftt
121121fft	012122ttf	1 2 1 1 2 3 1 3 fftt
121121fft	012222ttf	1 2 1 1 2 3 1 1 fftt
121121fft	111222ttf	1 2 1 1 2 3 3 1 fftt
121121fft	112222ttf	1 2 1 1 2 3 1 1 fftt
121121fft	121111tft	1 2 1 1 2 3 1 1 fftt
