12113123fftf	0112233444ttttf	1 3 1 1 3 2 4 5 3 6 5 7 3 8 7 9 3 10 9 1 3 2 ffftttttttt
12113123fftf	0112234444ttttf	1 3 1 1 3 2 4 5 3 6 5 7 3 8 7 9 3 10 1 1 3 2 ffftttttttt
12113123fftf	0112333444ttttf	1 3 1 1 3 2 4 5 3 6 5 7 3 8 9 9 3 10 9 1 3 2 ffftttttttt
12113123fftf	0112334444ttttf	1 3 1 1 3 2 4 5 3 6 5 7 3 8 9 9 3 10 1 1 3 2 ffftttttttt
12113123fftf	0112343333tttft	1 3 1 1 3 2 4 6 3 5 3 7 6 8 3 10 1 9 1 1 3 2 ffftttttttt
12113123fftf	0122233444ttttf	1 3 1 1 3 2 4 5 3 6 7 7 3 8 7 9 3 10 9 1 3 2 ffftttttttt
12113123fftf	0122234444ttttf	1 3 1 1 3 2 4 5 3 6 7 7 3 8 7 9 3 10 1 1 3 2 ffftttttttt
12113123fftf	0122333444ttttf	1 3 1 1 3 2 4 5 3 6 7 7 3 8 9 9 3 10 9 1 3 2 ffftttttttt
12113123fftf	0122334444ttttf	1 3 1 1 3 2 4 5 3 6 7 7 3 8 9 9 3 10 1 1 3 2 ffftttttttt
12113123fftf	0122343333tttft	1 3 1 1 3 2 4 6 3 5 3 7 8 8 3 10 1 9 1 1 3 2 ffftttttttt
12113123fftf	0123222422ttftt	1 3 1 1 3 2 4 7 3 5 3 6 3 10 1 8 1 9 1 1 3 2 ffftttttttt
12113123fftf	0123242244ttttf	1 3 1 1 3 2 4 6 3 5 3 8 9 7 9 9 3 10 9 1 3 2 ffftttttttt
12113123fftf	0123442244ttttf	1 3 1 1 3 2 4 6 3 5 3 8 9 7 9 9 3 10 1 1 3 2 ffftttttttt
12113123fftf	0123444244ttttf	1 3 1 1 3 2 4 6 3 5 3 7 8 10 3 9 1 1 3 2 1 8 ffftttttttt
