0111tf	010202ttf	2 0 2 1 2 3 2 1 tftt
0111tf	010212tff	3 0 2 1 3 1 3 2 tfft
0111tf	010212ttf	2 0 3 1 2 3 2 1 tftt
0111tf	010222tff	3 0 1 1 3 1 3 2 tfft
0111tf	010222ttf	2 0 1 1 2 3 2 1 tftt
0111tf	011212ttf	2 0 3 1 2 3 3 1 tftt
0111tf	011222ttf	2 0 1 1 2 3 3 1 tftt
0111tf	012101tff	3 0 3 2 1 2 3 2 tfft
0111tf	012101ttf	2 0 2 3 2 3 1 3 tftt
0111tf	012111tft	2 0 3 1 2 1 1 1 tftt
0111tf	012111ttf	2 0 3 3 2 3 1 3 tftt
0111tf	012121ttf	2 0 1 3 2 3 1 3 tftt
0111tf	012122ttf	2 0 1 1 2 3 1 3 tftt
0111tf	012222ttf	2 0 1 1 2 3 1 1 tftt
