0111tf	01020303tttf	2 0 2 1 2 3 2 4 2 1 tfttt
0111tf	01020313tfff	4 0 4 2 3 2 4 1 4 3 tffft
0111tf	01020313ttff	3 0 4 1 3 1 3 4 3 2 tfftt
0111tf	01020313tttf	2 0 3 1 2 3 2 4 2 1 tfttt
0111tf	01020323tfff	4 0 4 2 1 2 4 1 4 3 tffft
0111tf	01020323ttff	3 0 2 1 3 1 3 4 3 2 tfftt
0111tf	01020323tttf	2 0 4 1 2 3 2 4 2 1 tfttt
0111tf	01020333tfff	4 0 4 2 2 2 4 1 4 3 tffft
0111tf	01020333ttff	3 0 1 1 3 1 3 4 3 2 tfftt
0111tf	01020333tttf	2 0 1 1 2 3 2 4 2 1 tfttt
0111tf	01021313tttf	2 0 3 1 2 3 2 4 3 1 tfttt
0111tf	01021323tfff	4 0 3 2 1 2 4 1 4 3 tffft
0111tf	01021323ttff	3 0 2 1 4 1 3 4 3 2 tfftt
0111tf	01021323tttf	2 0 4 1 2 3 2 4 3 1 tfttt
0111tf	01021333tfff	4 0 3 2 2 2 4 1 4 3 tffft
0111tf	01021333ttff	3 0 1 1 4 1 3 4 3 2 tfftt
0111tf	01021333tttf	2 0 1 1 2 3 2 4 3 1 tfttt
0111tf	01022323tttf	2 0 4 1 2 3 2 4 4 1 tfttt
0111tf	01022333tttf	2 0 1 1 2 3 2 4 4 1 tfttt
0111tf	01023201tfff	4 0 4 3 1 2 4 2 4 3 tffft
0111tf	01023201ttff	3 0 3 4 1 2 3 4 3 2 tfftt
0111tf	01023201tttf	2 0 2 3 2 3 2 4 1 4 tfttt
0111tf	01023202ttff	3 0 3 2 1 2 3 4 3 2 tfftt
0111tf	01023202tttf	2 0 2 4 2 3 2 4 1 4 tfttt
0111tf	01023211tfff	4 0 2 1 3 3 4 1 4 3 tffft
0111tf	01023211tfft	3 0 4 1 3 1 3 2 2 2 tfftt
0111tf	01023211ttff	3 0 4 4 1 2 3 4 3 2 tfftt
0111tf	01023211ttft	2 0 3 1 2 4 4 4 2 1 tfttt
0111tf	01023211tttf	2 0 3 3 2 3 2 4 1 4 tfttt
0111tf	01023212tfff	4 0 2 1 3 1 4 1 4 3 tffft
0111tf	01023212tfft	3 0 4 1 3 1 3 2 2 1 tfftt
0111tf	01023212ttff	3 0 4 2 1 2 3 4 3 2 tfftt
0111tf	01023212ttft	2 0 4 1 2 3 2 1 3 1 tfttt
0111tf	01023212tttf	2 0 3 4 2 3 2 4 1 4 tfttt
0111tf	01023221tfff	4 0 2 1 1 3 4 1 4 3 tffft
0111tf	01023221tfft	3 0 4 1 3 1 3 2 1 2 tfftt
0111tf	01023221ttff	3 0 2 4 1 2 3 4 3 2 tfftt
0111tf	01023221ttft	2 0 4 1 2 3 2 1 1 3 tfttt
0111tf	01023221tttf	2 0 4 3 2 3 2 4 1 4 tfttt
0111tf	01023222tfft	3 0 4 1 3 1 3 2 1 1 tfftt
0111tf	01023222ttft	2 0 4 1 2 3 2 1 1 1 tfttt
0111tf	01023222tttf	2 0 4 4 2 3 2 4 1 4 tfttt
0111tf	01023231tfff	4 0 2 1 2 3 4 1 4 3 tffft
0111tf	01023231ttff	3 0 1 4 1 2 3 4 3 2 tfftt
0111tf	01023231tttf	2 0 1 3 2 3 2 4 1 4 tfttt
0111tf	01023232ttft	2 0 4 1 2 3 2 1 4 1 tfttt
0111tf	01023232tttf	2 0 1 4 2 3 2 4 1 4 tfttt
0111tf	01023233tttf	2 0 1 1 2 3 2 4 1 4 tfttt
0111tf	01023333tttf	2 0 1 1 2 3 2 4 1 1 tfttt
0111tf	01121313tttf	2 0 3 1 2 3 3 4 3 1 tfttt
0111tf	01121323ttff	3 0 2 1 4 1 3 4 4 2 tfftt
0111tf	01121323tttf	2 0 4 1 2 3 3 4 3 1 tfttt
0111tf	01121333ttff	3 0 1 1 4 1 3 4 4 2 tfftt
0111tf	01121333tttf	2 0 1 1 2 3 3 4 3 1 tfttt
0111tf	01122323tttf	2 0 4 1 2 3 3 4 4 1 tfttt
0111tf	01122333tttf	2 0 1 1 2 3 3 4 4 1 tfttt
0111tf	01123212ttff	3 0 4 2 1 2 3 4 4 2 tfftt
0111tf	01123212tttf	2 0 3 4 2 3 3 4 1 4 tfttt
0111tf	01123222ttft	2 0 4 1 2 3 3 1 1 1 tfttt
0111tf	01123222tttf	2 0 4 4 2 3 3 4 1 4 tfttt
0111tf	01123232tttf	2 0 1 4 2 3 3 4 1 4 tfttt
0111tf	01123233tttf	2 0 1 1 2 3 3 4 1 4 tfttt
0111tf	01123333tttf	2 0 1 1 2 3 3 4 1 1 tfttt
0111tf	01210321ttff	3 0 2 4 3 1 3 4 2 4 tfftt
0111tf	01210321tttf	2 0 4 3 2 3 4 3 2 1 tfttt
0111tf	01210323ttff	3 0 2 1 3 1 3 4 2 4 tfftt
0111tf	01210323tttf	2 0 4 1 2 3 4 3 2 1 tfttt
0111tf	01210333tfff	4 0 1 1 4 1 2 3 4 3 tffft
0111tf	01210333tftf	3 0 1 1 4 2 3 2 3 1 tfftt
0111tf	01210333ttff	3 0 1 1 3 1 3 4 2 4 tfftt
0111tf	01210333tttf	2 0 1 1 2 3 4 3 2 1 tfttt
0111tf	01211321ttff	3 0 2 4 4 1 3 4 2 4 tfftt
0111tf	01211321tttf	2 0 4 3 2 3 4 3 3 1 tfttt
0111tf	01211323ttff	3 0 2 1 4 1 3 4 2 4 tfftt
0111tf	01211323tttf	2 0 4 1 2 3 4 3 3 1 tfttt
0111tf	01211333tftf	3 0 1 1 4 2 3 2 2 1 tfftt
0111tf	01211333ttff	3 0 1 1 4 1 3 4 2 4 tfftt
0111tf	01211333tttf	2 0 1 1 2 3 4 3 3 1 tfttt
0111tf	01212321ttff	3 0 2 4 2 1 3 4 2 4 tfftt
0111tf	01212321tttf	2 0 4 3 2 3 4 3 4 1 tfttt
0111tf	01212322ttft	2 0 1 4 2 3 1 3 1 1 tfttt
0111tf	01212322tttf	2 0 4 4 2 3 4 3 4 1 tfttt
0111tf	01212323tttf	2 0 4 1 2 3 4 3 4 1 tfttt
0111tf	01212333tftf	3 0 1 1 4 2 3 2 4 1 tfftt
0111tf	01212333tttf	2 0 1 1 2 3 4 3 4 1 tfttt
0111tf	01213101tfff	4 0 2 3 4 3 1 3 4 3 tffft
0111tf	01213101tftf	3 0 3 2 4 2 3 2 1 2 tfftt
0111tf	01213101ttff	3 0 3 4 1 4 3 4 2 4 tfftt
0111tf	01213101tttf	2 0 2 3 2 3 4 3 1 3 tfttt
0111tf	01213111tfft	3 0 4 2 1 2 3 2 2 2 tfftt
0111tf	01213111tftf	3 0 2 2 4 2 3 2 1 2 tfftt
0111tf	01213111tftt	2 0 3 1 2 1 4 1 1 1 tfttt
0111tf	01213111ttff	3 0 4 4 1 4 3 4 2 4 tfftt
0111tf	01213111ttft	2 0 3 4 2 4 4 4 1 4 tfttt
0111tf	01213111tttf	2 0 3 3 2 3 4 3 1 3 tfttt
0111tf	01213121tfft	3 0 4 2 1 2 3 2 1 2 tfftt
0111tf	01213121tttf	2 0 4 3 2 3 4 3 1 3 tfttt
0111tf	01213123ttff	3 0 2 1 1 4 3 4 2 4 tfftt
0111tf	01213123tttf	2 0 4 1 2 3 4 3 1 3 tfttt
0111tf	01213131tftf	3 0 1 2 4 2 3 2 1 2 tfftt
0111tf	01213131tttf	2 0 1 3 2 3 4 3 1 3 tfttt
0111tf	01213132ttff	3 0 1 2 1 4 3 4 2 4 tfftt
0111tf	01213132tttf	2 0 1 4 2 3 4 3 1 3 tfttt
0111tf	01213133tftf	3 0 1 1 4 2 3 2 1 2 tfftt
0111tf	01213133ttff	3 0 1 1 1 4 3 4 2 4 tfftt
0111tf	01213133tttf	2 0 1 1 2 3 4 3 1 3 tfttt
0111tf	01213232tttf	2 0 1 4 2 3 4 3 1 4 tfttt
0111tf	01213233tttf	2 0 1 1 2 3 4 3 1 4 tfttt
0111tf	01213321ttff	3 0 2 4 1 1 3 4 2 4 tfftt
0111tf	01213321tttf	2 0 4 3 2 3 4 3 1 1 tfttt
0111tf	01213323tttf	2 0 4 1 2 3 4 3 1 1 tfttt
0111tf	01213333tftf	3 0 1 1 4 2 3 2 1 1 tfftt
0111tf	01213333tttf	2 0 1 1 2 3 4 3 1 1 tfttt
0111tf	01222323tttf	2 0 4 1 2 3 4 4 4 1 tfttt
0111tf	01222333tttf	2 0 1 1 2 3 4 4 4 1 tfttt
0111tf	01223232tttf	2 0 1 4 2 3 4 4 1 4 tfttt
0111tf	01223233tttf	2 0 1 1 2 3 4 4 1 4 tfttt
0111tf	01223333tttf	2 0 1 1 2 3 4 4 1 1 tfttt
0111tf	01230113tfff	4 0 3 1 4 3 2 1 4 3 tffft
0111tf	01230123ttff	3 0 2 1 3 4 3 4 2 1 tfftt
0111tf	01230133tfff	4 0 1 1 4 3 2 1 4 3 tffft
0111tf	01230133ttff	3 0 1 1 3 4 3 4 2 1 tfftt
0111tf	01230313tfff	4 0 3 1 4 1 2 1 4 3 tffft
0111tf	01230313tftf	3 0 2 1 4 1 3 2 3 1 tfftt
0111tf	01230313tttf	2 0 3 1 2 3 4 1 2 1 tfttt
0111tf	01230323ttff	3 0 2 1 3 1 3 4 2 1 tfftt
0111tf	01230323tttf	2 0 4 1 2 3 4 1 2 1 tfttt
0111tf	01230333tfff	4 0 1 1 4 1 2 1 4 3 tffft
0111tf	01230333tftf	3 0 1 1 4 1 3 2 3 1 tfftt
0111tf	01230333ttff	3 0 1 1 3 1 3 4 2 1 tfftt
0111tf	01230333tttf	2 0 1 1 2 3 4 1 2 1 tfttt
0111tf	01231123ttff	3 0 2 1 4 4 3 4 2 1 tfftt
0111tf	01231123tttf	2 0 3 1 2 4 4 4 3 1 tfttt
0111tf	01231133tftf	3 0 1 1 4 1 3 2 2 2 tfftt
0111tf	01231133ttff	3 0 1 1 4 4 3 4 2 1 tfftt
0111tf	01231133tttf	2 0 1 1 2 4 4 4 3 1 tfttt
0111tf	01231323ttff	3 0 2 1 4 1 3 4 2 1 tfftt
0111tf	01231333tftf	3 0 1 1 4 1 3 2 2 1 tfftt
0111tf	01231333ttff	3 0 1 1 4 1 3 4 2 1 tfftt
0111tf	01232123ttff	3 0 2 1 2 4 3 4 2 1 tfftt
0111tf	01232133ttff	3 0 1 1 2 4 3 4 2 1 tfftt
0111tf	01232222ttft	2 0 1 1 2 3 1 4 1 1 tfttt
0111tf	01232313tftf	3 0 2 1 4 1 3 2 4 1 tfftt
0111tf	01232333tftf	3 0 1 1 4 1 3 2 4 1 tfftt
0111tf	01233123ttff	3 0 2 1 1 4 3 4 2 1 tfftt
0111tf	01233123tttf	2 0 4 1 2 3 4 1 1 3 tfttt
0111tf	01233133tftf	3 0 1 1 4 1 3 2 1 2 tfftt
0111tf	01233133ttff	3 0 1 1 1 4 3 4 2 1 tfftt
0111tf	01233133tttf	2 0 1 1 2 3 4 1 1 3 tfttt
0111tf	01233323tttf	2 0 4 1 2 3 4 1 1 1 tfttt
0111tf	01233333tftf	3 0 1 1 4 1 3 2 1 1 tfftt
0111tf	01233333tttf	2 0 1 1 2 3 4 1 1 1 tfttt
