0101ft	1122334444ffftf	1 0 1 2 1 3 1 4 1 0 fffft
0101ft	1122343333fffft	1 0 1 2 1 3 1 4 1 0 fffft
0101ft	1122343343fffft	1 0 1 2 1 3 1 4 1 0 fffft
0101ft	1123222422fffft	1 0 1 2 1 3 1 4 1 0 fffft
0101ft	1123222432fffft	1 0 1 2 1 3 1 4 1 0 fffft
0101ft	1123222442fffft	1 0 1 2 1 3 1 4 1 0 fffft
0101ft	1123223422fffft	1 0 1 2 1 3 1 4 1 0 fffft
0101ft	1123223442fffft	1 0 1 2 1 3 1 4 1 0 fffft
0101ft	1123224422fffft	1 0 1 2 1 3 1 4 1 0 fffft
0101ft	1123224432fffft	1 0 1 2 1 3 1 4 1 0 fffft
0101ft	1211131411fffft	1 0 1 2 1 3 1 4 1 0 fffft
0101ft	1211131421fffft	1 0 1 2 1 3 1 4 1 0 fffft
0101ft	1211131431fffft	1 0 1 2 1 3 1 4 1 0 fffft
0101ft	1211131441fffft	1 0 1 2 1 3 1 4 1 0 fffft
0101ft	1211132411fffft	1 0 1 2 1 3 1 4 1 0 fffft
0101ft	1211132431fffft	1 0 1 2 1 3 1 4 1 0 fffft
0101ft	1211132441fffft	1 0 1 2 1 3 1 4 1 0 fffft
0101ft	1211133411fffft	1 0 1 2 1 3 1 4 1 0 fffft
0101ft	1211133421fffft	1 0 1 2 1 3 1 4 1 0 fffft
0101ft	1211133441fffft	1 0 1 2 1 3 1 4 1 0 fffft
0101ft	1211134411fffft	1 0 1 2 1 3 1 4 1 0 fffft
0101ft	1211134421fffft	1 0 1 2 1 3 1 4 1 0 fffft
0101ft	1211134431fffft	1 0 1 2 1 3 1 4 1 0 fffft
0101ft	1211231411fffft	1 0 1 2 1 3 1 4 1 0 fffft
0101ft	1211231431fffft	1 0 1 2 1 3 1 4 1 0 fffft
0101ft	1211231441fffft	1 0 1 2 1 3 1 4 1 0 fffft
0101ft	1211233411fffft	1 0 1 2 1 3 1 4 1 0 fffft
0101ft	1211233441fffft	1 0 1 2 1 3 1 4 1 0 fffft
0101ft	1211234411fffft	1 0 1 2 1 3 1 4 1 0 fffft
0101ft	1211234431fffft	1 0 1 2 1 3 1 4 1 0 fffft
0101ft	1211331411fffft	1 0 1 2 1 3 1 4 1 0 fffft
0101ft	1211331421fffft	1 0 1 2 1 3 1 4 1 0 fffft
0101ft	1211331441fffft	1 0 1 2 1 3 1 4 1 0 fffft
0101ft	1211332411fffft	1 0 1 2 1 3 1 4 1 0 fffft
0101ft	1211332441fffft	1 0 1 2 1 3 1 4 1 0 fffft
0101ft	1211334411fffft	1 0 1 2 1 3 1 4 1 0 fffft
0101ft	1211334421fffft	1 0 1 2 1 3 1 4 1 0 fffft
0101ft	1211341113ffftf	1 0 1 2 1 3 1 4 1 0 fffft
0101ft	1211341123ffftf	1 0 1 2 1 3 1 4 1 0 fffft
0101ft	1211341143ffftf	1 0 1 2 1 3 1 4 1 0 fffft
0101ft	1211342113ffftf	1 0 1 2 1 3 1 4 1 0 fffft
0101ft	1211342143ffftf	1 0 1 2 1 3 1 4 1 0 fffft
0101ft	1211344113ffftf	1 0 1 2 1 3 1 4 1 0 fffft
0101ft	1211344123ffftf	1 0 1 2 1 3 1 4 1 0 fffft
0101ft	1223314444ffftf	1 0 1 2 1 3 1 4 1 0 fffft
0101ft	1223343331ftfff	1 0 1 2 1 3 1 4 1 0 fffft
0101ft	1223343341ftfff	1 0 1 2 1 3 1 4 1 0 fffft
0101ft	1223443331ftfff	1 0 1 2 1 3 1 4 1 0 fffft
0101ft	1233343321ftfff	1 0 1 2 1 3 1 4 1 0 fffft
0101ft	1233343331ftfff	1 0 1 2 1 3 1 4 1 0 fffft
0101ft	1233343341ftfff	1 0 1 2 1 3 1 4 1 0 fffft
