010202fft	1211233441fffft	1 0 2 0 2 3 4 5 2 5 6 7 2 7 8 0 2 0 ffffffftt
010202fft	1211234134ffftf	1 0 2 0 2 4 2 6 5 7 2 7 8 6 3 0 2 0 ffffffftt
010202fft	1211234431fffft	1 0 2 0 2 3 4 5 2 5 8 7 2 7 6 0 2 0 ffffffftt
010202fft	1211312443fftff	1 0 5 0 5 3 4 6 5 6 5 7 8 3 2 0 5 0 ffffffftt
010202fft	1211314324fftff	2 0 4 1 5 0 5 1 5 6 5 7 8 6 3 0 5 0 ffffffftt
010202fft	1211314423fftff	1 0 5 0 5 3 2 6 5 6 5 7 8 3 4 0 5 0 ffffffftt
010202fft	1211332441fffft	1 0 2 0 2 3 6 5 2 5 4 7 2 7 8 0 2 0 ffffffftt
010202fft	1211334124ffftf	1 0 3 0 3 4 3 5 6 4 8 7 3 7 2 0 3 0 ffffffftt
010202fft	1211334421fffft	1 0 2 0 2 3 6 5 2 5 8 7 2 7 4 0 2 0 ffffffftt
010202fft	1211342143ffftf	1 0 2 0 2 4 2 5 8 5 6 7 2 7 3 0 2 0 ffffffftt
010202fft	1211342341fffft	1 0 3 0 3 4 3 5 6 4 2 7 3 7 8 0 3 0 ffffffftt
010202fft	1211344123ffftf	1 0 2 0 2 4 2 5 8 5 3 7 2 7 6 0 2 0 ffffffftt
010202fft	1211344321fffft	1 0 2 0 2 4 2 6 3 7 2 7 8 6 5 0 2 0 ffffffftt
012101fft	1122334444ffftf	1 0 1 2 4 3 6 5 6 2 8 7 8 2 1 0 1 2 ffffffftt
012101fft	1123344244ffftf	1 0 1 2 3 4 6 2 6 7 8 0 8 2 1 5 1 2 ffffffftt
012101fft	1211334421fffft	1 0 1 2 1 3 6 5 6 2 8 7 8 2 4 0 4 2 ffffffftt
012101fft	1211334421ffftf	1 0 1 2 1 5 6 0 6 2 8 7 8 2 4 3 4 2 ffffffftt
012101fft	1211334421fftff	1 0 1 4 6 5 6 4 1 7 8 0 8 4 3 2 3 4 ffffffftt
012101fft	1211344123fffft	1 0 1 2 1 4 6 2 6 7 8 0 8 2 3 5 3 2 ffffffftt
012101fft	1211344123ffftf	1 0 1 2 1 4 5 2 8 6 8 2 5 7 3 0 3 2 ffffffftt
012101fft	1211344123fftff	1 0 1 4 6 0 6 4 1 7 8 2 8 4 3 5 3 4 ffffffftt
012101fft	1223314444ffftf	1 0 1 2 3 5 6 2 6 7 8 4 8 2 1 0 1 2 ffffffftt
012101fft	1223443331fffft	1 0 1 2 4 5 6 0 6 2 8 7 8 2 1 3 1 2 ffffffftt
012101fft	1234432144fftff	1 0 1 4 6 0 6 4 3 7 8 2 8 4 1 5 1 4 ffffffftt
