01020303ffft	12112331ffft	1 0 2 0 3 0 3 4 5 7 6 7 3 7 8 0 9 0 3 0 fffffffttt
01020303ffft	12113123fftf	1 0 2 0 4 0 4 5 4 7 8 5 9 5 6 0 3 0 4 0 fffffffttt
01020303ffft	12113321ffft	1 0 2 0 3 0 3 4 8 7 9 7 3 7 5 0 6 0 3 0 fffffffttt
01023201ffft	12113123ffft	1 0 2 0 2 3 1 4 8 0 9 0 9 3 5 7 6 7 6 3 fffffffttt
01023201ffft	12113123fftf	1 0 2 0 2 3 1 7 8 4 9 4 9 3 5 0 6 0 6 3 fffffffttt
01023201ffft	12113321ffft	1 0 2 0 2 3 1 4 8 7 9 7 9 3 5 0 6 0 6 3 fffffffttt
01023201ffft	12113321fftf	1 0 2 0 2 3 1 7 8 0 9 0 9 3 5 4 6 4 6 3 fffffffttt
01023202ffft	12113123ffft	1 0 2 0 2 3 2 4 8 0 9 0 9 3 5 7 6 7 6 3 fffffffttt
01023202ffft	12113123fftf	1 0 2 0 2 3 2 7 8 4 9 4 9 3 5 0 6 0 6 3 fffffffttt
01023202ffft	12113321ffft	1 0 2 0 2 3 2 4 8 7 9 7 9 3 5 0 6 0 6 3 fffffffttt
01023202ffft	12113321fftf	1 0 2 0 2 3 2 7 8 0 9 0 9 3 5 4 6 4 6 3 fffffffttt
