01020303ffft	1211233441fffft	1 0 2 0 3 0 3 4 5 7 6 7 3 7 8 10 9 10 3 10 11 0 12 0 3 0 ffffffffffttt
01020303ffft	1211234134ffftf	1 0 2 0 3 0 3 5 3 8 6 10 7 10 3 10 11 8 12 8 9 0 4 0 3 0 ffffffffffttt
01020303ffft	1211234431fffft	1 0 2 0 3 0 3 4 5 7 6 7 3 7 11 10 12 10 3 10 8 0 9 0 3 0 ffffffffffttt
01020303ffft	1211312443fftff	1 0 2 0 7 0 7 4 5 8 6 8 7 8 7 10 11 4 12 4 9 0 3 0 7 0 ffffffffffttt
01020303ffft	1211314324fftff	1 0 3 0 6 5 7 0 7 5 9 5 7 8 7 10 11 8 12 8 2 0 4 0 7 0 ffffffffffttt
01020303ffft	1211314423fftff	1 0 2 0 7 0 7 4 9 8 3 8 7 8 7 10 11 4 12 4 5 0 6 0 7 0 ffffffffffttt
01020303ffft	1211332441fffft	1 0 2 0 3 0 3 4 8 7 9 7 3 7 5 10 6 10 3 10 11 0 12 0 3 0 ffffffffffttt
01020303ffft	1211334124ffftf	1 0 2 0 4 0 4 5 4 7 8 5 9 5 11 10 12 10 4 10 6 0 3 0 4 0 ffffffffffttt
01020303ffft	1211334421fffft	1 0 2 0 3 0 3 4 8 7 9 7 3 7 11 10 12 10 3 10 5 0 6 0 3 0 ffffffffffttt
01020303ffft	1211342143ffftf	1 0 2 0 3 0 3 5 3 7 11 7 12 7 8 10 9 10 3 10 6 0 4 0 3 0 ffffffffffttt
01020303ffft	1211342341fffft	1 0 2 0 4 0 4 5 4 7 8 5 9 5 6 10 3 10 4 10 11 0 12 0 4 0 ffffffffffttt
01020303ffft	1211344123ffftf	1 0 2 0 3 0 3 5 3 7 11 7 12 7 6 10 4 10 3 10 8 0 9 0 3 0 ffffffffffttt
01020303ffft	1211344321fffft	1 0 2 0 3 0 3 5 3 8 9 10 4 10 3 10 11 8 12 8 6 0 7 0 3 0 ffffffffffttt
01023201ffft	1211314324fffft	1 0 2 0 2 3 1 4 8 0 9 0 9 3 11 7 12 7 12 3 5 10 6 10 6 3 ffffffffffttt
01023201ffft	1211314324ffftf	1 0 2 0 2 3 1 7 8 4 9 4 9 3 11 0 12 0 12 3 5 10 6 10 6 3 ffffffffffttt
01023201ffft	1211314324fftff	1 0 2 0 2 6 8 3 9 3 9 6 1 10 11 7 12 7 12 6 4 0 5 0 5 6 ffffffffffttt
01023201ffft	1211314423fffft	1 0 2 0 2 3 1 4 8 0 9 0 9 3 11 10 12 10 12 3 5 7 6 7 6 3 ffffffffffttt
01023201ffft	1211314423ffftf	1 0 2 0 2 3 1 5 7 3 11 0 12 0 12 3 6 10 7 10 9 8 4 8 4 3 ffffffffffttt
01023201ffft	1211314423fftff	1 0 2 0 2 6 8 7 9 7 9 6 1 10 11 3 12 3 12 6 4 0 5 0 5 6 ffffffffffttt
01023201ffft	1211334124fffft	1 0 2 0 2 3 1 4 8 7 9 7 9 3 11 0 12 0 12 3 5 10 6 10 6 3 ffffffffffttt
01023201ffft	1211334124ffftf	1 0 2 0 2 3 1 7 8 4 9 4 9 3 11 10 12 10 12 3 5 0 6 0 6 3 ffffffffffttt
01023201ffft	1211334124fftff	1 0 2 0 2 6 8 0 9 0 9 6 1 10 11 7 12 7 12 6 4 3 5 3 5 6 ffffffffffttt
01023201ffft	1211334421fffft	1 0 2 0 2 3 1 4 8 7 9 7 9 3 11 10 12 10 12 3 5 0 6 0 6 3 ffffffffffttt
01023201ffft	1211334421ffftf	1 0 2 0 2 3 1 7 8 0 9 0 9 3 11 10 12 10 12 3 5 4 6 4 6 3 ffffffffffttt
01023201ffft	1211334421fftff	1 0 2 0 2 6 8 7 9 7 9 6 1 10 11 0 12 0 12 6 4 3 5 3 5 6 ffffffffffttt
01023201ffft	1211344123fffft	1 0 2 0 2 3 1 5 9 3 8 10 9 10 11 0 12 0 12 3 6 7 4 7 4 3 ffffffffffttt
01023201ffft	1211344123ffftf	1 0 2 0 2 3 1 5 7 3 11 8 12 8 12 3 6 10 7 10 9 0 4 0 4 3 ffffffffffttt
01023201ffft	1211344123fftff	1 0 2 0 2 6 8 0 9 0 9 6 1 10 11 3 12 3 12 6 4 7 5 7 5 6 ffffffffffttt
01023201ffft	1211344321fffft	1 0 2 0 2 3 1 5 9 3 8 10 9 10 11 7 12 7 12 3 6 0 4 0 4 3 ffffffffffttt
01023201ffft	1211344321ffftf	1 0 2 0 2 3 1 7 8 0 9 0 9 3 11 4 12 4 12 3 5 10 6 10 6 3 ffffffffffttt
01023201ffft	1211344321fftff	1 0 2 0 2 6 8 3 9 3 9 6 1 10 11 0 12 0 12 6 4 7 5 7 5 6 ffffffffffttt
01023202ffft	1211314324fffft	1 0 2 0 2 3 2 4 8 0 9 0 9 3 11 7 12 7 12 3 5 10 6 10 6 3 ffffffffffttt
01023202ffft	1211314324ffftf	1 0 2 0 2 3 2 7 8 4 9 4 9 3 11 0 12 0 12 3 5 10 6 10 6 3 ffffffffffttt
01023202ffft	1211314324fftff	1 0 2 0 2 6 8 3 9 3 9 6 2 10 11 7 12 7 12 6 4 0 5 0 5 6 ffffffffffttt
01023202ffft	1211314423fffft	1 0 2 0 2 3 2 4 8 0 9 0 9 3 11 10 12 10 12 3 5 7 6 7 6 3 ffffffffffttt
01023202ffft	1211314423ffftf	1 0 2 0 2 3 2 5 7 3 11 0 12 0 12 3 6 10 7 10 9 8 4 8 4 3 ffffffffffttt
01023202ffft	1211314423fftff	1 0 2 0 2 6 8 7 9 7 9 6 2 10 11 3 12 3 12 6 4 0 5 0 5 6 ffffffffffttt
01023202ffft	1211334124fffft	1 0 2 0 2 3 2 4 8 7 9 7 9 3 11 0 12 0 12 3 5 10 6 10 6 3 ffffffffffttt
01023202ffft	1211334124ffftf	1 0 2 0 2 3 2 7 8 4 9 4 9 3 11 10 12 10 12 3 5 0 6 0 6 3 ffffffffffttt
01023202ffft	1211334124fftff	1 0 2 0 2 6 8 0 9 0 9 6 2 10 11 7 12 7 12 6 4 3 5 3 5 6 ffffffffffttt
01023202ffft	1211334421fffft	1 0 2 0 2 3 2 4 8 7 9 7 9 3 11 10 12 10 12 3 5 0 6 0 6 3 ffffffffffttt
01023202ffft	1211334421ffftf	1 0 2 0 2 3 2 7 8 0 9 0 9 3 11 10 12 10 12 3 5 4 6 4 6 3 ffffffffffttt
01023202ffft	1211334421fftff	1 0 2 0 2 6 8 7 9 7 9 6 2 10 11 0 12 0 12 6 4 3 5 3 5 6 ffffffffffttt
01023202ffft	1211344123fffft	1 0 2 0 2 3 2 5 9 3 8 10 9 10 11 0 12 0 12 3 6 7 4 7 4 3 ffffffffffttt
01023202ffft	1211344123ffftf	1 0 2 0 2 3 2 5 7 3 11 8 12 8 12 3 6 10 7 10 9 0 4 0 4 3 ffffffffffttt
01023202ffft	1211344123fftff	1 0 2 0 2 6 8 0 9 0 9 6 2 10 11 3 12 3 12 6 4 7 5 7 5 6 ffffffffffttt
01023202ffft	1211344321fffft	1 0 2 0 2 3 2 5 9 3 8 10 9 10 11 7 12 7 12 3 6 0 4 0 4 3 ffffffffffttt
01023202ffft	1211344321ffftf	1 0 2 0 2 3 2 7 8 0 9 0 9 3 11 4 12 4 12 3 5 10 6 10 6 3 ffffffffffttt
01023202ffft	1211344321fftff	1 0 2 0 2 6 8 3 9 3 9 6 2 10 11 0 12 0 12 6 4 7 5 7 5 6 ffffffffffttt
