0102030404fffft	1211233441fffft	1 0 2 0 3 0 4 0 4 5 6 10 7 10 8 10 4 10 4 13 11 13 12 13 9 13 14 0 15 0 16 0 4 0 ffffffffffffftttt
0102030404fffft	1211234134ffftf	1 0 2 0 3 0 4 0 4 6 4 10 7 15 8 15 9 15 4 15 16 10 14 10 13 10 4 0 5 0 11 0 12 0 ffffffffffffftttt
0102030404fffft	1211234431fffft	1 0 2 0 3 0 4 0 4 5 6 9 7 9 8 9 4 9 14 13 15 13 16 13 4 13 10 0 11 0 12 0 4 0 ffffffffffffftttt
0102030404fffft	1211312443fftff	1 0 2 0 4 0 9 5 9 0 6 10 7 10 8 10 9 10 9 13 14 5 15 5 16 5 11 0 12 0 3 0 9 0 ffffffffffffftttt
0102030404fffft	1211314324fftff	1 0 2 0 5 0 8 6 9 6 9 0 11 6 12 6 9 10 9 13 14 10 15 10 16 10 7 0 3 0 4 0 9 0 ffffffffffffftttt
0102030404fffft	1211314423fftff	1 0 2 0 3 0 9 0 9 5 11 10 12 10 4 10 9 10 9 13 14 5 15 5 16 5 6 0 7 0 8 0 9 0 ffffffffffffftttt
0102030404fffft	1211332441fffft	1 0 2 0 3 0 4 0 4 5 11 10 12 10 9 10 4 10 4 13 6 13 7 13 8 13 14 0 15 0 16 0 4 0 ffffffffffffftttt
0102030404fffft	1211334124ffftf	1 0 2 0 3 0 5 0 5 6 5 9 10 6 11 6 12 6 15 14 16 14 13 14 5 14 5 0 7 0 8 0 4 0 ffffffffffffftttt
0102030404fffft	1211334421fffft	1 0 2 0 3 0 4 0 4 5 10 9 11 9 12 9 4 9 14 13 15 13 16 13 4 13 6 0 7 0 8 0 4 0 ffffffffffffftttt
0102030404fffft	1211342143ffftf	1 0 2 0 3 0 4 0 4 6 4 9 16 9 14 9 13 9 10 15 11 15 12 15 4 15 4 0 5 0 7 0 8 0 ffffffffffffftttt
0102030404fffft	1211342341fffft	1 0 2 0 4 0 5 6 5 0 5 9 10 6 11 6 12 6 7 13 8 13 3 13 5 13 14 0 15 0 16 0 5 0 ffffffffffffftttt
0102030404fffft	1211344123ffftf	1 0 2 0 3 0 4 0 4 6 4 9 15 9 16 9 13 9 7 14 8 14 5 14 4 14 4 0 10 0 11 0 12 0 ffffffffffffftttt
0102030404fffft	1211344321fffft	1 0 2 0 3 0 5 0 5 10 5 6 11 13 12 13 4 13 5 13 14 10 15 10 16 10 7 0 8 0 9 0 5 0 ffffffffffffftttt
0102034301fffft	1211314324fffft	1 0 2 0 3 0 3 4 1 5 11 0 12 0 9 0 9 4 16 4 14 10 15 10 16 10 6 13 7 13 8 13 8 4 ffffffffffffftttt
0102034301fffft	1211314324ffftf	1 0 2 0 3 0 3 4 1 9 10 5 11 5 12 5 12 4 15 0 16 0 13 0 13 4 8 4 6 14 7 14 8 14 ffffffffffffftttt
0102034301fffft	1211314324fftff	1 0 2 0 4 0 12 8 4 8 10 5 11 5 12 5 1 13 14 9 15 9 16 9 16 8 6 0 7 0 3 0 3 8 ffffffffffffftttt
0102034301fffft	1211314423fffft	1 0 2 0 3 0 3 4 1 5 10 0 11 0 12 0 12 4 14 13 15 13 16 13 16 4 6 9 7 9 8 9 8 4 ffffffffffffftttt
0102034301fffft	1211314423ffftf	1 0 2 0 3 0 3 4 1 6 9 4 15 0 16 0 13 0 13 4 7 14 8 14 9 14 5 4 11 10 12 10 5 10 ffffffffffffftttt
0102034301fffft	1211314423fftff	1 0 2 0 4 0 12 8 4 8 10 9 11 9 12 9 1 13 14 5 15 5 16 5 16 8 6 0 7 0 3 0 3 8 ffffffffffffftttt
0102034301fffft	1211334124fffft	1 0 2 0 3 0 3 4 1 5 12 11 10 11 9 11 9 4 16 4 16 0 14 0 15 0 6 13 7 13 8 13 8 4 ffffffffffffftttt
0102034301fffft	1211334124ffftf	1 0 2 0 3 0 3 4 1 9 10 5 11 5 12 5 12 4 15 14 16 14 13 14 13 4 8 4 6 0 7 0 8 0 ffffffffffffftttt
0102034301fffft	1211334124fftff	1 0 2 0 4 0 12 8 4 8 10 0 11 0 12 0 1 13 14 9 15 9 16 9 16 8 6 5 7 5 3 5 3 8 ffffffffffffftttt
0102034301fffft	1211334421fffft	1 0 2 0 3 0 3 4 1 5 10 9 11 9 12 9 12 4 14 13 15 13 16 13 16 4 6 0 7 0 8 0 8 4 ffffffffffffftttt
0102034301fffft	1211334421ffftf	1 0 2 0 3 0 3 4 1 9 10 0 11 0 12 0 12 4 15 14 16 14 13 14 13 4 8 4 6 5 7 5 8 5 ffffffffffffftttt
0102034301fffft	1211334421fftff	1 0 2 0 4 0 12 8 4 8 10 9 11 9 12 9 1 13 14 0 15 0 16 0 16 8 6 5 7 5 3 5 3 8 ffffffffffffftttt
0102034301fffft	1211344123fffft	1 0 2 0 3 0 3 4 1 6 9 4 11 13 12 13 9 13 16 4 14 0 15 0 16 0 7 10 8 10 5 10 5 4 ffffffffffffftttt
0102034301fffft	1211344123ffftf	1 0 2 0 3 0 3 4 1 6 9 4 16 10 14 10 13 10 13 4 7 15 8 15 9 15 5 4 5 0 11 0 12 0 ffffffffffffftttt
0102034301fffft	1211344123fftff	1 0 2 0 4 0 12 8 4 8 10 0 11 0 12 0 1 13 14 5 15 5 16 5 16 8 6 9 7 9 3 9 3 8 ffffffffffffftttt
0102034301fffft	1211344321fffft	1 0 2 0 3 0 3 4 1 6 9 4 11 13 12 13 9 13 16 4 14 10 15 10 16 10 7 0 8 0 5 0 5 4 ffffffffffffftttt
0102034301fffft	1211344321ffftf	1 0 2 0 3 0 3 4 1 9 10 0 11 0 12 0 12 4 15 5 16 5 13 5 13 4 8 4 6 14 7 14 8 14 ffffffffffffftttt
0102034301fffft	1211344321fftff	1 0 2 0 4 0 12 8 4 8 10 5 11 5 12 5 1 13 14 0 15 0 16 0 16 8 6 9 7 9 3 9 3 8 ffffffffffffftttt
0102034302fffft	1211314324fffft	1 0 2 0 3 0 3 4 2 5 11 0 12 0 9 0 9 4 16 4 14 10 15 10 16 10 6 13 7 13 8 13 8 4 ffffffffffffftttt
0102034302fffft	1211314324ffftf	1 0 2 0 3 0 3 4 2 9 10 5 11 5 12 5 12 4 15 0 16 0 13 0 13 4 8 4 6 14 7 14 8 14 ffffffffffffftttt
0102034302fffft	1211314324fftff	1 0 2 0 4 0 12 8 4 8 10 5 11 5 12 5 2 13 14 9 15 9 16 9 16 8 6 0 7 0 3 0 3 8 ffffffffffffftttt
0102034302fffft	1211314423fffft	1 0 2 0 3 0 3 4 2 5 10 0 11 0 12 0 12 4 14 13 15 13 16 13 16 4 6 9 7 9 8 9 8 4 ffffffffffffftttt
0102034302fffft	1211314423ffftf	1 0 2 0 3 0 3 4 2 6 9 4 15 0 16 0 13 0 13 4 7 14 8 14 9 14 5 4 11 10 12 10 5 10 ffffffffffffftttt
0102034302fffft	1211314423fftff	1 0 2 0 4 0 12 8 4 8 10 9 11 9 12 9 2 13 14 5 15 5 16 5 16 8 6 0 7 0 3 0 3 8 ffffffffffffftttt
0102034302fffft	1211334124fffft	1 0 2 0 3 0 3 4 2 5 12 11 10 11 9 11 9 4 16 4 16 0 14 0 15 0 6 13 7 13 8 13 8 4 ffffffffffffftttt
0102034302fffft	1211334124ffftf	1 0 2 0 3 0 3 4 2 9 10 5 11 5 12 5 12 4 15 14 16 14 13 14 13 4 8 4 6 0 7 0 8 0 ffffffffffffftttt
0102034302fffft	1211334124fftff	1 0 2 0 4 0 12 8 4 8 10 0 11 0 12 0 2 13 14 9 15 9 16 9 16 8 6 5 7 5 3 5 3 8 ffffffffffffftttt
0102034302fffft	1211334421fffft	1 0 2 0 3 0 3 4 2 5 10 9 11 9 12 9 12 4 14 13 15 13 16 13 16 4 6 0 7 0 8 0 8 4 ffffffffffffftttt
0102034302fffft	1211334421ffftf	1 0 2 0 3 0 3 4 2 9 10 0 11 0 12 0 12 4 15 14 16 14 13 14 13 4 8 4 6 5 7 5 8 5 ffffffffffffftttt
0102034302fffft	1211334421fftff	1 0 2 0 4 0 12 8 4 8 10 9 11 9 12 9 2 13 14 0 15 0 16 0 16 8 6 5 7 5 3 5 3 8 ffffffffffffftttt
0102034302fffft	1211344123fffft	1 0 2 0 3 0 3 4 2 6 9 4 11 13 12 13 9 13 16 4 14 0 15 0 16 0 7 10 8 10 5 10 5 4 ffffffffffffftttt
0102034302fffft	1211344123ffftf	1 0 2 0 3 0 3 4 2 6 9 4 16 10 14 10 13 10 13 4 7 15 8 15 9 15 5 4 5 0 11 0 12 0 ffffffffffffftttt
0102034302fffft	1211344123fftff	1 0 2 0 4 0 12 8 4 8 10 0 11 0 12 0 2 13 14 5 15 5 16 5 16 8 6 9 7 9 3 9 3 8 ffffffffffffftttt
0102034302fffft	1211344321fffft	1 0 2 0 3 0 3 4 2 6 9 4 11 13 12 13 9 13 16 4 14 10 15 10 16 10 7 0 8 0 5 0 5 4 ffffffffffffftttt
0102034302fffft	1211344321ffftf	1 0 2 0 3 0 3 4 2 9 10 0 11 0 12 0 12 4 15 5 16 5 13 5 13 4 8 4 6 14 7 14 8 14 ffffffffffffftttt
0102034302fffft	1211344321fftff	1 0 2 0 4 0 12 8 4 8 10 5 11 5 12 5 2 13 14 0 15 0 16 0 16 8 6 9 7 9 3 9 3 8 ffffffffffffftttt
0102034303fffft	1211314324fffft	1 0 2 0 3 0 3 4 3 5 11 0 12 0 9 0 9 4 16 4 14 10 15 10 16 10 6 13 7 13 8 13 8 4 ffffffffffffftttt
0102034303fffft	1211314324ffftf	1 0 2 0 3 0 3 4 3 9 10 5 11 5 12 5 12 4 15 0 16 0 13 0 13 4 8 4 6 14 7 14 8 14 ffffffffffffftttt
0102034303fffft	1211314324fftff	1 0 2 0 4 0 12 8 4 8 10 5 11 5 12 5 4 13 14 9 15 9 16 9 16 8 6 0 7 0 3 0 3 8 ffffffffffffftttt
0102034303fffft	1211314423fffft	1 0 2 0 3 0 3 4 3 5 10 0 11 0 12 0 12 4 14 13 15 13 16 13 16 4 6 9 7 9 8 9 8 4 ffffffffffffftttt
0102034303fffft	1211314423ffftf	1 0 2 0 3 0 3 4 3 6 9 4 15 0 16 0 13 0 13 4 7 14 8 14 9 14 5 4 11 10 12 10 5 10 ffffffffffffftttt
0102034303fffft	1211314423fftff	1 0 2 0 4 0 12 8 4 8 10 9 11 9 12 9 4 13 14 5 15 5 16 5 16 8 6 0 7 0 3 0 3 8 ffffffffffffftttt
0102034303fffft	1211334124fffft	1 0 2 0 3 0 3 4 3 5 12 11 10 11 9 11 9 4 16 4 16 0 14 0 15 0 6 13 7 13 8 13 8 4 ffffffffffffftttt
0102034303fffft	1211334124ffftf	1 0 2 0 3 0 3 4 3 9 10 5 11 5 12 5 12 4 15 14 16 14 13 14 13 4 8 4 6 0 7 0 8 0 ffffffffffffftttt
0102034303fffft	1211334124fftff	1 0 2 0 4 0 12 8 4 8 10 0 11 0 12 0 4 13 14 9 15 9 16 9 16 8 6 5 7 5 3 5 3 8 ffffffffffffftttt
0102034303fffft	1211334421fffft	1 0 2 0 3 0 3 4 3 5 10 9 11 9 12 9 12 4 14 13 15 13 16 13 16 4 6 0 7 0 8 0 8 4 ffffffffffffftttt
0102034303fffft	1211334421ffftf	1 0 2 0 3 0 3 4 3 9 10 0 11 0 12 0 12 4 15 14 16 14 13 14 13 4 8 4 6 5 7 5 8 5 ffffffffffffftttt
0102034303fffft	1211334421fftff	1 0 2 0 4 0 12 8 4 8 10 9 11 9 12 9 4 13 14 0 15 0 16 0 16 8 6 5 7 5 3 5 3 8 ffffffffffffftttt
0102034303fffft	1211344123fffft	1 0 2 0 3 0 3 4 3 6 9 4 11 13 12 13 9 13 16 4 14 0 15 0 16 0 7 10 8 10 5 10 5 4 ffffffffffffftttt
0102034303fffft	1211344123ffftf	1 0 2 0 3 0 3 4 3 6 9 4 16 10 14 10 13 10 13 4 7 15 8 15 9 15 5 4 5 0 11 0 12 0 ffffffffffffftttt
0102034303fffft	1211344123fftff	1 0 2 0 4 0 12 8 4 8 10 0 11 0 12 0 4 13 14 5 15 5 16 5 16 8 6 9 7 9 3 9 3 8 ffffffffffffftttt
0102034303fffft	1211344321fffft	1 0 2 0 3 0 3 4 3 6 9 4 11 13 12 13 9 13 16 4 14 10 15 10 16 10 7 0 8 0 5 0 5 4 ffffffffffffftttt
0102034303fffft	1211344321ffftf	1 0 2 0 3 0 3 4 3 9 10 0 11 0 12 0 12 4 15 5 16 5 13 5 13 4 8 4 6 14 7 14 8 14 ffffffffffffftttt
0102034303fffft	1211344321fftff	1 0 2 0 4 0 12 8 4 8 10 5 11 5 12 5 4 13 14 0 15 0 16 0 16 8 6 9 7 9 3 9 3 8 ffffffffffffftttt
0102134302fffft	1211314324fffft	1 0 2 0 3 1 3 4 2 5 11 0 12 0 9 1 9 4 16 4 14 10 15 10 16 11 6 13 7 13 8 14 8 4 ffffffffffffftttt
0102134302fffft	1211314324ffftf	1 0 2 0 3 1 3 4 2 9 10 5 11 5 12 6 12 4 15 0 16 0 13 1 13 4 8 4 6 14 7 14 8 15 ffffffffffffftttt
0102134302fffft	1211314324fftff	1 0 2 0 4 1 12 8 4 8 10 5 11 5 12 6 2 13 14 9 15 9 16 10 16 8 6 0 7 0 3 1 3 8 ffffffffffffftttt
0102134302fffft	1211314423fffft	1 0 2 0 3 1 3 4 2 5 10 0 11 0 12 1 12 4 14 13 15 13 16 14 16 4 6 9 7 9 8 10 8 4 ffffffffffffftttt
0102134302fffft	1211314423ffftf	1 0 2 0 3 1 3 4 2 6 9 4 15 0 16 0 13 1 13 4 7 14 8 14 9 15 5 4 11 10 12 10 5 11 ffffffffffffftttt
0102134302fffft	1211314423fftff	1 0 2 0 4 1 12 8 4 8 10 9 11 9 12 10 2 13 14 5 15 5 16 6 16 8 6 0 7 0 3 1 3 8 ffffffffffffftttt
0102134302fffft	1211334124fffft	1 0 2 0 3 1 3 4 2 5 12 11 10 11 9 12 9 4 16 4 16 1 14 0 15 0 6 13 7 13 8 14 8 4 ffffffffffffftttt
0102134302fffft	1211334124ffftf	1 0 2 0 3 1 3 4 2 9 10 5 11 5 12 6 12 4 15 14 16 14 13 15 13 4 8 4 6 0 7 0 8 1 ffffffffffffftttt
0102134302fffft	1211334124fftff	1 0 2 0 4 1 12 8 4 8 10 0 11 0 12 1 2 13 14 9 15 9 16 10 16 8 6 5 7 5 3 6 3 8 ffffffffffffftttt
0102134302fffft	1211334421fffft	1 0 2 0 3 1 3 4 2 5 10 9 11 9 12 10 12 4 14 13 15 13 16 14 16 4 6 0 7 0 8 1 8 4 ffffffffffffftttt
0102134302fffft	1211334421ffftf	1 0 2 0 3 1 3 4 2 9 10 0 11 0 12 1 12 4 15 14 16 14 13 15 13 4 8 4 6 5 7 5 8 6 ffffffffffffftttt
0102134302fffft	1211334421fftff	1 0 2 0 4 1 12 8 4 8 10 9 11 9 12 10 2 13 14 0 15 0 16 1 16 8 6 5 7 5 3 6 3 8 ffffffffffffftttt
0102134302fffft	1211344123fffft	1 0 2 0 3 1 3 4 2 6 9 4 11 13 12 13 9 14 16 4 14 0 15 0 16 1 7 10 8 10 5 11 5 4 ffffffffffffftttt
0102134302fffft	1211344123ffftf	1 0 2 0 3 1 3 4 2 6 9 4 16 10 14 10 13 11 13 4 7 15 8 15 9 16 5 4 5 1 11 0 12 0 ffffffffffffftttt
0102134302fffft	1211344123fftff	1 0 2 0 4 1 12 8 4 8 10 0 11 0 12 1 2 13 14 5 15 5 16 6 16 8 6 9 7 9 3 10 3 8 ffffffffffffftttt
0102134302fffft	1211344321fffft	1 0 2 0 3 1 3 4 2 6 9 4 11 13 12 13 9 14 16 4 14 10 15 10 16 11 7 0 8 0 5 1 5 4 ffffffffffffftttt
0102134302fffft	1211344321ffftf	1 0 2 0 3 1 3 4 2 9 10 0 11 0 12 1 12 4 15 5 16 5 13 6 13 4 8 4 6 14 7 14 8 15 ffffffffffffftttt
0102134302fffft	1211344321fftff	1 0 2 0 4 1 12 8 4 8 10 5 11 5 12 6 2 13 14 0 15 0 16 1 16 8 6 9 7 9 3 10 3 8 ffffffffffffftttt
0102134303fffft	1211314324fffft	1 0 2 0 3 1 3 4 3 5 11 0 12 0 9 1 9 4 16 4 14 10 15 10 16 11 6 13 7 13 8 14 8 4 ffffffffffffftttt
0102134303fffft	1211314324ffftf	1 0 2 0 3 1 3 4 3 9 10 5 11 5 12 6 12 4 15 0 16 0 13 1 13 4 8 4 6 14 7 14 8 15 ffffffffffffftttt
0102134303fffft	1211314324fftff	1 0 2 0 4 1 12 8 4 8 10 5 11 5 12 6 4 13 14 9 15 9 16 10 16 8 6 0 7 0 3 1 3 8 ffffffffffffftttt
0102134303fffft	1211314423fffft	1 0 2 0 3 1 3 4 3 5 10 0 11 0 12 1 12 4 14 13 15 13 16 14 16 4 6 9 7 9 8 10 8 4 ffffffffffffftttt
0102134303fffft	1211314423ffftf	1 0 2 0 3 1 3 4 3 6 9 4 15 0 16 0 13 1 13 4 7 14 8 14 9 15 5 4 11 10 12 10 5 11 ffffffffffffftttt
0102134303fffft	1211314423fftff	1 0 2 0 4 1 12 8 4 8 10 9 11 9 12 10 4 13 14 5 15 5 16 6 16 8 6 0 7 0 3 1 3 8 ffffffffffffftttt
0102134303fffft	1211334124fffft	1 0 2 0 3 1 3 4 3 5 12 11 10 11 9 12 9 4 16 4 16 1 14 0 15 0 6 13 7 13 8 14 8 4 ffffffffffffftttt
0102134303fffft	1211334124ffftf	1 0 2 0 3 1 3 4 3 9 10 5 11 5 12 6 12 4 15 14 16 14 13 15 13 4 8 4 6 0 7 0 8 1 ffffffffffffftttt
0102134303fffft	1211334124fftff	1 0 2 0 4 1 12 8 4 8 10 0 11 0 12 1 4 13 14 9 15 9 16 10 16 8 6 5 7 5 3 6 3 8 ffffffffffffftttt
0102134303fffft	1211334421fffft	1 0 2 0 3 1 3 4 3 5 10 9 11 9 12 10 12 4 14 13 15 13 16 14 16 4 6 0 7 0 8 1 8 4 ffffffffffffftttt
0102134303fffft	1211334421ffftf	1 0 2 0 3 1 3 4 3 9 10 0 11 0 12 1 12 4 15 14 16 14 13 15 13 4 8 4 6 5 7 5 8 6 ffffffffffffftttt
0102134303fffft	1211334421fftff	1 0 2 0 4 1 12 8 4 8 10 9 11 9 12 10 4 13 14 0 15 0 16 1 16 8 6 5 7 5 3 6 3 8 ffffffffffffftttt
0102134303fffft	1211344123fffft	1 0 2 0 3 1 3 4 3 6 9 4 11 13 12 13 9 14 16 4 14 0 15 0 16 1 7 10 8 10 5 11 5 4 ffffffffffffftttt
0102134303fffft	1211344123ffftf	1 0 2 0 3 1 3 4 3 6 9 4 16 10 14 10 13 11 13 4 7 15 8 15 9 16 5 4 5 1 11 0 12 0 ffffffffffffftttt
0102134303fffft	1211344123fftff	1 0 2 0 4 1 12 8 4 8 10 0 11 0 12 1 4 13 14 5 15 5 16 6 16 8 6 9 7 9 3 10 3 8 ffffffffffffftttt
0102134303fffft	1211344321fffft	1 0 2 0 3 1 3 4 3 6 9 4 11 13 12 13 9 14 16 4 14 10 15 10 16 11 7 0 8 0 5 1 5 4 ffffffffffffftttt
0102134303fffft	1211344321ffftf	1 0 2 0 3 1 3 4 3 9 10 0 11 0 12 1 12 4 15 5 16 5 13 6 13 4 8 4 6 14 7 14 8 15 ffffffffffffftttt
0102134303fffft	1211344321fftff	1 0 2 0 4 1 12 8 4 8 10 5 11 5 12 6 4 13 14 0 15 0 16 1 16 8 6 9 7 9 3 10 3 8 ffffffffffffftttt
