0102030404fffft	12112331ffft	1 0 2 0 3 0 4 0 4 5 6 10 7 10 8 10 4 10 4 0 11 0 12 0 9 0 ffffffffftttt
0102030404fffft	12113123fftf	1 0 2 0 4 0 5 6 5 0 5 9 10 6 11 6 12 6 7 0 8 0 3 0 5 0 ffffffffftttt
0102030404fffft	12113321ffft	1 0 2 0 3 0 4 0 4 5 11 10 12 10 9 10 4 10 4 0 6 0 7 0 8 0 ffffffffftttt
0102034301fffft	12113123ffft	1 0 2 0 3 0 3 4 1 5 11 0 12 0 9 0 9 4 8 4 6 10 7 10 8 10 ffffffffftttt
0102034301fffft	12113123fftf	1 0 2 0 3 0 3 4 1 9 12 4 10 6 11 6 12 6 7 0 8 0 5 0 5 4 ffffffffftttt
0102034301fffft	12113321ffft	1 0 2 0 3 0 3 4 1 5 12 11 10 11 9 11 9 4 8 4 8 0 6 0 7 0 ffffffffftttt
0102034301fffft	12113321fftf	1 0 2 0 3 0 3 4 1 9 12 4 10 0 11 0 12 0 7 6 8 6 5 6 5 4 ffffffffftttt
0102034302fffft	12113123ffft	1 0 2 0 3 0 3 4 2 5 11 0 12 0 9 0 9 4 8 4 6 10 7 10 8 10 ffffffffftttt
0102034302fffft	12113123fftf	1 0 2 0 3 0 3 4 2 9 12 4 10 6 11 6 12 6 7 0 8 0 5 0 5 4 ffffffffftttt
0102034302fffft	12113321ffft	1 0 2 0 3 0 3 4 2 5 12 11 10 11 9 11 9 4 8 4 8 0 6 0 7 0 ffffffffftttt
0102034302fffft	12113321fftf	1 0 2 0 3 0 3 4 2 9 12 4 10 0 11 0 12 0 7 6 8 6 5 6 5 4 ffffffffftttt
0102034303fffft	12113123ffft	1 0 2 0 3 0 3 4 3 5 11 0 12 0 9 0 9 4 8 4 6 10 7 10 8 10 ffffffffftttt
0102034303fffft	12113123fftf	1 0 2 0 3 0 3 4 3 9 12 4 10 6 11 6 12 6 7 0 8 0 5 0 5 4 ffffffffftttt
0102034303fffft	12113321ffft	1 0 2 0 3 0 3 4 3 5 12 11 10 11 9 11 9 4 8 4 8 0 6 0 7 0 ffffffffftttt
0102034303fffft	12113321fftf	1 0 2 0 3 0 3 4 3 9 12 4 10 0 11 0 12 0 7 6 8 6 5 6 5 4 ffffffffftttt
0102134302fffft	12113123ffft	1 0 2 0 3 1 3 4 2 5 11 0 12 0 9 1 9 4 8 4 6 10 7 10 8 11 ffffffffftttt
0102134302fffft	12113123fftf	1 0 2 0 3 1 3 4 2 9 12 4 10 6 11 6 12 7 7 0 8 0 5 1 5 4 ffffffffftttt
0102134302fffft	12113321ffft	1 0 2 0 3 1 3 4 2 5 12 11 10 11 9 12 9 4 8 4 8 1 6 0 7 0 ffffffffftttt
0102134302fffft	12113321fftf	1 0 2 0 3 1 3 4 2 9 12 4 10 0 11 0 12 1 7 6 8 6 5 7 5 4 ffffffffftttt
0102134303fffft	12113123ffft	1 0 2 0 3 1 3 4 3 5 11 0 12 0 9 1 9 4 8 4 6 10 7 10 8 11 ffffffffftttt
0102134303fffft	12113123fftf	1 0 2 0 3 1 3 4 3 9 12 4 10 6 11 6 12 7 7 0 8 0 5 1 5 4 ffffffffftttt
0102134303fffft	12113321ffft	1 0 2 0 3 1 3 4 3 5 12 11 10 11 9 12 9 4 8 4 8 1 6 0 7 0 ffffffffftttt
0102134303fffft	12113321fftf	1 0 2 0 3 1 3 4 3 9 12 4 10 0 11 0 12 1 7 6 8 6 5 7 5 4 ffffffffftttt
