112222ftf	1122334444ffftf	2 2 1 1 3 3 4 4 5 5 1 1 ffffft
112222ftf	1122343333fffft	2 2 1 1 3 3 4 4 1 5 1 1 ffffft
112222ftf	1123222422fffft	2 2 1 1 3 3 1 4 1 5 1 1 ffffft
112222ftf	1123224222fffft	2 2 1 1 3 3 1 4 5 1 1 1 ffffft
112222ftf	1123224422fffft	2 2 1 1 3 3 1 4 5 5 1 1 ffffft
112222ftf	1123344444ffftf	2 2 1 1 3 3 4 5 5 1 1 1 ffffft
112222ftf	1211131411fffft	2 2 1 1 1 3 1 4 1 5 1 1 ffffft
112222ftf	1211134111fffft	2 2 1 1 1 3 1 4 5 1 1 1 ffffft
112222ftf	1211134411fffft	2 2 1 1 1 3 1 4 5 5 1 1 ffffft
112222ftf	1211311411fffft	2 2 1 1 1 3 4 1 1 5 1 1 ffffft
112222ftf	1211314111fffft	2 2 1 1 1 3 4 1 5 1 1 1 ffffft
112222ftf	1211314411fffft	2 2 1 1 1 3 4 1 5 5 1 1 ffffft
112222ftf	1211331411fffft	2 2 1 1 1 3 4 4 1 5 1 1 ffffft
112222ftf	1211334111fffft	2 2 1 1 1 3 4 4 5 1 1 1 ffffft
112222ftf	1211334411fffft	2 2 1 1 1 3 4 4 5 5 1 1 ffffft
112222ftf	1211341113ffftf	2 2 1 1 1 3 5 4 1 5 1 1 ffffft
112222ftf	1211344111fffft	2 2 1 1 1 3 4 5 5 1 1 1 ffffft
112222ftf	1223343333fffft	2 2 1 1 3 4 4 1 1 5 1 1 ffffft
112222ftf	1223344444ffftf	2 2 1 1 3 4 4 5 5 1 1 1 ffffft
112222ftf	1223433333fffft	2 2 1 1 3 4 4 1 5 1 1 1 ffffft
112222ftf	1223443333fffft	2 2 1 1 3 4 4 1 5 5 1 1 ffffft
112222ftf	1233343331ftfff	3 3 2 4 2 2 5 1 2 5 2 2 ffffft
112222ftf	1234433333fffft	2 2 1 1 3 4 1 5 5 1 1 1 ffffft
112222ftf	1234434444ffftf	2 2 1 1 3 4 5 1 1 5 1 1 ffffft
112222ftf	1233344444ffftf	2 2 1 1 3 4 5 5 5 1 1 1 ffffft
112222ftf	1233434444ffftf	2 2 1 1 3 4 5 5 1 5 1 1 ffffft
121111fft	1122334444ffftf	1 2 1 1 3 3 4 4 5 5 1 1 ffffft
121111fft	1122343333fffft	1 2 1 1 3 3 4 4 1 5 1 1 ffffft
121111fft	1123222422fffft	1 2 1 1 3 3 1 4 1 5 1 1 ffffft
121111fft	1123224222fffft	1 2 1 1 3 3 1 4 5 1 1 1 ffffft
121111fft	1123224422fffft	1 2 1 1 3 3 1 4 5 5 1 1 ffffft
121111fft	1123344444ffftf	1 2 1 1 3 3 4 5 5 1 1 1 ffffft
121111fft	1211131411fffft	1 2 1 1 1 3 1 4 1 5 1 1 ffffft
121111fft	1211134111fffft	1 2 1 1 1 3 1 4 5 1 1 1 ffffft
121111fft	1211134411fffft	1 2 1 1 1 3 1 4 5 5 1 1 ffffft
121111fft	1211311411fffft	1 2 1 1 1 3 4 1 1 5 1 1 ffffft
121111fft	1211314111fffft	1 2 1 1 1 3 4 1 5 1 1 1 ffffft
121111fft	1211314411fffft	1 2 1 1 1 3 4 1 5 5 1 1 ffffft
121111fft	1211331411fffft	1 2 1 1 1 3 4 4 1 5 1 1 ffffft
121111fft	1211334111fffft	1 2 1 1 1 3 4 4 5 1 1 1 ffffft
121111fft	1211334411fffft	1 2 1 1 1 3 4 4 5 5 1 1 ffffft
121111fft	1211341113ffftf	1 2 1 1 1 3 5 4 1 5 1 1 ffffft
121111fft	1211344111fffft	1 2 1 1 1 3 4 5 5 1 1 1 ffffft
121111fft	1223343333fffft	1 2 1 1 3 4 4 1 1 5 1 1 ffffft
121111fft	1223344444ffftf	1 2 1 1 3 4 4 5 5 1 1 1 ffffft
121111fft	1223433333fffft	1 2 1 1 3 4 4 1 5 1 1 1 ffffft
121111fft	1223443333fffft	1 2 1 1 3 4 4 1 5 5 1 1 ffffft
121111fft	1233343331ftfff	1 3 1 1 1 4 5 2 1 5 1 1 ffffft
121111fft	1234433333fffft	1 2 1 1 3 4 1 5 5 1 1 1 ffffft
121111fft	1234434444ffftf	1 2 1 1 3 4 5 1 1 5 1 1 ffffft
121111fft	1233344444ffftf	1 2 1 1 3 4 5 5 5 1 1 1 ffffft
121111fft	1233434444ffftf	1 2 1 1 3 4 5 5 1 5 1 1 ffffft
121121fft	1122334444ffftf	1 2 1 1 2 3 4 4 5 5 1 1 ffffft
121121fft	1122343333fffft	1 2 1 1 2 3 4 4 1 5 1 1 ffffft
121121fft	1123222422fffft	1 2 1 1 2 3 1 4 1 5 1 1 ffffft
121121fft	1123224222fffft	1 2 1 1 2 3 1 4 5 1 1 1 ffffft
121121fft	1123224422fffft	1 2 1 1 2 3 1 4 5 5 1 1 ffffft
121121fft	1123344444ffftf	1 2 1 1 2 3 4 5 5 1 1 1 ffffft
121121fft	1211131411fffft	1 2 1 1 2 3 1 4 1 5 1 1 ffffft
121121fft	1211134111fffft	1 2 1 1 2 3 1 4 5 1 1 1 ffffft
121121fft	1211134411fffft	1 2 1 1 2 3 1 4 5 5 1 1 ffffft
121121fft	1211311411fffft	1 2 1 1 2 3 4 1 1 5 1 1 ffffft
121121fft	1211314111fffft	1 2 1 1 2 3 4 1 5 1 1 1 ffffft
121121fft	1211314411fffft	1 2 1 1 2 3 4 1 5 5 1 1 ffffft
121121fft	1211331411fffft	1 2 1 1 2 3 4 4 1 5 1 1 ffffft
121121fft	1211334111fffft	1 2 1 1 2 3 4 4 5 1 1 1 ffffft
121121fft	1211334411fffft	1 2 1 1 2 3 4 4 5 5 1 1 ffffft
121121fft	1211341113ffftf	1 2 1 1 2 3 5 4 1 5 1 1 ffffft
121121fft	1211344111fffft	1 2 1 1 2 3 4 5 5 1 1 1 ffffft
121121fft	1233343331ftfff	1 2 1 1 2 3 1 4 1 5 1 1 ffffft
