1111tf	0112233444fffft	0 1 1 2 2 3 3 4 4 4 fffft
1111tf	0112234344fffft	0 1 1 2 2 3 4 3 4 4 fffft
1111tf	0112234444fffft	0 1 1 2 2 3 4 4 4 4 fffft
1111tf	0112323444fffft	0 1 1 2 3 2 3 4 4 4 fffft
1111tf	0112324344fffft	0 1 1 2 3 2 4 3 4 4 fffft
1111tf	0112324444fffft	0 1 1 2 3 2 4 4 4 4 fffft
1111tf	0112333444fffft	0 1 1 2 3 3 3 4 4 4 fffft
1111tf	0112334344fffft	0 1 1 2 3 3 4 3 4 4 fffft
1111tf	0112334444fffft	0 1 1 2 3 3 4 4 4 4 fffft
1111tf	0112343333ffftf	0 1 1 2 4 3 4 4 4 4 fffft
1111tf	0112344444fffft	0 1 1 2 3 4 4 4 4 4 fffft
1111tf	0121233444fffft	0 1 2 1 2 3 3 4 4 4 fffft
1111tf	0121234344fffft	0 1 2 1 2 3 4 3 4 4 fffft
1111tf	0121234444fffft	0 1 2 1 2 3 4 4 4 4 fffft
1111tf	0121323444fffft	0 1 2 1 3 2 3 4 4 4 fffft
1111tf	0121324344fffft	0 1 2 1 3 2 4 3 4 4 fffft
1111tf	0121324444fffft	0 1 2 1 3 2 4 4 4 4 fffft
1111tf	0121333444fffft	0 1 2 1 3 3 3 4 4 4 fffft
1111tf	0121334344fffft	0 1 2 1 3 3 4 3 4 4 fffft
1111tf	0121334444fffft	0 1 2 1 3 3 4 4 4 4 fffft
1111tf	0121343333ffftf	0 1 2 1 4 3 4 4 4 4 fffft
1111tf	0121344444fffft	0 1 2 1 3 4 4 4 4 4 fffft
1111tf	0122233444fffft	0 1 2 2 2 3 3 4 4 4 fffft
1111tf	0122234344fffft	0 1 2 2 2 3 4 3 4 4 fffft
1111tf	0122234444fffft	0 1 2 2 2 3 4 4 4 4 fffft
1111tf	0122323444fffft	0 1 2 2 3 2 3 4 4 4 fffft
1111tf	0122324344fffft	0 1 2 2 3 2 4 3 4 4 fffft
1111tf	0122324444fffft	0 1 2 2 3 2 4 4 4 4 fffft
1111tf	0122333444fffft	0 1 2 2 3 3 3 4 4 4 fffft
1111tf	0122334344fffft	0 1 2 2 3 3 4 3 4 4 fffft
1111tf	0122334444fffft	0 1 2 2 3 3 4 4 4 4 fffft
1111tf	0122343333ffftf	0 1 2 2 4 3 4 4 4 4 fffft
1111tf	0122344444fffft	0 1 2 2 3 4 4 4 4 4 fffft
1111tf	0123222422fftff	0 1 4 2 4 3 4 4 4 4 fffft
1111tf	0123242244fffft	0 1 3 2 3 3 3 4 4 4 fffft
1111tf	0123244344fffft	0 1 2 3 2 4 4 3 4 4 fffft
1111tf	0123244444fffft	0 1 2 3 2 4 4 4 4 4 fffft
1111tf	0123333444fffft	0 1 2 3 3 3 3 4 4 4 fffft
1111tf	0123334344fffft	0 1 2 3 3 3 4 3 4 4 fffft
1111tf	0123334444fffft	0 1 2 3 3 3 4 4 4 4 fffft
1111tf	0123344444fffft	0 1 2 3 3 4 4 4 4 4 fffft
1111tf	0123422244fffft	0 1 3 2 3 3 4 3 4 4 fffft
1111tf	0123433333ffftf	0 1 2 4 3 4 4 4 4 4 fffft
1111tf	0123434444fffft	0 1 2 3 4 3 4 4 4 4 fffft
1111tf	0123442244fffft	0 1 3 2 3 3 4 4 4 4 fffft
1111tf	0123442444fffft	0 1 2 3 4 4 2 4 4 4 fffft
1111tf	0123444244fffft	0 1 2 3 4 4 4 2 4 4 fffft
1111tf	0123444344fffft	0 1 2 3 4 4 4 3 4 4 fffft
1111tf	1112233444fffft	1 1 1 2 2 3 3 4 4 4 fffft
1111tf	1112234344fffft	1 1 1 2 2 3 4 3 4 4 fffft
1111tf	1112234444fffft	1 1 1 2 2 3 4 4 4 4 fffft
1111tf	1112323444fffft	1 1 1 2 3 2 3 4 4 4 fffft
1111tf	1112324344fffft	1 1 1 2 3 2 4 3 4 4 fffft
1111tf	1112324444fffft	1 1 1 2 3 2 4 4 4 4 fffft
1111tf	1112333444fffft	1 1 1 2 3 3 3 4 4 4 fffft
1111tf	1112334344fffft	1 1 1 2 3 3 4 3 4 4 fffft
1111tf	1112334444fffft	1 1 1 2 3 3 4 4 4 4 fffft
1111tf	1112343333ffftf	1 1 1 2 4 3 4 4 4 4 fffft
1111tf	1112344444fffft	1 1 1 2 3 4 4 4 4 4 fffft
1111tf	1122233444fffft	1 1 2 2 2 3 3 4 4 4 fffft
1111tf	1122234344fffft	1 1 2 2 2 3 4 3 4 4 fffft
1111tf	1122234444fffft	1 1 2 2 2 3 4 4 4 4 fffft
1111tf	1122333444fffft	1 1 2 2 3 3 3 4 4 4 fffft
1111tf	1122334444fffft	1 1 2 2 3 3 4 4 4 4 fffft
1111tf	1122343333ffftf	1 1 2 2 4 3 4 4 4 4 fffft
1111tf	1123222422fftff	1 1 4 2 4 3 4 4 4 4 fffft
1111tf	1123242244fffft	1 1 3 2 3 3 3 4 4 4 fffft
1111tf	1123244344fffft	1 1 2 3 2 4 4 3 4 4 fffft
1111tf	1123244444fffft	1 1 2 3 2 4 4 4 4 4 fffft
1111tf	1123333444fffft	1 1 2 3 3 3 3 4 4 4 fffft
1111tf	1123334444fffft	1 1 2 3 3 3 4 4 4 4 fffft
1111tf	1123344444fffft	1 1 2 3 3 4 4 4 4 4 fffft
1111tf	1123434444fffft	1 1 2 3 4 3 4 4 4 4 fffft
1111tf	1211131411ftfff	4 1 4 2 4 3 4 4 4 4 fffft
1111tf	1213113444fffft	2 1 2 2 2 3 3 4 4 4 fffft
1111tf	1213114344fffft	2 1 2 2 2 3 4 3 4 4 fffft
1111tf	1213114444fffft	2 1 2 2 2 3 4 4 4 4 fffft
1111tf	1213143311ffftf	3 1 3 2 3 3 3 4 4 4 fffft
1111tf	1213143333ffftf	2 1 2 3 2 4 4 4 4 4 fffft
1111tf	1213143334ffftf	2 1 2 3 2 4 4 3 4 4 fffft
1111tf	1213244444fffft	1 2 1 3 2 4 4 4 4 4 fffft
1111tf	1213323444fffft	1 2 1 3 3 2 3 4 4 4 fffft
1111tf	1213324444fffft	1 2 1 3 3 2 4 4 4 4 fffft
1111tf	1213333444fffft	1 2 1 3 3 3 3 4 4 4 fffft
1111tf	1213334344fffft	1 2 1 3 3 3 4 3 4 4 fffft
1111tf	1213334444fffft	1 2 1 3 3 3 4 4 4 4 fffft
1111tf	1213343333ffftf	1 2 1 4 4 3 4 4 4 4 fffft
1111tf	1213344444fffft	1 2 1 3 3 4 4 4 4 4 fffft
1111tf	1213423333ffftf	2 1 3 1 2 4 4 4 4 4 fffft
1111tf	1213433333ffftf	1 2 1 4 3 4 4 4 4 4 fffft
1111tf	1213434444fffft	1 2 1 3 4 3 4 4 4 4 fffft
1111tf	1213443333ffftf	2 1 3 3 2 4 4 4 4 4 fffft
1111tf	1222233444fffft	1 2 2 2 2 3 3 4 4 4 fffft
1111tf	1222234344fffft	1 2 2 2 2 3 4 3 4 4 fffft
1111tf	1222234444fffft	1 2 2 2 2 3 4 4 4 4 fffft
1111tf	1222333444fffft	1 2 2 2 3 3 3 4 4 4 fffft
1111tf	1222334344fffft	1 2 2 2 3 3 4 3 4 4 fffft
1111tf	1222334444fffft	1 2 2 2 3 3 4 4 4 4 fffft
1111tf	1222343333ffftf	1 2 2 2 4 3 4 4 4 4 fffft
1111tf	1222344444fffft	1 2 2 2 3 4 4 4 4 4 fffft
1111tf	1223244444fffft	1 2 2 3 2 4 4 4 4 4 fffft
1111tf	1223333444fffft	1 2 2 3 3 3 3 4 4 4 fffft
1111tf	1223334344fffft	1 2 2 3 3 3 4 3 4 4 fffft
1111tf	1223334444fffft	1 2 2 3 3 3 4 4 4 4 fffft
1111tf	1223344444fffft	1 2 2 3 3 4 4 4 4 4 fffft
1111tf	1223433333ffftf	1 2 2 4 3 4 4 4 4 4 fffft
1111tf	1223434444fffft	1 2 2 3 4 3 4 4 4 4 fffft
1111tf	1231143311ffftf	3 1 3 2 3 3 4 3 4 4 fffft
1111tf	1232333444fffft	1 2 3 2 3 3 3 4 4 4 fffft
1111tf	1232334344fffft	1 2 3 2 3 3 4 3 4 4 fffft
1111tf	1232334444fffft	1 2 3 2 3 3 4 4 4 4 fffft
1111tf	1232343333ffftf	1 2 4 2 4 3 4 4 4 4 fffft
1111tf	1232344444fffft	1 2 3 2 3 4 4 4 4 4 fffft
1111tf	1232434444fffft	1 2 3 2 4 3 4 4 4 4 fffft
1111tf	1232442244fffft	1 3 2 3 3 3 4 4 4 4 fffft
1111tf	1232442444fffft	1 2 3 2 4 4 2 4 4 4 fffft
1111tf	1232443444fffft	1 2 3 2 4 4 3 4 4 4 fffft
1111tf	1232444244fffft	1 2 3 2 4 4 4 2 4 4 fffft
1111tf	1233343331ffftf	1 2 4 4 4 3 4 1 4 4 fffft
1111tf	1233344444fffft	1 2 3 3 3 4 4 4 4 4 fffft
1111tf	1233434444fffft	1 2 3 3 4 3 4 4 4 4 fffft
1111tf	1234433333ffftf	1 2 4 3 3 4 4 4 4 4 fffft
1111tf	1234434444fffft	1 2 3 4 4 3 4 4 4 4 fffft
