121111fft	011222fft	1 2 1 1 2 3 3 4 4 4 fffft
121111fft	012122fft	1 2 1 1 2 3 4 3 4 4 fffft
121111fft	012222fft	1 2 1 1 2 3 4 4 4 4 fffft
121111fft	111222fft	1 2 1 1 3 3 3 4 4 4 fffft
121111fft	112222fft	1 2 1 1 3 3 4 4 4 4 fffft
121111fft	121111ftf	1 2 1 1 4 3 4 4 4 4 fffft
121121fft	011222fft	1 2 1 1 2 3 3 4 4 4 fffft
121121fft	012122fft	1 2 1 1 2 3 4 3 4 4 fffft
121121fft	012222fft	1 2 1 1 2 3 4 4 4 4 fffft
121121fft	111222fft	1 2 1 1 2 3 3 4 4 4 fffft
121121fft	112222fft	1 2 1 1 2 3 4 4 4 4 fffft
121121fft	121111ftf	1 2 1 1 2 3 4 4 4 4 fffft
