12113123fftf	0112233444fffft	1 2 1 1 3 4 2 5 4 6 2 7 6 8 2 9 8 10 2 11 10 10 2 11 fffffffffftt
12113123fftf	0112234444fffft	1 2 1 1 3 4 2 5 4 6 2 7 6 8 2 9 10 10 2 11 10 10 2 11 fffffffffftt
12113123fftf	0112333444fffft	1 2 1 1 3 4 2 5 4 6 2 7 8 8 2 9 8 10 2 11 10 10 2 11 fffffffffftt
12113123fftf	0112334444fffft	1 2 1 1 3 4 2 5 4 6 2 7 8 8 2 9 10 10 2 11 10 10 2 11 fffffffffftt
12113123fftf	0112343333ffftf	1 3 1 1 3 4 2 5 3 6 5 7 3 9 10 8 10 10 3 11 10 10 3 11 fffffffffftt
12113123fftf	0122233444fffft	1 2 1 1 3 4 2 5 6 6 2 7 6 8 2 9 8 10 2 11 10 10 2 11 fffffffffftt
12113123fftf	0122234444fffft	1 2 1 1 3 4 2 5 6 6 2 7 6 8 2 9 10 10 2 11 10 10 2 11 fffffffffftt
12113123fftf	0122333444fffft	1 2 1 1 3 4 2 5 6 6 2 7 8 8 2 9 8 10 2 11 10 10 2 11 fffffffffftt
12113123fftf	0122334444fffft	1 2 1 1 3 4 2 5 6 6 2 7 8 8 2 9 10 10 2 11 10 10 2 11 fffffffffftt
12113123fftf	0122343333ffftf	1 3 1 1 3 4 2 5 3 6 7 7 3 9 10 8 10 10 3 11 10 10 3 11 fffffffffftt
12113123fftf	0123222422fftff	1 4 1 1 4 3 4 5 2 6 4 9 10 7 10 8 10 10 4 11 10 10 4 11 fffffffffftt
12113123fftf	0123242244fffft	1 3 1 1 3 4 2 5 3 7 8 6 8 8 3 9 8 10 3 11 10 10 3 11 fffffffffftt
12113123fftf	0123442244fffft	1 3 1 1 3 4 2 5 3 7 8 6 8 8 3 9 10 10 3 11 10 10 3 11 fffffffffftt
12113123fftf	0123444244fffft	1 3 1 1 3 4 2 5 3 6 7 9 3 8 10 10 3 11 10 7 10 10 3 11 fffffffffftt
