0101ft	1122334444ffftf	1 0 1 2 1 3 1 4 1 0 fffft
0101ft	1122343333fffft	1 0 1 2 1 3 1 4 1 0 fffft
0101ft	1123222422fffft	1 0 1 2 1 3 1 4 1 0 fffft
0101ft	1123223422fffft	1 0 1 2 1 3 1 4 1 0 fffft
0101ft	1123224422fffft	1 0 1 2 1 3 1 4 1 0 fffft
0101ft	1211131411fffft	1 0 1 2 1 3 1 4 1 0 fffft
0101ft	1211132411fffft	1 0 1 2 1 3 1 4 1 0 fffft
0101ft	1211133411fffft	1 0 1 2 1 3 1 4 1 0 fffft
0101ft	1211134411fffft	1 0 1 2 1 3 1 4 1 0 fffft
0101ft	1211231411fffft	1 0 1 2 1 3 1 4 1 0 fffft
0101ft	1211233411fffft	1 0 1 2 1 3 1 4 1 0 fffft
0101ft	1211234411fffft	1 0 1 2 1 3 1 4 1 0 fffft
0101ft	1211331411fffft	1 0 1 2 1 3 1 4 1 0 fffft
0101ft	1211334411fffft	1 0 1 2 1 3 1 4 1 0 fffft
0101ft	1211341113ffftf	1 0 1 2 1 3 1 4 1 0 fffft
0101ft	1233343331ftfff	1 0 1 2 1 3 1 4 1 0 fffft
