0102134312fffft	1122334444ffftf	1 0 2 0 3 1 3 4 6 5 9 7 10 8 12 11 13 11 14 12 14 4 1 0 2 0 3 1 3 4 ffffffffffftttt
0102320402fffft	1122334444ffftf	1 0 2 0 2 3 4 0 6 5 8 7 9 10 12 11 13 11 13 14 4 11 1 0 2 0 2 3 4 0 ffffffffffftttt
0102320442ffftf	1122334444ffftf	1 0 3 0 3 2 3 4 6 5 8 7 10 9 12 11 14 11 14 13 14 4 1 0 3 0 3 2 3 4 ffffffffffftttt
0102321402fffft	1122334444ffftf	1 0 2 0 2 3 4 1 6 5 8 7 9 10 12 11 13 11 13 14 4 12 1 0 2 0 2 3 4 1 ffffffffffftttt
0102321402fffft	1211233411fffft	1 0 2 0 2 3 4 1 2 5 6 8 7 8 7 11 9 12 10 12 10 14 4 13 1 0 2 0 4 1 ffffffffffffttt
0102322402fffft	1122334444ffftf	1 0 2 0 2 3 4 2 6 5 8 7 9 10 12 11 13 11 13 14 4 13 1 0 2 0 2 3 4 2 ffffffffffftttt
0102322402fffft	1211233411fffft	1 0 2 0 2 3 4 2 2 5 6 8 7 8 7 11 9 12 10 12 10 14 4 13 1 0 2 3 4 2 ffffffffffffttt
0102323402fffft	1122334444ffftf	1 0 2 0 2 3 4 3 6 5 8 7 9 10 12 11 13 11 13 14 4 14 1 0 2 0 2 3 4 3 ffffffffffftttt
0102324102fffft	1122334444ffftf	1 0 2 0 2 3 1 4 6 5 8 7 9 10 12 11 13 11 13 14 12 4 1 0 2 0 2 3 1 4 ffffffffffftttt
0102324202fffft	1122334444ffftf	1 0 2 0 2 3 2 4 6 5 8 7 9 10 12 11 13 11 13 14 13 4 1 0 2 0 2 3 2 4 ffffffffffftttt
0102341134fffft	1211233411fffft	2 0 2 2 3 0 4 1 4 6 7 8 5 10 4 9 10 12 10 14 11 12 4 13 2 0 2 2 3 0 ffffffffffffttt
0102342134fffft	1211233411fffft	1 0 3 0 1 3 4 2 4 7 6 8 4 9 5 11 10 12 10 14 11 12 4 13 1 0 1 3 4 2 ffffffffffffttt
0102342134fffft	1211234411fffft	1 0 3 0 1 3 4 2 4 7 6 8 4 9 5 10 11 13 11 14 4 12 3 0 1 3 1 0 4 2 ffffffffffftttt
0121032421fffft	1122334444ffftf	1 0 1 2 3 0 4 2 5 6 8 9 10 7 12 11 12 13 14 11 4 13 1 0 1 2 3 0 4 2 ffffffffffftttt
