0111tf	010202fft	1 0 1 2 1 3 1 3 ffft
0111tf	010212fft	1 0 1 2 1 3 2 3 ffft
0111tf	010212ftt	1 0 1 2 1 3 2 3 fftt
0111tf	010222fft	1 0 1 2 1 3 3 3 ffft
0111tf	010222ftt	1 0 1 2 1 3 3 3 fftt
0111tf	011212fft	1 0 1 2 2 3 2 3 ffft
0111tf	011222fft	1 0 1 2 2 3 3 3 ffft
0111tf	012101fft	1 0 1 2 3 2 1 2 ffft
0111tf	012101ftt	1 0 1 2 3 2 1 2 fftt
0111tf	012111fft	1 0 1 2 3 2 2 2 ffft
0111tf	012111ftf	1 0 1 3 3 3 2 3 ffft
0111tf	012121fft	1 0 1 2 3 2 3 2 ffft
0111tf	012122fft	1 0 1 2 3 2 3 3 ffft
0111tf	012222fft	1 0 1 2 3 3 3 3 ffft
