0111tf	01020303ffft	1 0 1 2 1 3 1 4 1 4 fffft
0111tf	01020313ffft	1 0 1 2 1 3 1 4 2 4 fffft
0111tf	01020313fftt	1 0 1 2 1 3 1 4 2 4 ffftt
0111tf	01020313fttt	1 0 1 2 1 3 1 4 2 4 ffttt
0111tf	01020323ffft	1 0 1 2 1 3 1 4 3 4 fffft
0111tf	01020323fftt	1 0 1 2 1 3 1 4 3 4 ffftt
0111tf	01020323fttt	1 0 1 2 1 3 1 4 3 4 ffttt
0111tf	01020333ffft	1 0 1 2 1 3 1 4 4 4 fffft
0111tf	01020333fftt	1 0 1 2 1 3 1 4 4 4 ffftt
0111tf	01020333fttt	1 0 1 2 1 3 1 4 4 4 ffttt
0111tf	01021313ffft	1 0 1 2 1 3 2 4 2 4 fffft
0111tf	01021323ffft	1 0 1 2 1 3 2 4 3 4 fffft
0111tf	01021323fftt	1 0 1 2 1 3 2 4 3 4 ffftt
0111tf	01021323fttt	1 0 1 2 1 3 2 4 3 4 ffttt
0111tf	01021333ffft	1 0 1 2 1 3 2 4 4 4 fffft
0111tf	01021333fftt	1 0 1 2 1 3 2 4 4 4 ffftt
0111tf	01021333fttt	1 0 1 2 1 3 2 4 4 4 ffttt
0111tf	01022323ffft	1 0 1 2 1 3 3 4 3 4 fffft
0111tf	01022333ffft	1 0 1 2 1 3 3 4 4 4 fffft
0111tf	01023201ffft	1 0 1 2 1 3 4 3 1 2 fffft
0111tf	01023201fftt	1 0 1 2 1 3 4 3 1 2 ffftt
0111tf	01023201fttt	1 0 1 2 1 4 1 2 3 4 ffttt
0111tf	01023202ffft	1 0 1 2 1 3 4 3 1 3 fffft
0111tf	01023202fftt	1 0 1 2 1 3 4 3 1 3 ffftt
0111tf	01023211ffft	1 0 1 2 1 3 4 3 2 2 fffft
0111tf	01023211fftf	1 0 1 3 3 3 1 4 2 4 fffft
0111tf	01023211fftt	1 0 1 2 1 3 4 3 2 2 ffftt
0111tf	01023211fttf	1 0 1 3 3 3 1 4 2 4 ffftt
0111tf	01023211fttt	1 0 1 2 1 3 4 3 2 2 ffttt
0111tf	01023212ffft	1 0 1 2 1 3 4 3 2 3 fffft
0111tf	01023212fftf	1 0 1 2 1 4 2 4 3 4 fffft
0111tf	01023212fftt	1 0 1 2 1 3 4 3 2 3 ffftt
0111tf	01023212fttf	1 0 1 3 3 4 1 4 2 4 ffftt
0111tf	01023212fttt	1 0 1 2 1 3 4 3 2 3 ffttt
0111tf	01023221ffft	1 0 1 2 1 3 4 3 3 2 fffft
0111tf	01023221fftf	1 0 1 2 1 4 4 2 3 4 fffft
0111tf	01023221fftt	1 0 1 2 1 3 4 3 3 2 ffftt
0111tf	01023221fttf	1 0 1 3 4 3 1 4 2 4 ffftt
0111tf	01023221fttt	1 0 1 2 1 3 4 3 3 2 ffttt
0111tf	01023222ffft	1 0 1 2 1 3 4 3 3 3 fffft
0111tf	01023222fftf	1 0 1 2 1 4 4 4 3 4 fffft
0111tf	01023222fttf	1 0 1 3 4 4 1 4 2 4 ffftt
0111tf	01023231ffft	1 0 1 2 1 3 4 3 4 2 fffft
0111tf	01023231fftt	1 0 1 2 1 3 4 3 4 2 ffftt
0111tf	01023231fttt	1 0 1 2 1 3 4 3 4 2 ffttt
0111tf	01023232ffft	1 0 1 2 1 3 4 3 4 3 fffft
0111tf	01023232fftf	1 0 1 2 1 4 3 4 3 4 fffft
0111tf	01023233ffft	1 0 1 2 1 3 4 3 4 4 fffft
0111tf	01023333ffft	1 0 1 2 1 3 4 4 4 4 fffft
0111tf	01121313ffft	1 0 1 2 2 3 2 4 2 4 fffft
0111tf	01121323ffft	1 0 1 2 2 3 2 4 3 4 fffft
0111tf	01121323fftt	1 0 1 2 2 3 2 4 3 4 ffftt
0111tf	01121333ffft	1 0 1 2 2 3 2 4 4 4 fffft
0111tf	01121333fftt	1 0 1 2 2 3 2 4 4 4 ffftt
0111tf	01122323ffft	1 0 1 2 2 3 3 4 3 4 fffft
0111tf	01122333ffft	1 0 1 2 2 3 3 4 4 4 fffft
0111tf	01123212ffft	1 0 1 2 2 3 4 3 2 3 fffft
0111tf	01123212fftt	1 0 1 2 2 3 4 3 2 3 ffftt
0111tf	01123222ffft	1 0 1 2 2 3 4 3 3 3 fffft
0111tf	01123222fftf	1 0 1 2 2 4 4 4 3 4 fffft
0111tf	01123232ffft	1 0 1 2 2 3 4 3 4 3 fffft
0111tf	01123233ffft	1 0 1 2 2 3 4 3 4 4 fffft
0111tf	01123333ffft	1 0 1 2 2 3 4 4 4 4 fffft
0111tf	01210321ffft	1 0 1 2 3 2 1 4 3 2 fffft
0111tf	01210321fftt	1 0 1 2 3 2 1 4 3 2 ffftt
0111tf	01210323ffft	1 0 1 2 3 2 1 4 3 4 fffft
0111tf	01210323fftt	1 0 1 2 3 2 1 4 3 4 ffftt
0111tf	01210333ffft	1 0 1 2 3 2 1 4 4 4 fffft
0111tf	01210333fftt	1 0 1 2 3 2 1 4 4 4 ffftt
0111tf	01210333ftft	1 0 1 3 1 4 2 3 4 4 ffftt
0111tf	01210333fttt	1 0 1 2 4 2 3 3 1 3 ffttt
0111tf	01211321ffft	1 0 1 2 3 2 2 4 3 2 fffft
0111tf	01211321fftt	1 0 1 2 3 2 2 4 3 2 ffftt
0111tf	01211323ffft	1 0 1 2 3 2 2 4 3 4 fffft
0111tf	01211323fftt	1 0 1 2 3 2 2 4 3 4 ffftt
0111tf	01211333ffft	1 0 1 2 3 2 2 4 4 4 fffft
0111tf	01211333fftt	1 0 1 2 3 2 2 4 4 4 ffftt
0111tf	01211333ftft	1 0 1 3 3 4 2 3 4 4 ffftt
0111tf	01212321ffft	1 0 1 2 3 2 3 4 3 2 fffft
0111tf	01212321fftt	1 0 1 2 3 2 3 4 3 2 ffftt
0111tf	01212322ffft	1 0 1 2 3 2 3 4 3 3 fffft
0111tf	01212322fftf	1 0 1 2 4 2 4 4 4 3 fffft
0111tf	01212323ffft	1 0 1 2 3 2 3 4 3 4 fffft
0111tf	01212333ffft	1 0 1 2 3 2 3 4 4 4 fffft
0111tf	01212333ftft	1 0 1 3 2 4 2 3 4 4 ffftt
0111tf	01213101ffft	1 0 1 2 3 2 4 2 1 2 fffft
0111tf	01213101fftt	1 0 1 2 3 2 4 2 1 2 ffftt
0111tf	01213101ftft	1 0 1 3 4 3 2 3 1 3 ffftt
0111tf	01213101fttt	1 0 1 2 3 2 4 2 1 2 ffttt
0111tf	01213111ffft	1 0 1 2 3 2 4 2 2 2 fffft
0111tf	01213111fftf	1 0 1 3 3 3 4 3 2 3 fffft
0111tf	01213111fftt	1 0 1 2 3 2 4 2 2 2 ffftt
0111tf	01213111ftff	1 0 1 4 3 4 4 4 2 4 fffft
0111tf	01213111ftft	1 0 1 3 4 3 2 3 3 3 ffftt
0111tf	01213111fttf	1 0 1 3 3 3 4 3 2 3 ffftt
0111tf	01213121ffft	1 0 1 2 3 2 4 2 3 2 fffft
0111tf	01213121fttf	1 0 1 3 4 3 4 3 2 3 ffftt
0111tf	01213123ffft	1 0 1 2 3 2 4 2 3 4 fffft
0111tf	01213123fftt	1 0 1 2 3 2 4 2 3 4 ffftt
0111tf	01213131ffft	1 0 1 2 3 2 4 2 4 2 fffft
0111tf	01213131ftft	1 0 1 3 4 3 2 3 4 3 ffftt
0111tf	01213132ffft	1 0 1 2 3 2 4 2 4 3 fffft
0111tf	01213132fftt	1 0 1 2 3 2 4 2 4 3 ffftt
0111tf	01213133ffft	1 0 1 2 3 2 4 2 4 4 fffft
0111tf	01213133fftt	1 0 1 2 3 2 4 2 4 4 ffftt
0111tf	01213133ftft	1 0 1 3 4 3 2 3 4 4 ffftt
0111tf	01213232ffft	1 0 1 2 3 2 4 3 4 3 fffft
0111tf	01213233ffft	1 0 1 2 3 2 4 3 4 4 fffft
0111tf	01213321ffft	1 0 1 2 3 2 4 4 3 2 fffft
0111tf	01213321fftt	1 0 1 2 3 2 4 4 3 2 ffftt
0111tf	01213323ffft	1 0 1 2 3 2 4 4 3 4 fffft
0111tf	01213333ffft	1 0 1 2 3 2 4 4 4 4 fffft
0111tf	01213333ftft	1 0 1 3 4 4 2 3 4 4 ffftt
0111tf	01222323ffft	1 0 1 2 3 3 3 4 3 4 fffft
0111tf	01222333ffft	1 0 1 2 3 3 3 4 4 4 fffft
0111tf	01223232ffft	1 0 1 2 3 3 4 3 4 3 fffft
0111tf	01223233ffft	1 0 1 2 3 3 4 3 4 4 fffft
0111tf	01223333ffft	1 0 1 2 3 3 4 4 4 4 fffft
0111tf	01230113fttt	1 0 1 2 4 3 2 3 1 2 ffttt
0111tf	01230123fftt	1 0 1 2 3 4 1 2 3 4 ffftt
0111tf	01230133fftt	1 0 1 2 3 4 1 2 4 4 ffftt
0111tf	01230133fttt	1 0 1 2 4 3 3 3 1 2 ffttt
0111tf	01230313ffft	1 0 1 2 3 4 1 4 2 4 fffft
0111tf	01230313ftft	1 0 1 3 1 4 2 4 3 4 ffftt
0111tf	01230313fttt	1 0 1 2 4 3 2 3 1 3 ffttt
0111tf	01230323ffft	1 0 1 2 3 4 1 4 3 4 fffft
0111tf	01230323fftt	1 0 1 2 3 4 1 4 3 4 ffftt
0111tf	01230333ffft	1 0 1 2 3 4 1 4 4 4 fffft
0111tf	01230333fftt	1 0 1 2 3 4 1 4 4 4 ffftt
0111tf	01230333ftft	1 0 1 3 1 4 2 4 4 4 ffftt
0111tf	01230333fttt	1 0 1 2 4 3 3 3 1 3 ffttt
0111tf	01231123ffft	1 0 1 3 3 3 2 4 2 4 fffft
0111tf	01231123fftt	1 0 1 2 3 4 2 2 3 4 ffftt
0111tf	01231133ffft	1 0 1 3 3 3 2 4 4 4 fffft
0111tf	01231133fftt	1 0 1 2 3 4 2 2 4 4 ffftt
0111tf	01231133ftft	1 0 1 3 3 3 2 4 4 4 ffftt
0111tf	01231323fftt	1 0 1 2 3 4 2 4 3 4 ffftt
0111tf	01231333fftt	1 0 1 2 3 4 2 4 4 4 ffftt
0111tf	01231333ftft	1 0 1 3 3 4 2 4 4 4 ffftt
0111tf	01232123fftt	1 0 1 2 3 4 3 2 3 4 ffftt
0111tf	01232133fftt	1 0 1 2 3 4 3 2 4 4 ffftt
0111tf	01232222fftf	1 0 1 2 4 3 4 4 4 4 fffft
0111tf	01232313ftft	1 0 1 3 2 4 2 4 3 4 ffftt
0111tf	01232333ftft	1 0 1 3 2 4 2 4 4 4 ffftt
0111tf	01233123ffft	1 0 1 2 3 4 4 2 3 4 fffft
0111tf	01233123fftt	1 0 1 2 3 4 4 2 3 4 ffftt
0111tf	01233133ffft	1 0 1 2 3 4 4 2 4 4 fffft
0111tf	01233133fftt	1 0 1 2 3 4 4 2 4 4 ffftt
0111tf	01233133ftft	1 0 1 3 4 3 2 4 4 4 ffftt
0111tf	01233323ffft	1 0 1 2 3 4 4 4 3 4 fffft
0111tf	01233333ffft	1 0 1 2 3 4 4 4 4 4 fffft
0111tf	01233333ftft	1 0 1 3 4 4 2 4 4 4 ffftt
