0101ft	0102030444fffft	1 0 1 2 1 3 1 4 1 5 1 5 ffffft
0101ft	0102031444fffft	1 0 1 2 1 3 1 4 1 5 1 5 ffffft
0101ft	0102032444fffft	1 0 1 2 1 3 1 4 1 5 1 5 ffffft
0101ft	0102033444fffft	1 0 1 2 1 3 1 4 1 5 1 5 ffffft
0101ft	0102034444fffft	1 0 1 2 1 3 1 4 1 5 1 5 ffffft
0101ft	0102130444fffft	1 0 1 2 1 3 1 4 1 5 1 5 ffffft
0101ft	0102131444fffft	1 0 1 2 1 3 1 4 1 5 1 5 ffffft
0101ft	0102132444fffft	1 0 1 2 1 3 1 4 1 5 1 5 ffffft
0101ft	0102133444fffft	1 0 1 2 1 3 1 4 1 5 1 5 ffffft
0101ft	0102134444fffft	1 0 1 2 1 3 1 4 1 5 1 5 ffffft
0101ft	0102230444fffft	1 0 1 2 1 3 1 4 1 5 1 5 ffffft
0101ft	0102231444fffft	1 0 1 2 1 3 1 4 1 5 1 5 ffffft
0101ft	0102232444fffft	1 0 1 2 1 3 1 4 1 5 1 5 ffffft
0101ft	0102233444fffft	1 0 1 2 1 3 1 4 1 5 1 5 ffffft
0101ft	0102234444fffft	1 0 1 2 1 3 1 4 1 5 1 5 ffffft
0101ft	0102330444fffft	1 0 1 2 1 3 1 4 1 5 1 5 ffffft
0101ft	0102331444fffft	1 0 1 2 1 3 1 4 1 5 1 5 ffffft
0101ft	0102332444fffft	1 0 1 2 1 3 1 4 1 5 1 5 ffffft
0101ft	0102333444fffft	1 0 1 2 1 3 1 4 1 5 1 5 ffffft
0101ft	0102334444fffft	1 0 1 2 1 3 1 4 1 5 1 5 ffffft
0101ft	0102343303ffftf	1 0 1 2 1 3 1 4 1 5 1 5 ffffft
0101ft	0102343313ffftf	1 0 1 2 1 3 1 4 1 5 1 5 ffffft
0101ft	0102343323ffftf	1 0 1 2 1 3 1 4 1 5 1 5 ffffft
0101ft	0102343333ffftf	1 0 1 2 1 3 1 4 1 5 1 5 ffffft
0101ft	0102343343ffftf	1 0 1 2 1 3 1 4 1 5 1 5 ffffft
0101ft	0112030444fffft	1 0 1 2 1 3 1 4 1 5 1 5 ffffft
0101ft	0112031444fffft	1 0 1 2 1 3 1 4 1 5 1 5 ffffft
0101ft	0112032444fffft	1 0 1 2 1 3 1 4 1 5 1 5 ffffft
0101ft	0112033444fffft	1 0 1 2 1 3 1 4 1 5 1 5 ffffft
0101ft	0112034444fffft	1 0 1 2 1 3 1 4 1 5 1 5 ffffft
0101ft	0112130444fffft	1 0 1 2 1 3 1 4 1 5 1 5 ffffft
0101ft	0112131444fffft	1 0 1 2 1 3 1 4 1 5 1 5 ffffft
0101ft	0112132444fffft	1 0 1 2 1 3 1 4 1 5 1 5 ffffft
0101ft	0112133444fffft	1 0 1 2 1 3 1 4 1 5 1 5 ffffft
0101ft	0112134444fffft	1 0 1 2 1 3 1 4 1 5 1 5 ffffft
0101ft	0112230444fffft	1 0 1 2 1 3 1 4 1 5 1 5 ffffft
0101ft	0112231444fffft	1 0 1 2 1 3 1 4 1 5 1 5 ffffft
0101ft	0112232444fffft	1 0 1 2 1 3 1 4 1 5 1 5 ffffft
0101ft	0112233444fffft	1 0 1 2 1 3 1 4 1 5 1 5 ffffft
0101ft	0112234444fffft	1 0 1 2 1 3 1 4 1 5 1 5 ffffft
0101ft	0112330444fffft	1 0 1 2 1 3 1 4 1 5 1 5 ffffft
0101ft	0112331444fffft	1 0 1 2 1 3 1 4 1 5 1 5 ffffft
0101ft	0112332444fffft	1 0 1 2 1 3 1 4 1 5 1 5 ffffft
0101ft	0112333444fffft	1 0 1 2 1 3 1 4 1 5 1 5 ffffft
0101ft	0112334444fffft	1 0 1 2 1 3 1 4 1 5 1 5 ffffft
0101ft	0112343303ffftf	1 0 1 2 1 3 1 4 1 5 1 5 ffffft
0101ft	0112343313ffftf	1 0 1 2 1 3 1 4 1 5 1 5 ffffft
0101ft	0112343323ffftf	1 0 1 2 1 3 1 4 1 5 1 5 ffffft
0101ft	0112343333ffftf	1 0 1 2 1 3 1 4 1 5 1 5 ffffft
0101ft	0112343343ffftf	1 0 1 2 1 3 1 4 1 5 1 5 ffffft
0101ft	0122030444fffft	1 0 1 2 1 3 1 4 1 5 1 5 ffffft
0101ft	0122031444fffft	1 0 1 2 1 3 1 4 1 5 1 5 ffffft
0101ft	0122032444fffft	1 0 1 2 1 3 1 4 1 5 1 5 ffffft
0101ft	0122033444fffft	1 0 1 2 1 3 1 4 1 5 1 5 ffffft
0101ft	0122034444fffft	1 0 1 2 1 3 1 4 1 5 1 5 ffffft
0101ft	0122130444fffft	1 0 1 2 1 3 1 4 1 5 1 5 ffffft
0101ft	0122131444fffft	1 0 1 2 1 3 1 4 1 5 1 5 ffffft
0101ft	0122132444fffft	1 0 1 2 1 3 1 4 1 5 1 5 ffffft
0101ft	0122133444fffft	1 0 1 2 1 3 1 4 1 5 1 5 ffffft
0101ft	0122134444fffft	1 0 1 2 1 3 1 4 1 5 1 5 ffffft
0101ft	0122230444fffft	1 0 1 2 1 3 1 4 1 5 1 5 ffffft
0101ft	0122231444fffft	1 0 1 2 1 3 1 4 1 5 1 5 ffffft
0101ft	0122232444fffft	1 0 1 2 1 3 1 4 1 5 1 5 ffffft
0101ft	0122233444fffft	1 0 1 2 1 3 1 4 1 5 1 5 ffffft
0101ft	0122234444fffft	1 0 1 2 1 3 1 4 1 5 1 5 ffffft
0101ft	0122330444fffft	1 0 1 2 1 3 1 4 1 5 1 5 ffffft
0101ft	0122331444fffft	1 0 1 2 1 3 1 4 1 5 1 5 ffffft
0101ft	0122332444fffft	1 0 1 2 1 3 1 4 1 5 1 5 ffffft
0101ft	0122333444fffft	1 0 1 2 1 3 1 4 1 5 1 5 ffffft
0101ft	0122334444fffft	1 0 1 2 1 3 1 4 1 5 1 5 ffffft
0101ft	0122343303ffftf	1 0 1 2 1 3 1 4 1 5 1 5 ffffft
0101ft	0122343313ffftf	1 0 1 2 1 3 1 4 1 5 1 5 ffffft
0101ft	0122343323ffftf	1 0 1 2 1 3 1 4 1 5 1 5 ffffft
0101ft	0122343333ffftf	1 0 1 2 1 3 1 4 1 5 1 5 ffffft
0101ft	0122343343ffftf	1 0 1 2 1 3 1 4 1 5 1 5 ffffft
0101ft	0123040244fffft	1 0 1 2 1 3 1 4 1 5 1 5 ffffft
0101ft	0123041244fffft	1 0 1 2 1 3 1 4 1 5 1 5 ffffft
0101ft	0123042244fffft	1 0 1 2 1 3 1 4 1 5 1 5 ffffft
0101ft	0123043244fffft	1 0 1 2 1 3 1 4 1 5 1 5 ffffft
0101ft	0123044244fffft	1 0 1 2 1 3 1 4 1 5 1 5 ffffft
0101ft	0123140244fffft	1 0 1 2 1 3 1 4 1 5 1 5 ffffft
0101ft	0123141244fffft	1 0 1 2 1 3 1 4 1 5 1 5 ffffft
0101ft	0123142244fffft	1 0 1 2 1 3 1 4 1 5 1 5 ffffft
0101ft	0123143244fffft	1 0 1 2 1 3 1 4 1 5 1 5 ffffft
0101ft	0123144244fffft	1 0 1 2 1 3 1 4 1 5 1 5 ffffft
0101ft	0123220402fftff	1 0 1 2 1 3 1 4 1 5 1 5 ffffft
0101ft	0123220412fftff	1 0 1 2 1 3 1 4 1 5 1 5 ffffft
0101ft	0123220422fftff	1 0 1 2 1 3 1 4 1 5 1 5 ffffft
0101ft	0123220432fftff	1 0 1 2 1 3 1 4 1 5 1 5 ffffft
0101ft	0123220442fftff	1 0 1 2 1 3 1 4 1 5 1 5 ffffft
0101ft	0123221402fftff	1 0 1 2 1 3 1 4 1 5 1 5 ffffft
0101ft	0123221412fftff	1 0 1 2 1 3 1 4 1 5 1 5 ffffft
0101ft	0123221422fftff	1 0 1 2 1 3 1 4 1 5 1 5 ffffft
0101ft	0123221432fftff	1 0 1 2 1 3 1 4 1 5 1 5 ffffft
0101ft	0123221442fftff	1 0 1 2 1 3 1 4 1 5 1 5 ffffft
0101ft	0123222402fftff	1 0 1 2 1 3 1 4 1 5 1 5 ffffft
0101ft	0123222412fftff	1 0 1 2 1 3 1 4 1 5 1 5 ffffft
0101ft	0123222422fftff	1 0 1 2 1 3 1 4 1 5 1 5 ffffft
0101ft	0123222432fftff	1 0 1 2 1 3 1 4 1 5 1 5 ffffft
0101ft	0123222442fftff	1 0 1 2 1 3 1 4 1 5 1 5 ffffft
0101ft	0123223402fftff	1 0 1 2 1 3 1 4 1 5 1 5 ffffft
0101ft	0123223412fftff	1 0 1 2 1 3 1 4 1 5 1 5 ffffft
0101ft	0123223422fftff	1 0 1 2 1 3 1 4 1 5 1 5 ffffft
0101ft	0123223432fftff	1 0 1 2 1 3 1 4 1 5 1 5 ffffft
0101ft	0123223442fftff	1 0 1 2 1 3 1 4 1 5 1 5 ffffft
0101ft	0123224402fftff	1 0 1 2 1 3 1 4 1 5 1 5 ffffft
0101ft	0123224412fftff	1 0 1 2 1 3 1 4 1 5 1 5 ffffft
0101ft	0123224422fftff	1 0 1 2 1 3 1 4 1 5 1 5 ffffft
0101ft	0123224432fftff	1 0 1 2 1 3 1 4 1 5 1 5 ffffft
0101ft	0123224442fftff	1 0 1 2 1 3 1 4 1 5 1 5 ffffft
0101ft	0123240244fffft	1 0 1 2 1 3 1 4 1 5 1 5 ffffft
0101ft	0123241244fffft	1 0 1 2 1 3 1 4 1 5 1 5 ffffft
0101ft	0123242244fffft	1 0 1 2 1 3 1 4 1 5 1 5 ffffft
0101ft	0123243244fffft	1 0 1 2 1 3 1 4 1 5 1 5 ffffft
0101ft	0123244244fffft	1 0 1 2 1 3 1 4 1 5 1 5 ffffft
0101ft	0123340244fffft	1 0 1 2 1 3 1 4 1 5 1 5 ffffft
0101ft	0123341244fffft	1 0 1 2 1 3 1 4 1 5 1 5 ffffft
0101ft	0123342244fffft	1 0 1 2 1 3 1 4 1 5 1 5 ffffft
0101ft	0123343244fffft	1 0 1 2 1 3 1 4 1 5 1 5 ffffft
0101ft	0123344244fffft	1 0 1 2 1 3 1 4 1 5 1 5 ffffft
0101ft	0123440244fffft	1 0 1 2 1 3 1 4 1 5 1 5 ffffft
0101ft	0123441244fffft	1 0 1 2 1 3 1 4 1 5 1 5 ffffft
0101ft	0123442244fffft	1 0 1 2 1 3 1 4 1 5 1 5 ffffft
0101ft	0123443244fffft	1 0 1 2 1 3 1 4 1 5 1 5 ffffft
0101ft	0123444244fffft	1 0 1 2 1 3 1 4 1 5 1 5 ffffft
0101ft	1102030444fffft	1 0 1 2 1 3 1 4 1 5 1 5 ffffft
0101ft	1102031444fffft	1 0 1 2 1 3 1 4 1 5 1 5 ffffft
0101ft	1102032444fffft	1 0 1 2 1 3 1 4 1 5 1 5 ffffft
0101ft	1102033444fffft	1 0 1 2 1 3 1 4 1 5 1 5 ffffft
0101ft	1102034444fffft	1 0 1 2 1 3 1 4 1 5 1 5 ffffft
0101ft	1102130444fffft	1 0 1 2 1 3 1 4 1 5 1 5 ffffft
0101ft	1102131444fffft	1 0 1 2 1 3 1 4 1 5 1 5 ffffft
0101ft	1102132444fffft	1 0 1 2 1 3 1 4 1 5 1 5 ffffft
0101ft	1102133444fffft	1 0 1 2 1 3 1 4 1 5 1 5 ffffft
0101ft	1102134444fffft	1 0 1 2 1 3 1 4 1 5 1 5 ffffft
0101ft	1102230444fffft	1 0 1 2 1 3 1 4 1 5 1 5 ffffft
0101ft	1102231444fffft	1 0 1 2 1 3 1 4 1 5 1 5 ffffft
0101ft	1102232444fffft	1 0 1 2 1 3 1 4 1 5 1 5 ffffft
0101ft	1102233444fffft	1 0 1 2 1 3 1 4 1 5 1 5 ffffft
0101ft	1102234444fffft	1 0 1 2 1 3 1 4 1 5 1 5 ffffft
0101ft	1102330444fffft	1 0 1 2 1 3 1 4 1 5 1 5 ffffft
0101ft	1102331444fffft	1 0 1 2 1 3 1 4 1 5 1 5 ffffft
0101ft	1102332444fffft	1 0 1 2 1 3 1 4 1 5 1 5 ffffft
0101ft	1102333444fffft	1 0 1 2 1 3 1 4 1 5 1 5 ffffft
0101ft	1102334444fffft	1 0 1 2 1 3 1 4 1 5 1 5 ffffft
0101ft	1102343303ffftf	1 0 1 2 1 3 1 4 1 5 1 5 ffffft
0101ft	1102343313ffftf	1 0 1 2 1 3 1 4 1 5 1 5 ffffft
0101ft	1102343323ffftf	1 0 1 2 1 3 1 4 1 5 1 5 ffffft
0101ft	1102343333ffftf	1 0 1 2 1 3 1 4 1 5 1 5 ffffft
0101ft	1102343343ffftf	1 0 1 2 1 3 1 4 1 5 1 5 ffffft
0101ft	1112030444fffft	1 0 1 2 1 3 1 4 1 5 1 5 ffffft
0101ft	1112031444fffft	1 0 1 2 1 3 1 4 1 5 1 5 ffffft
0101ft	1112032444fffft	1 0 1 2 1 3 1 4 1 5 1 5 ffffft
0101ft	1112033444fffft	1 0 1 2 1 3 1 4 1 5 1 5 ffffft
0101ft	1112034444fffft	1 0 1 2 1 3 1 4 1 5 1 5 ffffft
0101ft	1112130444fffft	1 0 1 2 1 3 1 4 1 5 1 5 ffffft
0101ft	1112131444fffft	1 0 1 2 1 3 1 4 1 5 1 5 ffffft
0101ft	1112132444fffft	1 0 1 2 1 3 1 4 1 5 1 5 ffffft
0101ft	1112133444fffft	1 0 1 2 1 3 1 4 1 5 1 5 ffffft
0101ft	1112134444fffft	1 0 1 2 1 3 1 4 1 5 1 5 ffffft
0101ft	1112230444fffft	1 0 1 2 1 3 1 4 1 5 1 5 ffffft
0101ft	1112231444fffft	1 0 1 2 1 3 1 4 1 5 1 5 ffffft
0101ft	1112232444fffft	1 0 1 2 1 3 1 4 1 5 1 5 ffffft
0101ft	1112233444fffft	1 0 1 2 1 3 1 4 1 5 1 5 ffffft
0101ft	1112234444fffft	1 0 1 2 1 3 1 4 1 5 1 5 ffffft
0101ft	1112330444fffft	1 0 1 2 1 3 1 4 1 5 1 5 ffffft
0101ft	1112331444fffft	1 0 1 2 1 3 1 4 1 5 1 5 ffffft
0101ft	1112332444fffft	1 0 1 2 1 3 1 4 1 5 1 5 ffffft
0101ft	1112333444fffft	1 0 1 2 1 3 1 4 1 5 1 5 ffffft
0101ft	1112334444fffft	1 0 1 2 1 3 1 4 1 5 1 5 ffffft
0101ft	1112343303ffftf	1 0 1 2 1 3 1 4 1 5 1 5 ffffft
0101ft	1112343313ffftf	1 0 1 2 1 3 1 4 1 5 1 5 ffffft
0101ft	1112343323ffftf	1 0 1 2 1 3 1 4 1 5 1 5 ffffft
0101ft	1112343333ffftf	1 0 1 2 1 3 1 4 1 5 1 5 ffffft
0101ft	1112343343ffftf	1 0 1 2 1 3 1 4 1 5 1 5 ffffft
0101ft	1122030444fffft	1 0 1 2 1 3 1 4 1 5 1 5 ffffft
0101ft	1122031444fffft	1 0 1 2 1 3 1 4 1 5 1 5 ffffft
0101ft	1122032444fffft	1 0 1 2 1 3 1 4 1 5 1 5 ffffft
0101ft	1122033444fffft	1 0 1 2 1 3 1 4 1 5 1 5 ffffft
0101ft	1122034444fffft	1 0 1 2 1 3 1 4 1 5 1 5 ffffft
0101ft	1122130444fffft	1 0 1 2 1 3 1 4 1 5 1 5 ffffft
0101ft	1122131444fffft	1 0 1 2 1 3 1 4 1 5 1 5 ffffft
0101ft	1122132444fffft	1 0 1 2 1 3 1 4 1 5 1 5 ffffft
0101ft	1122133444fffft	1 0 1 2 1 3 1 4 1 5 1 5 ffffft
0101ft	1122134444fffft	1 0 1 2 1 3 1 4 1 5 1 5 ffffft
0101ft	1122230444fffft	1 0 1 2 1 3 1 4 1 5 1 5 ffffft
0101ft	1122231444fffft	1 0 1 2 1 3 1 4 1 5 1 5 ffffft
0101ft	1122232444fffft	1 0 1 2 1 3 1 4 1 5 1 5 ffffft
0101ft	1122233444fffft	1 0 1 2 1 3 1 4 1 5 1 5 ffffft
0101ft	1122234444fffft	1 0 1 2 1 3 1 4 1 5 1 5 ffffft
0101ft	1122330444fffft	1 0 1 2 1 3 1 4 1 5 1 5 ffffft
0101ft	1122331444fffft	1 0 1 2 1 3 1 4 1 5 1 5 ffffft
0101ft	1122332444fffft	1 0 1 2 1 3 1 4 1 5 1 5 ffffft
0101ft	1122333444fffft	1 0 1 2 1 3 1 4 1 5 1 5 ffffft
0101ft	1122334444fffft	1 0 1 2 1 3 1 4 1 5 1 5 ffffft
0101ft	1122343303ffftf	1 0 1 2 1 3 1 4 1 5 1 5 ffffft
0101ft	1122343313ffftf	1 0 1 2 1 3 1 4 1 5 1 5 ffffft
0101ft	1122343323ffftf	1 0 1 2 1 3 1 4 1 5 1 5 ffffft
0101ft	1122343333ffftf	1 0 1 2 1 3 1 4 1 5 1 5 ffffft
0101ft	1122343343ffftf	1 0 1 2 1 3 1 4 1 5 1 5 ffffft
0101ft	1123040244fffft	1 0 1 2 1 3 1 4 1 5 1 5 ffffft
0101ft	1123041244fffft	1 0 1 2 1 3 1 4 1 5 1 5 ffffft
0101ft	1123042244fffft	1 0 1 2 1 3 1 4 1 5 1 5 ffffft
0101ft	1123043244fffft	1 0 1 2 1 3 1 4 1 5 1 5 ffffft
0101ft	1123044244fffft	1 0 1 2 1 3 1 4 1 5 1 5 ffffft
0101ft	1123140244fffft	1 0 1 2 1 3 1 4 1 5 1 5 ffffft
0101ft	1123141244fffft	1 0 1 2 1 3 1 4 1 5 1 5 ffffft
0101ft	1123142244fffft	1 0 1 2 1 3 1 4 1 5 1 5 ffffft
0101ft	1123143244fffft	1 0 1 2 1 3 1 4 1 5 1 5 ffffft
0101ft	1123144244fffft	1 0 1 2 1 3 1 4 1 5 1 5 ffffft
0101ft	1123220402fftff	1 0 1 2 1 3 1 4 1 5 1 5 ffffft
0101ft	1123220412fftff	1 0 1 2 1 3 1 4 1 5 1 5 ffffft
0101ft	1123220422fftff	1 0 1 2 1 3 1 4 1 5 1 5 ffffft
0101ft	1123220432fftff	1 0 1 2 1 3 1 4 1 5 1 5 ffffft
0101ft	1123220442fftff	1 0 1 2 1 3 1 4 1 5 1 5 ffffft
0101ft	1123221402fftff	1 0 1 2 1 3 1 4 1 5 1 5 ffffft
0101ft	1123221412fftff	1 0 1 2 1 3 1 4 1 5 1 5 ffffft
0101ft	1123221422fftff	1 0 1 2 1 3 1 4 1 5 1 5 ffffft
0101ft	1123221432fftff	1 0 1 2 1 3 1 4 1 5 1 5 ffffft
0101ft	1123221442fftff	1 0 1 2 1 3 1 4 1 5 1 5 ffffft
0101ft	1123222402fftff	1 0 1 2 1 3 1 4 1 5 1 5 ffffft
0101ft	1123222412fftff	1 0 1 2 1 3 1 4 1 5 1 5 ffffft
0101ft	1123222422fftff	1 0 1 2 1 3 1 4 1 5 1 5 ffffft
0101ft	1123222432fftff	1 0 1 2 1 3 1 4 1 5 1 5 ffffft
0101ft	1123222442fftff	1 0 1 2 1 3 1 4 1 5 1 5 ffffft
0101ft	1123223402fftff	1 0 1 2 1 3 1 4 1 5 1 5 ffffft
0101ft	1123223412fftff	1 0 1 2 1 3 1 4 1 5 1 5 ffffft
0101ft	1123223422fftff	1 0 1 2 1 3 1 4 1 5 1 5 ffffft
0101ft	1123223432fftff	1 0 1 2 1 3 1 4 1 5 1 5 ffffft
0101ft	1123223442fftff	1 0 1 2 1 3 1 4 1 5 1 5 ffffft
0101ft	1123224402fftff	1 0 1 2 1 3 1 4 1 5 1 5 ffffft
0101ft	1123224412fftff	1 0 1 2 1 3 1 4 1 5 1 5 ffffft
0101ft	1123224422fftff	1 0 1 2 1 3 1 4 1 5 1 5 ffffft
0101ft	1123224432fftff	1 0 1 2 1 3 1 4 1 5 1 5 ffffft
0101ft	1123224442fftff	1 0 1 2 1 3 1 4 1 5 1 5 ffffft
0101ft	1123240244fffft	1 0 1 2 1 3 1 4 1 5 1 5 ffffft
0101ft	1123241244fffft	1 0 1 2 1 3 1 4 1 5 1 5 ffffft
0101ft	1123242244fffft	1 0 1 2 1 3 1 4 1 5 1 5 ffffft
0101ft	1123243244fffft	1 0 1 2 1 3 1 4 1 5 1 5 ffffft
0101ft	1123244244fffft	1 0 1 2 1 3 1 4 1 5 1 5 ffffft
0101ft	1123344244fffft	1 0 1 2 1 3 1 4 1 5 1 5 ffffft
0101ft	1203010444fffft	1 0 1 2 1 3 1 4 1 5 1 5 ffffft
0101ft	1203011444fffft	1 0 1 2 1 3 1 4 1 5 1 5 ffffft
0101ft	1203012444fffft	1 0 1 2 1 3 1 4 1 5 1 5 ffffft
0101ft	1203013444fffft	1 0 1 2 1 3 1 4 1 5 1 5 ffffft
0101ft	1203014444fffft	1 0 1 2 1 3 1 4 1 5 1 5 ffffft
0101ft	1203043301ffftf	1 0 1 2 1 3 1 4 1 5 1 5 ffffft
0101ft	1203043311ffftf	1 0 1 2 1 3 1 4 1 5 1 5 ffffft
0101ft	1203043321ffftf	1 0 1 2 1 3 1 4 1 5 1 5 ffffft
0101ft	1203043331ffftf	1 0 1 2 1 3 1 4 1 5 1 5 ffffft
0101ft	1203043341ffftf	1 0 1 2 1 3 1 4 1 5 1 5 ffffft
0101ft	1203110444fffft	1 0 1 2 1 3 1 4 1 5 1 5 ffffft
0101ft	1203111444fffft	1 0 1 2 1 3 1 4 1 5 1 5 ffffft
0101ft	1203112444fffft	1 0 1 2 1 3 1 4 1 5 1 5 ffffft
0101ft	1203113444fffft	1 0 1 2 1 3 1 4 1 5 1 5 ffffft
0101ft	1203114444fffft	1 0 1 2 1 3 1 4 1 5 1 5 ffffft
0101ft	1203143301ffftf	1 0 1 2 1 3 1 4 1 5 1 5 ffffft
0101ft	1203143311ffftf	1 0 1 2 1 3 1 4 1 5 1 5 ffffft
0101ft	1203143321ffftf	1 0 1 2 1 3 1 4 1 5 1 5 ffffft
0101ft	1203143331ffftf	1 0 1 2 1 3 1 4 1 5 1 5 ffffft
0101ft	1203143341ffftf	1 0 1 2 1 3 1 4 1 5 1 5 ffffft
0101ft	1203210444fffft	1 0 1 2 1 3 1 4 1 5 1 5 ffffft
0101ft	1203211444fffft	1 0 1 2 1 3 1 4 1 5 1 5 ffffft
0101ft	1203212444fffft	1 0 1 2 1 3 1 4 1 5 1 5 ffffft
0101ft	1203213444fffft	1 0 1 2 1 3 1 4 1 5 1 5 ffffft
0101ft	1203214444fffft	1 0 1 2 1 3 1 4 1 5 1 5 ffffft
0101ft	1203243301ffftf	1 0 1 2 1 3 1 4 1 5 1 5 ffffft
0101ft	1203243311ffftf	1 0 1 2 1 3 1 4 1 5 1 5 ffffft
0101ft	1203243321ffftf	1 0 1 2 1 3 1 4 1 5 1 5 ffffft
0101ft	1203243331ffftf	1 0 1 2 1 3 1 4 1 5 1 5 ffffft
0101ft	1203243341ffftf	1 0 1 2 1 3 1 4 1 5 1 5 ffffft
0101ft	1203310444fffft	1 0 1 2 1 3 1 4 1 5 1 5 ffffft
0101ft	1203311444fffft	1 0 1 2 1 3 1 4 1 5 1 5 ffffft
0101ft	1203312444fffft	1 0 1 2 1 3 1 4 1 5 1 5 ffffft
0101ft	1203313444fffft	1 0 1 2 1 3 1 4 1 5 1 5 ffffft
0101ft	1203314444fffft	1 0 1 2 1 3 1 4 1 5 1 5 ffffft
0101ft	1203343301ffftf	1 0 1 2 1 3 1 4 1 5 1 5 ffffft
0101ft	1203343311ffftf	1 0 1 2 1 3 1 4 1 5 1 5 ffffft
0101ft	1203343321ffftf	1 0 1 2 1 3 1 4 1 5 1 5 ffffft
0101ft	1203343331ffftf	1 0 1 2 1 3 1 4 1 5 1 5 ffffft
0101ft	1203343341ffftf	1 0 1 2 1 3 1 4 1 5 1 5 ffffft
0101ft	1203410444fffft	1 0 1 2 1 3 1 4 1 5 1 5 ffffft
0101ft	1203411444fffft	1 0 1 2 1 3 1 4 1 5 1 5 ffffft
0101ft	1203412444fffft	1 0 1 2 1 3 1 4 1 5 1 5 ffffft
0101ft	1203413444fffft	1 0 1 2 1 3 1 4 1 5 1 5 ffffft
0101ft	1203414444fffft	1 0 1 2 1 3 1 4 1 5 1 5 ffffft
0101ft	1203443301ffftf	1 0 1 2 1 3 1 4 1 5 1 5 ffffft
0101ft	1203443311ffftf	1 0 1 2 1 3 1 4 1 5 1 5 ffffft
0101ft	1203443321ffftf	1 0 1 2 1 3 1 4 1 5 1 5 ffffft
0101ft	1203443331ffftf	1 0 1 2 1 3 1 4 1 5 1 5 ffffft
0101ft	1203443341ffftf	1 0 1 2 1 3 1 4 1 5 1 5 ffffft
0101ft	1211030401ftfff	1 0 1 2 1 3 1 4 1 5 1 5 ffffft
0101ft	1211030411ftfff	1 0 1 2 1 3 1 4 1 5 1 5 ffffft
0101ft	1211030421ftfff	1 0 1 2 1 3 1 4 1 5 1 5 ffffft
0101ft	1211030431ftfff	1 0 1 2 1 3 1 4 1 5 1 5 ffffft
0101ft	1211030441ftfff	1 0 1 2 1 3 1 4 1 5 1 5 ffffft
0101ft	1211031401ftfff	1 0 1 2 1 3 1 4 1 5 1 5 ffffft
0101ft	1211031411ftfff	1 0 1 2 1 3 1 4 1 5 1 5 ffffft
0101ft	1211031421ftfff	1 0 1 2 1 3 1 4 1 5 1 5 ffffft
0101ft	1211031431ftfff	1 0 1 2 1 3 1 4 1 5 1 5 ffffft
0101ft	1211031441ftfff	1 0 1 2 1 3 1 4 1 5 1 5 ffffft
0101ft	1211032401ftfff	1 0 1 2 1 3 1 4 1 5 1 5 ffffft
0101ft	1211032411ftfff	1 0 1 2 1 3 1 4 1 5 1 5 ffffft
0101ft	1211032421ftfff	1 0 1 2 1 3 1 4 1 5 1 5 ffffft
0101ft	1211032431ftfff	1 0 1 2 1 3 1 4 1 5 1 5 ffffft
0101ft	1211032441ftfff	1 0 1 2 1 3 1 4 1 5 1 5 ffffft
0101ft	1211033401ftfff	1 0 1 2 1 3 1 4 1 5 1 5 ffffft
0101ft	1211033411ftfff	1 0 1 2 1 3 1 4 1 5 1 5 ffffft
0101ft	1211033421ftfff	1 0 1 2 1 3 1 4 1 5 1 5 ffffft
0101ft	1211033431ftfff	1 0 1 2 1 3 1 4 1 5 1 5 ffffft
0101ft	1211033441ftfff	1 0 1 2 1 3 1 4 1 5 1 5 ffffft
0101ft	1211034401ftfff	1 0 1 2 1 3 1 4 1 5 1 5 ffffft
0101ft	1211034411ftfff	1 0 1 2 1 3 1 4 1 5 1 5 ffffft
0101ft	1211034421ftfff	1 0 1 2 1 3 1 4 1 5 1 5 ffffft
0101ft	1211034431ftfff	1 0 1 2 1 3 1 4 1 5 1 5 ffffft
0101ft	1211034441ftfff	1 0 1 2 1 3 1 4 1 5 1 5 ffffft
0101ft	1211130401ftfff	1 0 1 2 1 3 1 4 1 5 1 5 ffffft
0101ft	1211130411ftfff	1 0 1 2 1 3 1 4 1 5 1 5 ffffft
0101ft	1211130421ftfff	1 0 1 2 1 3 1 4 1 5 1 5 ffffft
0101ft	1211130431ftfff	1 0 1 2 1 3 1 4 1 5 1 5 ffffft
0101ft	1211130441ftfff	1 0 1 2 1 3 1 4 1 5 1 5 ffffft
0101ft	1211131401ftfff	1 0 1 2 1 3 1 4 1 5 1 5 ffffft
0101ft	1211131411ftfff	1 0 1 2 1 3 1 4 1 5 1 5 ffffft
0101ft	1211131421ftfff	1 0 1 2 1 3 1 4 1 5 1 5 ffffft
0101ft	1211131431ftfff	1 0 1 2 1 3 1 4 1 5 1 5 ffffft
0101ft	1211131441ftfff	1 0 1 2 1 3 1 4 1 5 1 5 ffffft
0101ft	1211132401ftfff	1 0 1 2 1 3 1 4 1 5 1 5 ffffft
0101ft	1211132411ftfff	1 0 1 2 1 3 1 4 1 5 1 5 ffffft
0101ft	1211132421ftfff	1 0 1 2 1 3 1 4 1 5 1 5 ffffft
0101ft	1211132431ftfff	1 0 1 2 1 3 1 4 1 5 1 5 ffffft
0101ft	1211132441ftfff	1 0 1 2 1 3 1 4 1 5 1 5 ffffft
0101ft	1211133401ftfff	1 0 1 2 1 3 1 4 1 5 1 5 ffffft
0101ft	1211133411ftfff	1 0 1 2 1 3 1 4 1 5 1 5 ffffft
0101ft	1211133421ftfff	1 0 1 2 1 3 1 4 1 5 1 5 ffffft
0101ft	1211133431ftfff	1 0 1 2 1 3 1 4 1 5 1 5 ffffft
0101ft	1211133441ftfff	1 0 1 2 1 3 1 4 1 5 1 5 ffffft
0101ft	1211134401ftfff	1 0 1 2 1 3 1 4 1 5 1 5 ffffft
0101ft	1211134411ftfff	1 0 1 2 1 3 1 4 1 5 1 5 ffffft
0101ft	1211134421ftfff	1 0 1 2 1 3 1 4 1 5 1 5 ffffft
0101ft	1211134431ftfff	1 0 1 2 1 3 1 4 1 5 1 5 ffffft
0101ft	1211134441ftfff	1 0 1 2 1 3 1 4 1 5 1 5 ffffft
0101ft	1211230401ftfff	1 0 1 2 1 3 1 4 1 5 1 5 ffffft
0101ft	1211230411ftfff	1 0 1 2 1 3 1 4 1 5 1 5 ffffft
0101ft	1211230421ftfff	1 0 1 2 1 3 1 4 1 5 1 5 ffffft
0101ft	1211230431ftfff	1 0 1 2 1 3 1 4 1 5 1 5 ffffft
0101ft	1211230441ftfff	1 0 1 2 1 3 1 4 1 5 1 5 ffffft
0101ft	1211231401ftfff	1 0 1 2 1 3 1 4 1 5 1 5 ffffft
0101ft	1211231411ftfff	1 0 1 2 1 3 1 4 1 5 1 5 ffffft
0101ft	1211231421ftfff	1 0 1 2 1 3 1 4 1 5 1 5 ffffft
0101ft	1211231431ftfff	1 0 1 2 1 3 1 4 1 5 1 5 ffffft
0101ft	1211231441ftfff	1 0 1 2 1 3 1 4 1 5 1 5 ffffft
0101ft	1211232401ftfff	1 0 1 2 1 3 1 4 1 5 1 5 ffffft
0101ft	1211232411ftfff	1 0 1 2 1 3 1 4 1 5 1 5 ffffft
0101ft	1211232421ftfff	1 0 1 2 1 3 1 4 1 5 1 5 ffffft
0101ft	1211232431ftfff	1 0 1 2 1 3 1 4 1 5 1 5 ffffft
0101ft	1211232441ftfff	1 0 1 2 1 3 1 4 1 5 1 5 ffffft
0101ft	1211233401ftfff	1 0 1 2 1 3 1 4 1 5 1 5 ffffft
0101ft	1211233411ftfff	1 0 1 2 1 3 1 4 1 5 1 5 ffffft
0101ft	1211233421ftfff	1 0 1 2 1 3 1 4 1 5 1 5 ffffft
0101ft	1211233431ftfff	1 0 1 2 1 3 1 4 1 5 1 5 ffffft
0101ft	1211233441ftfff	1 0 1 2 1 3 1 4 1 5 1 5 ffffft
0101ft	1211234401ftfff	1 0 1 2 1 3 1 4 1 5 1 5 ffffft
0101ft	1211234411ftfff	1 0 1 2 1 3 1 4 1 5 1 5 ffffft
0101ft	1211234421ftfff	1 0 1 2 1 3 1 4 1 5 1 5 ffffft
0101ft	1211234431ftfff	1 0 1 2 1 3 1 4 1 5 1 5 ffffft
0101ft	1211234441ftfff	1 0 1 2 1 3 1 4 1 5 1 5 ffffft
0101ft	1211330401ftfff	1 0 1 2 1 3 1 4 1 5 1 5 ffffft
0101ft	1211330411ftfff	1 0 1 2 1 3 1 4 1 5 1 5 ffffft
0101ft	1211330421ftfff	1 0 1 2 1 3 1 4 1 5 1 5 ffffft
0101ft	1211330431ftfff	1 0 1 2 1 3 1 4 1 5 1 5 ffffft
0101ft	1211330441ftfff	1 0 1 2 1 3 1 4 1 5 1 5 ffffft
0101ft	1211331401ftfff	1 0 1 2 1 3 1 4 1 5 1 5 ffffft
0101ft	1211331411ftfff	1 0 1 2 1 3 1 4 1 5 1 5 ffffft
0101ft	1211331421ftfff	1 0 1 2 1 3 1 4 1 5 1 5 ffffft
0101ft	1211331431ftfff	1 0 1 2 1 3 1 4 1 5 1 5 ffffft
0101ft	1211331441ftfff	1 0 1 2 1 3 1 4 1 5 1 5 ffffft
0101ft	1211332401ftfff	1 0 1 2 1 3 1 4 1 5 1 5 ffffft
0101ft	1211332411ftfff	1 0 1 2 1 3 1 4 1 5 1 5 ffffft
0101ft	1211332421ftfff	1 0 1 2 1 3 1 4 1 5 1 5 ffffft
0101ft	1211332431ftfff	1 0 1 2 1 3 1 4 1 5 1 5 ffffft
0101ft	1211332441ftfff	1 0 1 2 1 3 1 4 1 5 1 5 ffffft
0101ft	1211333401ftfff	1 0 1 2 1 3 1 4 1 5 1 5 ffffft
0101ft	1211333411ftfff	1 0 1 2 1 3 1 4 1 5 1 5 ffffft
0101ft	1211333421ftfff	1 0 1 2 1 3 1 4 1 5 1 5 ffffft
0101ft	1211333431ftfff	1 0 1 2 1 3 1 4 1 5 1 5 ffffft
0101ft	1211333441ftfff	1 0 1 2 1 3 1 4 1 5 1 5 ffffft
0101ft	1211334401ftfff	1 0 1 2 1 3 1 4 1 5 1 5 ffffft
0101ft	1211334411ftfff	1 0 1 2 1 3 1 4 1 5 1 5 ffffft
0101ft	1211334421ftfff	1 0 1 2 1 3 1 4 1 5 1 5 ffffft
0101ft	1211334431ftfff	1 0 1 2 1 3 1 4 1 5 1 5 ffffft
0101ft	1211334441ftfff	1 0 1 2 1 3 1 4 1 5 1 5 ffffft
0101ft	1211340103ftfff	1 0 1 2 1 3 1 4 1 5 1 5 ffffft
0101ft	1211340113ftfff	1 0 1 2 1 3 1 4 1 5 1 5 ffffft
0101ft	1211340123ftfff	1 0 1 2 1 3 1 4 1 5 1 5 ffffft
0101ft	1211340133ftfff	1 0 1 2 1 3 1 4 1 5 1 5 ffffft
0101ft	1211340143ftfff	1 0 1 2 1 3 1 4 1 5 1 5 ffffft
0101ft	1211341103ftfff	1 0 1 2 1 3 1 4 1 5 1 5 ffffft
0101ft	1211341113ftfff	1 0 1 2 1 3 1 4 1 5 1 5 ffffft
0101ft	1211341123ftfff	1 0 1 2 1 3 1 4 1 5 1 5 ffffft
0101ft	1211341133ftfff	1 0 1 2 1 3 1 4 1 5 1 5 ffffft
0101ft	1211341143ftfff	1 0 1 2 1 3 1 4 1 5 1 5 ffffft
0101ft	1211342103ftfff	1 0 1 2 1 3 1 4 1 5 1 5 ffffft
0101ft	1211342113ftfff	1 0 1 2 1 3 1 4 1 5 1 5 ffffft
0101ft	1211342123ftfff	1 0 1 2 1 3 1 4 1 5 1 5 ffffft
0101ft	1211342133ftfff	1 0 1 2 1 3 1 4 1 5 1 5 ffffft
0101ft	1211342143ftfff	1 0 1 2 1 3 1 4 1 5 1 5 ffffft
0101ft	1211343103ftfff	1 0 1 2 1 3 1 4 1 5 1 5 ffffft
0101ft	1211343113ftfff	1 0 1 2 1 3 1 4 1 5 1 5 ffffft
0101ft	1211343123ftfff	1 0 1 2 1 3 1 4 1 5 1 5 ffffft
0101ft	1211343133ftfff	1 0 1 2 1 3 1 4 1 5 1 5 ffffft
0101ft	1211343143ftfff	1 0 1 2 1 3 1 4 1 5 1 5 ffffft
0101ft	1211344103ftfff	1 0 1 2 1 3 1 4 1 5 1 5 ffffft
0101ft	1211344113ftfff	1 0 1 2 1 3 1 4 1 5 1 5 ffffft
0101ft	1211344123ftfff	1 0 1 2 1 3 1 4 1 5 1 5 ffffft
0101ft	1211344133ftfff	1 0 1 2 1 3 1 4 1 5 1 5 ffffft
0101ft	1211344143ftfff	1 0 1 2 1 3 1 4 1 5 1 5 ffffft
0101ft	1213010444fffft	1 0 1 2 1 3 1 4 1 5 1 5 ffffft
0101ft	1213011444fffft	1 0 1 2 1 3 1 4 1 5 1 5 ffffft
0101ft	1213012444fffft	1 0 1 2 1 3 1 4 1 5 1 5 ffffft
0101ft	1213013444fffft	1 0 1 2 1 3 1 4 1 5 1 5 ffffft
0101ft	1213014444fffft	1 0 1 2 1 3 1 4 1 5 1 5 ffffft
0101ft	1213043301ffftf	1 0 1 2 1 3 1 4 1 5 1 5 ffffft
0101ft	1213043311ffftf	1 0 1 2 1 3 1 4 1 5 1 5 ffffft
0101ft	1213043321ffftf	1 0 1 2 1 3 1 4 1 5 1 5 ffffft
0101ft	1213043331ffftf	1 0 1 2 1 3 1 4 1 5 1 5 ffffft
0101ft	1213043341ffftf	1 0 1 2 1 3 1 4 1 5 1 5 ffffft
0101ft	1213110444fffft	1 0 1 2 1 3 1 4 1 5 1 5 ffffft
0101ft	1213111444fffft	1 0 1 2 1 3 1 4 1 5 1 5 ffffft
0101ft	1213112444fffft	1 0 1 2 1 3 1 4 1 5 1 5 ffffft
0101ft	1213113444fffft	1 0 1 2 1 3 1 4 1 5 1 5 ffffft
0101ft	1213114444fffft	1 0 1 2 1 3 1 4 1 5 1 5 ffffft
0101ft	1213143301ffftf	1 0 1 2 1 3 1 4 1 5 1 5 ffffft
0101ft	1213143311ffftf	1 0 1 2 1 3 1 4 1 5 1 5 ffffft
0101ft	1213143321ffftf	1 0 1 2 1 3 1 4 1 5 1 5 ffffft
0101ft	1213143331ffftf	1 0 1 2 1 3 1 4 1 5 1 5 ffffft
0101ft	1213143341ffftf	1 0 1 2 1 3 1 4 1 5 1 5 ffffft
0101ft	1213210444fffft	1 0 1 2 1 3 1 4 1 5 1 5 ffffft
0101ft	1213211444fffft	1 0 1 2 1 3 1 4 1 5 1 5 ffffft
0101ft	1213212444fffft	1 0 1 2 1 3 1 4 1 5 1 5 ffffft
0101ft	1213213444fffft	1 0 1 2 1 3 1 4 1 5 1 5 ffffft
0101ft	1213214444fffft	1 0 1 2 1 3 1 4 1 5 1 5 ffffft
0101ft	1213243301ffftf	1 0 1 2 1 3 1 4 1 5 1 5 ffffft
0101ft	1213243311ffftf	1 0 1 2 1 3 1 4 1 5 1 5 ffffft
0101ft	1213243321ffftf	1 0 1 2 1 3 1 4 1 5 1 5 ffffft
0101ft	1213243331ffftf	1 0 1 2 1 3 1 4 1 5 1 5 ffffft
0101ft	1213243341ffftf	1 0 1 2 1 3 1 4 1 5 1 5 ffffft
0101ft	1213310444fffft	1 0 1 2 1 3 1 4 1 5 1 5 ffffft
0101ft	1213311444fffft	1 0 1 2 1 3 1 4 1 5 1 5 ffffft
0101ft	1213312444fffft	1 0 1 2 1 3 1 4 1 5 1 5 ffffft
0101ft	1213313444fffft	1 0 1 2 1 3 1 4 1 5 1 5 ffffft
0101ft	1213314444fffft	1 0 1 2 1 3 1 4 1 5 1 5 ffffft
0101ft	1213343301ffftf	1 0 1 2 1 3 1 4 1 5 1 5 ffffft
0101ft	1213343311ffftf	1 0 1 2 1 3 1 4 1 5 1 5 ffffft
0101ft	1213343321ffftf	1 0 1 2 1 3 1 4 1 5 1 5 ffffft
0101ft	1213343331ffftf	1 0 1 2 1 3 1 4 1 5 1 5 ffffft
0101ft	1213343341ffftf	1 0 1 2 1 3 1 4 1 5 1 5 ffffft
0101ft	1213410444fffft	1 0 1 2 1 3 1 4 1 5 1 5 ffffft
0101ft	1213411444fffft	1 0 1 2 1 3 1 4 1 5 1 5 ffffft
0101ft	1213412444fffft	1 0 1 2 1 3 1 4 1 5 1 5 ffffft
0101ft	1213413444fffft	1 0 1 2 1 3 1 4 1 5 1 5 ffffft
0101ft	1213414444fffft	1 0 1 2 1 3 1 4 1 5 1 5 ffffft
0101ft	1213443301ffftf	1 0 1 2 1 3 1 4 1 5 1 5 ffffft
0101ft	1213443311ffftf	1 0 1 2 1 3 1 4 1 5 1 5 ffffft
0101ft	1213443321ffftf	1 0 1 2 1 3 1 4 1 5 1 5 ffffft
0101ft	1213443331ffftf	1 0 1 2 1 3 1 4 1 5 1 5 ffffft
0101ft	1213443341ffftf	1 0 1 2 1 3 1 4 1 5 1 5 ffffft
0101ft	1223043301ffftf	1 0 1 2 1 3 1 4 1 5 1 5 ffffft
0101ft	1223043311ffftf	1 0 1 2 1 3 1 4 1 5 1 5 ffffft
0101ft	1223043321ffftf	1 0 1 2 1 3 1 4 1 5 1 5 ffffft
0101ft	1223043331ffftf	1 0 1 2 1 3 1 4 1 5 1 5 ffffft
0101ft	1223043341ffftf	1 0 1 2 1 3 1 4 1 5 1 5 ffffft
0101ft	1223143301ffftf	1 0 1 2 1 3 1 4 1 5 1 5 ffffft
0101ft	1223143311ffftf	1 0 1 2 1 3 1 4 1 5 1 5 ffffft
0101ft	1223143321ffftf	1 0 1 2 1 3 1 4 1 5 1 5 ffffft
0101ft	1223143331ffftf	1 0 1 2 1 3 1 4 1 5 1 5 ffffft
0101ft	1223143341ffftf	1 0 1 2 1 3 1 4 1 5 1 5 ffffft
0101ft	1223243301ffftf	1 0 1 2 1 3 1 4 1 5 1 5 ffffft
0101ft	1223243311ffftf	1 0 1 2 1 3 1 4 1 5 1 5 ffffft
0101ft	1223243321ffftf	1 0 1 2 1 3 1 4 1 5 1 5 ffffft
0101ft	1223243331ffftf	1 0 1 2 1 3 1 4 1 5 1 5 ffffft
0101ft	1223243341ffftf	1 0 1 2 1 3 1 4 1 5 1 5 ffffft
0101ft	1223310444fffft	1 0 1 2 1 3 1 4 1 5 1 5 ffffft
0101ft	1223311444fffft	1 0 1 2 1 3 1 4 1 5 1 5 ffffft
0101ft	1223312444fffft	1 0 1 2 1 3 1 4 1 5 1 5 ffffft
0101ft	1223313444fffft	1 0 1 2 1 3 1 4 1 5 1 5 ffffft
0101ft	1223314444fffft	1 0 1 2 1 3 1 4 1 5 1 5 ffffft
0101ft	1223343301ffftf	1 0 1 2 1 3 1 4 1 5 1 5 ffffft
0101ft	1223343311ffftf	1 0 1 2 1 3 1 4 1 5 1 5 ffffft
0101ft	1223343321ffftf	1 0 1 2 1 3 1 4 1 5 1 5 ffffft
0101ft	1223343331ffftf	1 0 1 2 1 3 1 4 1 5 1 5 ffffft
0101ft	1223343341ffftf	1 0 1 2 1 3 1 4 1 5 1 5 ffffft
0101ft	1223410444fffft	1 0 1 2 1 3 1 4 1 5 1 5 ffffft
0101ft	1223411444fffft	1 0 1 2 1 3 1 4 1 5 1 5 ffffft
0101ft	1223412444fffft	1 0 1 2 1 3 1 4 1 5 1 5 ffffft
0101ft	1223443301ffftf	1 0 1 2 1 3 1 4 1 5 1 5 ffffft
0101ft	1223443311ffftf	1 0 1 2 1 3 1 4 1 5 1 5 ffffft
0101ft	1223443321ffftf	1 0 1 2 1 3 1 4 1 5 1 5 ffffft
0101ft	1223443331ffftf	1 0 1 2 1 3 1 4 1 5 1 5 ffffft
0101ft	1223443341ffftf	1 0 1 2 1 3 1 4 1 5 1 5 ffffft
0101ft	1233343301ffftf	1 0 1 2 1 3 1 4 1 5 1 5 ffffft
0101ft	1233343311ffftf	1 0 1 2 1 3 1 4 1 5 1 5 ffffft
0101ft	1233343321ffftf	1 0 1 2 1 3 1 4 1 5 1 5 ffffft
0101ft	1233343331ffftf	1 0 1 2 1 3 1 4 1 5 1 5 ffffft
0101ft	1233343341ffftf	1 0 1 2 1 3 1 4 1 5 1 5 ffffft
0101ft	1234430144fffft	1 0 1 2 1 3 1 4 1 5 1 5 ffffft
0101ft	1234431144fffft	1 0 1 2 1 3 1 4 1 5 1 5 ffffft
0101ft	1234432144fffft	1 0 1 2 1 3 1 4 1 5 1 5 ffffft
