0101ft	01020333ffft	1 0 1 2 1 3 1 4 1 4 fffft
0101ft	01021333ffft	1 0 1 2 1 3 1 4 1 4 fffft
0101ft	01022333ffft	1 0 1 2 1 3 1 4 1 4 fffft
0101ft	01023333ffft	1 0 1 2 1 3 1 4 1 4 fffft
0101ft	01120333ffft	1 0 1 2 1 3 1 4 1 4 fffft
0101ft	01121333ffft	1 0 1 2 1 3 1 4 1 4 fffft
0101ft	01122333ffft	1 0 1 2 1 3 1 4 1 4 fffft
0101ft	01123333ffft	1 0 1 2 1 3 1 4 1 4 fffft
0101ft	01220333ffft	1 0 1 2 1 3 1 4 1 4 fffft
0101ft	01221333ffft	1 0 1 2 1 3 1 4 1 4 fffft
0101ft	01222333ffft	1 0 1 2 1 3 1 4 1 4 fffft
0101ft	01223333ffft	1 0 1 2 1 3 1 4 1 4 fffft
0101ft	01232202fftf	1 0 1 2 1 3 1 4 1 4 fffft
0101ft	01232212fftf	1 0 1 2 1 3 1 4 1 4 fffft
0101ft	01232222fftf	1 0 1 2 1 3 1 4 1 4 fffft
0101ft	01232232fftf	1 0 1 2 1 3 1 4 1 4 fffft
0101ft	11020333ffft	1 0 1 2 1 3 1 4 1 4 fffft
0101ft	11021333ffft	1 0 1 2 1 3 1 4 1 4 fffft
0101ft	11022333ffft	1 0 1 2 1 3 1 4 1 4 fffft
0101ft	11023333ffft	1 0 1 2 1 3 1 4 1 4 fffft
0101ft	11120333ffft	1 0 1 2 1 3 1 4 1 4 fffft
0101ft	11121333ffft	1 0 1 2 1 3 1 4 1 4 fffft
0101ft	11122333ffft	1 0 1 2 1 3 1 4 1 4 fffft
0101ft	11123333ffft	1 0 1 2 1 3 1 4 1 4 fffft
0101ft	11220333ffft	1 0 1 2 1 3 1 4 1 4 fffft
0101ft	11221333ffft	1 0 1 2 1 3 1 4 1 4 fffft
0101ft	11222333ffft	1 0 1 2 1 3 1 4 1 4 fffft
0101ft	11223333ffft	1 0 1 2 1 3 1 4 1 4 fffft
0101ft	11232202fftf	1 0 1 2 1 3 1 4 1 4 fffft
0101ft	11232212fftf	1 0 1 2 1 3 1 4 1 4 fffft
0101ft	11232222fftf	1 0 1 2 1 3 1 4 1 4 fffft
0101ft	11232232fftf	1 0 1 2 1 3 1 4 1 4 fffft
0101ft	12030133ffft	1 0 1 2 1 3 1 4 1 4 fffft
0101ft	12031133ffft	1 0 1 2 1 3 1 4 1 4 fffft
0101ft	12032133ffft	1 0 1 2 1 3 1 4 1 4 fffft
0101ft	12033133ffft	1 0 1 2 1 3 1 4 1 4 fffft
0101ft	12110301ftff	1 0 1 2 1 3 1 4 1 4 fffft
0101ft	12110311ftff	1 0 1 2 1 3 1 4 1 4 fffft
0101ft	12110321ftff	1 0 1 2 1 3 1 4 1 4 fffft
0101ft	12110331ftff	1 0 1 2 1 3 1 4 1 4 fffft
0101ft	12111301ftff	1 0 1 2 1 3 1 4 1 4 fffft
0101ft	12111311ftff	1 0 1 2 1 3 1 4 1 4 fffft
0101ft	12111321ftff	1 0 1 2 1 3 1 4 1 4 fffft
0101ft	12111331ftff	1 0 1 2 1 3 1 4 1 4 fffft
0101ft	12112301ftff	1 0 1 2 1 3 1 4 1 4 fffft
0101ft	12112311ftff	1 0 1 2 1 3 1 4 1 4 fffft
0101ft	12112321ftff	1 0 1 2 1 3 1 4 1 4 fffft
0101ft	12112331ftff	1 0 1 2 1 3 1 4 1 4 fffft
0101ft	12113301ftff	1 0 1 2 1 3 1 4 1 4 fffft
0101ft	12113311ftff	1 0 1 2 1 3 1 4 1 4 fffft
0101ft	12113321ftff	1 0 1 2 1 3 1 4 1 4 fffft
0101ft	12113331ftff	1 0 1 2 1 3 1 4 1 4 fffft
0101ft	12130133ffft	1 0 1 2 1 3 1 4 1 4 fffft
0101ft	12131133ffft	1 0 1 2 1 3 1 4 1 4 fffft
0101ft	12132133ffft	1 0 1 2 1 3 1 4 1 4 fffft
0101ft	12133133ffft	1 0 1 2 1 3 1 4 1 4 fffft
0101ft	12233133ffft	1 0 1 2 1 3 1 4 1 4 fffft
