010212fft	0120324344fffft	1 0 2 0 2 3 2 4 5 6 2 6 7 4 2 8 9 8 2 10 12 10 12 11 2 11 ffffffffffftt
010212fft	0120334244fffft	1 0 2 0 2 3 2 4 5 6 2 6 9 4 2 8 7 10 2 10 12 8 12 11 2 11 ffffffffffftt
010212fft	0120343342ffftf	1 0 2 0 2 3 2 4 5 6 2 6 7 4 2 8 9 10 2 10 12 8 12 11 2 11 ffffffffffftt
010212fft	0122304344fffft	1 0 5 0 5 3 4 6 5 6 5 7 2 8 5 8 9 3 5 10 12 10 12 11 5 11 ffffffffffftt
010212fft	0122334044fffft	1 0 5 0 5 3 4 6 5 6 5 7 9 8 5 8 2 10 5 10 12 3 12 11 5 11 ffffffffffftt
010212fft	0122343340ffftf	1 0 7 0 7 3 4 5 7 5 6 8 7 8 7 9 2 10 7 10 12 3 12 11 7 11 ffffffffffftt
010212fft	0123223440fftff	1 0 2 0 2 3 2 4 5 6 2 6 7 8 2 8 9 10 2 10 12 4 12 11 2 11 ffffffffffftt
010212fft	0123224034fftff	1 0 2 0 2 4 2 5 2 6 7 5 3 8 2 8 9 10 2 10 12 6 12 11 2 11 ffffffffffftt
010212fft	0123224430fftff	1 0 2 0 2 3 2 4 7 6 2 6 5 8 2 8 9 10 2 10 12 4 12 11 2 11 ffffffffffftt
010212fft	0123304244fffft	1 0 7 0 7 3 2 5 7 5 6 8 7 8 7 9 4 10 7 10 12 3 12 11 7 11 ffffffffffftt
010212fft	0123324044fffft	2 0 4 1 7 0 7 1 7 5 6 8 7 8 7 9 3 10 7 10 12 5 12 11 7 11 ffffffffffftt
010212fft	0123403244fffft	1 0 5 0 5 3 4 6 5 6 5 7 2 8 5 8 9 10 5 10 12 3 12 11 5 11 ffffffffffftt
010212fft	0123423044fffft	1 0 2 0 2 3 2 4 5 6 2 6 7 8 2 8 9 4 2 10 12 10 12 11 2 11 ffffffffffftt
010212fft	1200314344fffft	1 0 2 0 2 3 2 4 7 6 2 6 5 8 2 8 9 4 2 10 12 10 12 11 2 11 ffffffffffftt
010212fft	1200334144fffft	1 0 7 0 7 3 6 5 7 5 4 8 7 8 7 9 2 10 7 10 12 3 12 11 7 11 ffffffffffftt
010212fft	1200343341ffftf	1 0 2 0 2 3 2 4 5 6 2 6 9 8 2 8 7 10 2 10 12 4 12 11 2 11 ffffffffffftt
010212fft	1201304344fffft	1 0 2 0 2 5 2 4 7 4 2 6 3 8 2 8 9 6 2 10 12 10 12 11 2 11 ffffffffffftt
010212fft	1201334044fffft	1 0 7 0 6 2 7 2 7 5 3 8 7 8 7 9 4 10 7 10 12 5 12 11 7 11 ffffffffffftt
010212fft	1201343340ffftf	1 0 2 0 2 4 2 5 2 6 9 5 7 8 2 8 3 10 2 10 12 6 12 11 2 11 ffffffffffftt
010212fft	1203314044fffft	1 0 3 0 3 6 3 7 3 5 9 6 4 8 3 8 2 10 3 10 12 5 12 11 3 11 ffffffffffftt
010212fft	1203403144fffft	1 0 3 0 3 4 3 7 5 6 3 6 9 4 3 8 2 10 3 10 12 8 12 11 3 11 ffffffffffftt
010212fft	1203413044fffft	1 0 2 0 2 4 2 6 2 5 9 6 7 8 2 8 3 10 2 10 12 5 12 11 2 11 ffffffffffftt
010212fft	1211330440ftfff	1 0 3 0 3 4 3 5 7 6 3 6 2 8 3 8 9 10 3 10 12 4 12 11 3 11 ffffffffffftt
010212fft	1211334004ftfff	1 0 5 0 5 3 4 3 5 6 5 7 9 8 5 8 2 10 5 10 12 6 12 11 5 11 ffffffffffftt
010212fft	1211334400ftfff	1 0 3 0 3 4 3 5 7 6 3 6 9 8 3 8 2 10 3 10 12 4 12 11 3 11 ffffffffffftt
010212fft	1211340043ftfff	1 0 2 0 2 4 2 5 2 6 9 6 7 8 2 8 3 10 2 10 12 5 12 11 2 11 ffffffffffftt
010212fft	1211340340ftfff	1 0 5 0 4 2 5 2 5 6 5 7 3 8 5 8 9 10 5 10 12 6 12 11 5 11 ffffffffffftt
010212fft	1211344003ftfff	1 0 2 0 2 4 2 5 2 6 9 6 3 8 2 8 7 10 2 10 12 5 12 11 2 11 ffffffffffftt
010212fft	1211344300ftfff	1 0 3 0 3 5 3 6 3 7 4 8 3 8 9 7 2 10 3 10 12 5 12 11 3 11 ffffffffffftt
010212fft	1230430144fffft	1 0 2 0 2 3 2 7 2 5 4 8 2 8 9 5 6 10 2 10 12 7 12 11 2 11 ffffffffffftt
010212fft	1230443301ffftf	1 0 5 0 5 3 2 6 5 6 5 7 9 8 5 8 4 10 5 10 12 3 12 11 5 11 ffffffffffftt
010212fft	1231430044fffft	1 0 2 0 2 5 2 4 7 4 2 6 9 8 2 8 3 10 2 10 12 6 12 11 2 11 ffffffffffftt
010212fft	1231443300ffftf	1 0 3 0 3 4 3 5 7 6 3 6 2 8 3 8 9 4 3 10 12 10 12 11 3 11 ffffffffffftt
