01021323ffft	0120324344fffft	1 0 2 0 3 1 3 5 3 8 3 7 7 9 4 9 10 6 11 6 3 11 13 12 15 12 3 15 17 14 18 14 17 16 18 16 3 17 ffffffffffffffffttt
01021323ffft	0120334244fffft	1 0 2 0 3 1 3 4 3 6 6 8 7 8 3 9 12 5 13 5 3 12 15 14 10 14 3 15 17 11 18 11 17 16 18 16 3 17 ffffffffffffffffttt
01021323ffft	0120343342ffftf	1 0 2 0 4 1 4 5 4 6 9 7 4 8 8 10 3 10 4 12 15 7 12 14 13 14 4 15 17 11 18 11 17 16 18 16 4 17 ffffffffffffffffttt
01021323ffft	0122304344fffft	1 0 2 0 3 1 3 8 3 6 6 9 7 9 3 10 3 11 11 12 4 12 13 5 15 5 3 15 17 14 18 14 17 16 18 16 3 17 ffffffffffffffffttt
01021323ffft	0122334044fffft	1 0 2 0 7 1 7 5 5 8 6 8 7 9 7 10 12 11 13 11 7 12 15 14 3 14 7 15 17 4 18 4 17 16 18 16 7 17 ffffffffffffffffttt
01021323ffft	0122343340ffftf	1 0 4 0 3 7 6 7 10 1 10 3 10 8 8 11 9 11 10 12 10 13 15 14 5 14 10 15 17 2 18 2 17 16 18 16 10 17 ffffffffffffffffttt
01021323ffft	0123223440fftff	1 0 2 0 3 1 3 4 3 6 6 8 7 8 3 9 9 11 10 11 3 12 12 14 13 14 3 15 17 5 18 5 17 16 18 16 3 17 ffffffffffffffffttt
01021323ffft	0123224034fftff	1 0 2 0 4 1 4 6 4 7 9 5 10 5 4 9 6 11 3 11 4 12 12 14 13 14 4 15 17 8 18 8 17 16 18 16 4 17 ffffffffffffffffttt
01021323ffft	0123224430fftff	1 0 2 0 3 1 3 4 3 6 9 8 10 8 3 9 6 11 7 11 3 12 12 14 13 14 3 15 17 5 18 5 17 16 18 16 3 17 ffffffffffffffffttt
01021323ffft	0123304244fffft	1 0 2 0 9 1 9 4 3 6 9 7 7 10 8 10 9 11 9 12 4 14 5 14 9 15 15 6 17 13 18 13 17 16 18 16 9 17 ffffffffffffffffttt
01021323ffft	0123324044fffft	1 0 2 0 8 1 8 9 8 6 6 10 7 10 8 11 8 12 4 13 9 14 3 14 8 15 15 13 17 5 18 5 17 16 18 16 8 17 ffffffffffffffffttt
01021323ffft	0123403244fffft	1 0 2 0 4 1 4 8 4 9 4 7 7 10 3 10 5 11 4 12 15 11 12 14 13 14 4 15 17 6 18 6 17 16 18 16 4 17 ffffffffffffffffttt
01021323ffft	0123423044fffft	1 0 2 0 3 1 3 4 3 7 3 11 7 9 8 9 3 10 10 12 5 12 13 6 15 6 3 15 17 14 18 14 17 16 18 16 3 17 ffffffffffffffffttt
01021323ffft	1200314344fffft	1 0 2 0 3 1 3 4 3 7 3 11 10 9 5 9 3 10 7 12 8 12 13 6 15 6 3 15 17 14 18 14 17 16 18 16 3 17 ffffffffffffffffttt
01021323ffft	1200334144fffft	1 0 2 0 10 1 10 5 8 7 9 7 10 8 5 11 6 11 10 12 10 13 15 14 3 14 10 15 17 4 18 4 17 16 18 16 10 17 ffffffffffffffffttt
01021323ffft	1200343341ffftf	1 0 2 0 3 1 3 4 3 6 6 8 7 8 3 9 12 11 13 11 3 12 9 14 10 14 3 15 17 5 18 5 17 16 18 16 3 17 ffffffffffffffffttt
01021323ffft	1201304344fffft	1 0 2 0 4 1 4 5 4 8 6 7 4 11 10 7 4 10 5 12 3 12 13 9 15 9 4 15 17 14 18 14 17 16 18 16 4 17 ffffffffffffffffttt
01021323ffft	1201334044fffft	1 0 2 0 10 1 9 5 10 3 8 5 10 8 3 11 4 11 10 12 10 13 15 14 6 14 10 15 17 7 18 7 17 16 18 16 10 17 ffffffffffffffffttt
01021323ffft	1201343340ffftf	1 0 2 0 3 1 3 5 3 10 3 7 7 11 8 11 3 12 12 9 13 9 10 14 4 14 3 15 17 6 18 6 17 16 18 16 3 17 ffffffffffffffffttt
01021323ffft	1203314044fffft	1 0 2 0 4 1 4 8 4 9 4 7 11 13 12 13 5 10 4 11 7 14 3 14 4 15 15 10 17 6 18 6 17 16 18 16 4 17 ffffffffffffffffttt
01021323ffft	1203403144fffft	1 0 2 0 4 1 4 6 4 10 6 8 7 8 4 9 12 5 13 5 4 12 9 14 3 14 4 15 17 11 18 11 17 16 18 16 4 17 ffffffffffffffffttt
01021323ffft	1203413044fffft	1 0 2 0 3 1 3 5 3 9 3 7 12 8 13 8 9 11 10 11 3 12 7 14 4 14 3 15 17 6 18 6 17 16 18 16 3 17 ffffffffffffffffttt
01021323ffft	1211330440ftfff	1 0 2 0 3 1 3 5 3 7 3 8 8 10 9 10 4 11 3 12 15 11 12 14 13 14 3 15 17 6 18 6 17 16 18 16 3 17 ffffffffffffffffttt
01021323ffft	1211334004ftfff	1 0 2 0 5 1 5 6 5 8 5 9 4 13 11 10 12 10 5 11 6 14 3 14 5 15 15 13 17 7 18 7 17 16 18 16 5 17 ffffffffffffffffttt
01021323ffft	1211334400ftfff	1 0 2 0 4 1 4 6 4 7 9 8 10 8 4 9 12 11 13 11 4 12 15 14 3 14 4 15 17 5 18 5 17 16 18 16 4 17 ffffffffffffffffttt
01021323ffft	1211340043ftfff	1 0 2 0 3 1 3 5 3 10 3 7 7 11 8 11 3 12 12 6 13 6 15 14 4 14 3 15 17 9 18 9 17 16 18 16 3 17 ffffffffffffffffttt
01021323ffft	1211340340ftfff	1 0 2 0 4 1 4 7 4 8 4 9 9 11 5 11 4 12 3 10 15 10 12 14 13 14 4 15 17 6 18 6 17 16 18 16 4 17 ffffffffffffffffttt
01021323ffft	1211344003ftfff	1 0 2 0 3 1 3 5 3 9 3 6 4 10 3 11 11 13 12 13 6 14 7 14 3 15 15 10 17 8 18 8 17 16 18 16 3 17 ffffffffffffffffttt
01021323ffft	1211344300ftfff	1 0 2 0 4 1 4 7 4 8 4 10 10 11 5 11 4 12 12 9 13 9 15 14 3 14 4 15 17 6 18 6 17 16 18 16 4 17 ffffffffffffffffttt
01021323ffft	1230430144fffft	1 0 2 0 3 1 3 4 3 10 3 7 10 11 5 11 3 12 12 6 13 6 7 14 8 14 3 15 17 9 18 9 17 16 18 16 3 17 ffffffffffffffffttt
01021323ffft	1230443301ffftf	1 0 2 0 6 1 6 4 3 7 6 8 6 9 12 11 13 11 6 12 15 7 4 14 5 14 6 15 17 10 18 10 17 16 18 16 6 17 ffffffffffffffffttt
01021323ffft	1231430044fffft	1 0 2 0 3 1 3 7 3 6 9 5 10 5 3 9 12 11 13 11 3 12 6 14 4 14 3 15 17 8 18 8 17 16 18 16 3 17 ffffffffffffffffttt
01021323ffft	1231443300ffftf	1 0 2 0 4 1 4 7 4 8 4 11 10 9 5 9 4 10 11 12 3 12 13 6 15 6 4 15 17 14 18 14 17 16 18 16 4 17 ffffffffffffffffttt
01230313ffft	0122304344fffft	1 0 3 2 3 0 3 4 3 6 3 9 3 7 8 10 3 11 3 10 5 12 3 12 13 7 3 14 3 15 17 15 17 16 3 18 3 16 ffffffffffffffffttt
01230313ffft	0122334044fffft	1 0 9 2 9 0 9 5 9 7 9 6 8 10 9 10 9 12 9 11 3 13 9 14 9 13 4 15 9 15 17 6 17 16 9 18 9 16 ffffffffffffffffttt
01230313ffft	0122343340ffftf	1 0 3 2 3 0 3 4 3 6 3 9 3 7 8 10 3 12 3 10 11 13 3 14 3 13 5 15 3 15 17 7 17 16 3 18 3 16 ffffffffffffffffttt
01230313ffft	0123223440fftff	1 0 4 2 4 0 4 6 4 5 4 9 4 7 8 10 4 12 4 10 11 13 4 14 4 13 3 15 4 15 17 7 17 16 4 18 4 16 ffffffffffffffffttt
01230313ffft	0123224034fftff	1 0 6 2 6 0 6 4 6 7 6 9 6 8 11 7 6 12 6 10 3 13 6 14 6 13 5 15 6 15 17 10 17 16 6 18 6 16 ffffffffffffffffttt
01230313ffft	0123224430fftff	1 0 4 2 4 0 4 6 4 5 4 9 4 7 11 10 4 12 4 10 8 13 4 14 4 13 3 15 4 15 17 7 17 16 4 18 4 16 ffffffffffffffffttt
01230313ffft	0123304244fffft	1 0 3 2 3 0 3 4 3 6 3 8 3 7 5 10 3 10 3 12 11 13 3 14 3 13 9 15 3 15 17 7 17 16 3 18 3 16 ffffffffffffffffttt
01230313ffft	0123324044fffft	1 0 4 2 4 0 4 5 4 6 4 7 4 9 8 7 4 12 4 10 11 13 4 14 4 13 3 15 4 15 17 10 17 16 4 18 4 16 ffffffffffffffffttt
01230313ffft	0123403244fffft	1 0 9 2 9 0 9 5 9 7 9 6 8 10 9 10 9 12 9 11 4 13 9 14 9 13 3 15 9 15 17 6 17 16 9 18 9 16 ffffffffffffffffttt
01230313ffft	0123423044fffft	1 0 4 2 4 0 4 6 4 5 4 9 4 7 8 10 4 11 4 10 3 12 4 12 13 7 4 14 4 15 17 15 17 16 4 18 4 16 ffffffffffffffffttt
01230313ffft	1200334144fffft	1 0 3 2 3 0 3 4 3 6 3 9 3 7 11 10 3 12 3 10 8 13 3 14 3 13 5 15 3 15 17 7 17 16 3 18 3 16 ffffffffffffffffttt
01230313ffft	1200343341ffftf	1 0 4 2 4 0 4 6 4 5 4 9 4 7 8 10 4 11 4 10 3 13 4 13 4 14 12 15 4 15 17 7 17 16 4 18 4 16 ffffffffffffffffttt
01230313ffft	1201304344fffft	1 0 7 5 6 2 7 4 7 2 7 0 7 9 7 8 7 11 7 10 3 12 7 12 13 10 7 14 7 15 17 15 17 16 7 18 7 16 ffffffffffffffffttt
01230313ffft	1201334044fffft	1 0 3 2 3 0 3 6 3 5 3 7 3 9 12 7 3 11 3 10 4 13 3 13 3 14 8 15 3 15 17 10 17 16 3 18 3 16 ffffffffffffffffttt
01230313ffft	1201343340ffftf	1 0 7 4 7 3 7 5 7 0 6 5 7 9 7 8 7 12 7 10 11 13 7 14 7 13 2 15 7 15 17 10 17 16 7 18 7 16 ffffffffffffffffttt
01230313ffft	1203403144fffft	2 0 3 7 10 6 10 8 10 7 10 4 10 0 9 1 10 1 10 12 10 11 10 14 10 13 5 15 10 15 17 13 17 16 10 18 10 16 ffffffffffffffffttt
01230313ffft	1211033440ftfff	1 0 6 2 6 0 6 5 6 8 6 7 6 9 4 10 6 10 6 12 11 13 6 14 6 13 3 15 6 15 17 7 17 16 6 18 6 16 ffffffffffffffffttt
01230313ffft	1211034034ftfff	2 0 6 1 9 4 9 5 9 0 9 1 9 8 9 11 9 10 9 12 7 13 9 13 9 14 3 15 9 15 17 10 17 16 9 18 9 16 ffffffffffffffffttt
01230313ffft	1211034430ftfff	1 0 6 2 6 0 6 5 6 8 6 7 6 9 4 10 6 10 6 11 3 13 6 13 6 14 12 15 6 15 17 7 17 16 6 18 6 16 ffffffffffffffffttt
01230313ffft	1211334004ftfff	4 0 7 1 8 3 8 1 8 5 8 0 8 9 8 12 8 11 8 10 6 13 8 14 8 13 2 15 8 15 17 10 17 16 8 18 8 16 ffffffffffffffffttt
01230313ffft	1211334400ftfff	1 0 5 2 5 0 5 6 5 9 5 8 5 7 11 10 5 12 5 10 3 13 5 14 5 13 4 15 5 15 17 7 17 16 5 18 5 16 ffffffffffffffffttt
01230313ffft	1211340043ftfff	1 0 6 2 6 0 6 5 6 8 6 7 6 9 3 10 6 10 6 12 11 13 6 14 6 13 4 15 6 15 17 7 17 16 6 18 6 16 ffffffffffffffffttt
01230313ffft	1211340340ftfff	1 0 8 5 7 2 8 4 8 2 8 0 8 9 8 12 8 11 8 10 3 13 8 14 8 13 6 15 8 15 17 10 17 16 8 18 8 16 ffffffffffffffffttt
