01021323ffft	01203233ffft	1 0 2 0 3 1 3 5 3 8 3 7 7 9 4 9 10 6 12 6 3 12 14 11 15 11 14 13 15 13 3 14 fffffffffffffttt
01021323ffft	01223033ffft	1 0 2 0 7 1 7 5 5 8 6 8 7 9 7 10 12 11 3 11 7 12 14 4 15 4 14 13 15 13 7 14 fffffffffffffttt
01021323ffft	01232230fftf	1 0 2 0 3 1 3 4 3 6 6 8 7 8 3 9 9 11 10 11 3 12 14 5 15 5 14 13 15 13 3 14 fffffffffffffttt
01021323ffft	12003133ffft	1 0 2 0 3 1 3 4 3 6 9 8 10 8 3 9 6 11 7 11 3 12 14 5 15 5 14 13 15 13 3 14 fffffffffffffttt
01021323ffft	12013033ffft	1 0 2 0 3 1 3 7 3 6 9 5 10 5 3 9 6 11 4 11 3 12 14 8 15 8 14 13 15 13 3 14 fffffffffffffttt
01021323ffft	12113300ftff	1 0 2 0 4 1 4 6 4 7 9 8 10 8 4 9 12 11 3 11 4 12 14 5 15 5 14 13 15 13 4 14 fffffffffffffttt
01230313ffft	01223033ffft	1 0 3 2 3 0 3 4 3 6 3 9 3 7 8 10 3 11 3 10 5 12 3 12 14 7 14 13 3 15 3 13 fffffffffffffttt
01230313ffft	01232230fftf	1 0 4 2 4 0 4 6 4 5 4 9 4 7 8 10 4 11 4 10 3 12 4 12 14 7 14 13 4 15 4 13 fffffffffffffttt
01230313ffft	12013033ffft	1 0 7 5 6 2 7 4 7 2 7 0 7 9 7 8 7 11 7 10 3 12 7 12 14 10 14 13 7 15 7 13 fffffffffffffttt
01230313ffft	12110330ftff	1 0 6 2 6 0 6 5 6 8 6 7 6 9 4 10 6 10 6 11 3 12 6 12 14 7 14 13 6 15 6 13 fffffffffffffttt
