112222ftf	11223333fftf	2 2 1 1 3 3 4 4 1 1 fffft
112222ftf	11232222ffft	2 2 1 1 3 3 1 4 1 1 fffft
112222ftf	12111311ffft	2 2 1 1 1 3 1 4 1 1 fffft
112222ftf	12112311ffft	2 2 1 1 1 3 3 4 1 1 fffft
112222ftf	12113111ffft	2 2 1 1 1 3 4 1 1 1 fffft
112222ftf	12113311ffft	2 2 1 1 1 3 4 4 1 1 fffft
112222ftf	12233333fftf	2 2 1 1 3 4 4 1 1 1 fffft
121111fft	11223333fftf	2 1 1 1 3 3 4 4 1 1 fffft
121111fft	11232222ffft	2 1 1 1 3 3 1 4 1 1 fffft
121111fft	12111311ffft	2 1 1 1 1 3 1 4 1 1 fffft
121111fft	12112311ffft	2 1 1 1 1 3 3 4 1 1 fffft
121111fft	12113111ffft	2 1 1 1 1 3 4 1 1 1 fffft
121111fft	12113311ffft	2 1 1 1 1 3 4 4 1 1 fffft
121111fft	12233333fftf	2 1 1 1 3 4 4 1 1 1 fffft
121121fft	11223333fftf	2 1 1 1 3 2 4 4 1 1 fffft
121121fft	11232222ffft	2 1 1 1 3 2 1 4 1 1 fffft
121121fft	12233333fftf	2 1 1 1 3 2 4 1 1 1 fffft
