0101ft	1122334444ttttf	0 1 2 1 3 1 4 1 0 1 ftttt
0101ft	1123334444ttttf	0 1 2 1 3 1 4 1 0 1 ftttt
0101ft	1123344444ttttf	0 1 2 1 3 1 4 1 0 1 ftttt
0101ft	1222334344ttttf	0 1 2 1 3 1 4 1 0 1 ftttt
0101ft	1222334444ttttf	0 1 2 1 3 1 4 1 0 1 ftttt
0101ft	1222344444ttttf	0 1 2 1 3 1 4 1 0 1 ftttt
0101ft	1223334344ttttf	0 1 2 1 3 1 4 1 0 1 ftttt
0101ft	1223334444ttttf	0 1 2 1 3 1 4 1 0 1 ftttt
0101ft	1223344444ttttf	0 1 2 1 3 1 4 1 0 1 ftttt
0101ft	1223433333tttft	0 1 2 1 3 1 4 1 0 1 ftttt
0101ft	1232442244ttttf	0 1 2 1 3 1 4 1 0 1 ftttt
0101ft	1232442444ttttf	0 1 2 1 3 1 4 1 0 1 ftttt
