0101tf	0102030444fffft	0 1 0 2 0 3 0 4 0 4 fffft
0101tf	0102031444fffft	0 1 0 2 0 3 0 4 0 4 fffft
0101tf	0102032444fffft	0 1 0 2 0 3 0 4 0 4 fffft
0101tf	0102033444fffft	0 1 0 2 0 3 0 4 0 4 fffft
0101tf	0102034444fffft	0 1 0 2 0 3 0 4 0 4 fffft
0101tf	0102131444fffft	0 1 0 2 0 3 0 4 0 4 fffft
0101tf	0102132444fffft	0 1 0 2 0 3 0 4 0 4 fffft
0101tf	0102133444fffft	0 1 0 2 0 3 0 4 0 4 fffft
0101tf	0102134444fffft	0 1 0 2 0 3 0 4 0 4 fffft
0101tf	0102232444fffft	0 1 0 2 0 3 0 4 0 4 fffft
0101tf	0102233444fffft	0 1 0 2 0 3 0 4 0 4 fffft
0101tf	0102234444fffft	0 1 0 2 0 3 0 4 0 4 fffft
0101tf	0102333444fffft	0 1 0 2 0 3 0 4 0 4 fffft
0101tf	0102334444fffft	0 1 0 2 0 3 0 4 0 4 fffft
0101tf	0102343333ffftf	0 1 0 2 0 3 0 4 0 4 fffft
0101tf	0112131444fffft	0 1 0 2 0 3 0 4 0 4 fffft
0101tf	0112132444fffft	0 1 0 2 0 3 0 4 0 4 fffft
0101tf	0112133444fffft	0 1 0 2 0 3 0 4 0 4 fffft
0101tf	0112134444fffft	0 1 0 2 0 3 0 4 0 4 fffft
0101tf	0112232444fffft	0 1 0 2 0 3 0 4 0 4 fffft
0101tf	0112233444fffft	0 1 0 2 0 3 0 4 0 4 fffft
0101tf	0112234444fffft	0 1 0 2 0 3 0 4 0 4 fffft
0101tf	0112333444fffft	0 1 0 2 0 3 0 4 0 4 fffft
0101tf	0112334444fffft	0 1 0 2 0 3 0 4 0 4 fffft
0101tf	0112343333ffftf	0 1 0 2 0 3 0 4 0 4 fffft
0101tf	0122232444fffft	0 1 0 2 0 3 0 4 0 4 fffft
0101tf	0122233444fffft	0 1 0 2 0 3 0 4 0 4 fffft
0101tf	0122234444fffft	0 1 0 2 0 3 0 4 0 4 fffft
0101tf	0122333444fffft	0 1 0 2 0 3 0 4 0 4 fffft
0101tf	0122334444fffft	0 1 0 2 0 3 0 4 0 4 fffft
0101tf	0122343333ffftf	0 1 0 2 0 3 0 4 0 4 fffft
0101tf	0123222422fftff	0 1 0 2 0 3 0 4 0 4 fffft
0101tf	0123242244fffft	0 1 0 2 0 3 0 4 0 4 fffft
0101tf	0123442244fffft	0 1 0 2 0 3 0 4 0 4 fffft
0101tf	0123444244fffft	0 1 0 2 0 3 0 4 0 4 fffft
0101tf	1112131444fffft	0 1 0 2 0 3 0 4 0 4 fffft
0101tf	1112132444fffft	0 1 0 2 0 3 0 4 0 4 fffft
0101tf	1112133444fffft	0 1 0 2 0 3 0 4 0 4 fffft
0101tf	1112134444fffft	0 1 0 2 0 3 0 4 0 4 fffft
0101tf	1112232444fffft	0 1 0 2 0 3 0 4 0 4 fffft
0101tf	1112233444fffft	0 1 0 2 0 3 0 4 0 4 fffft
0101tf	1112234444fffft	0 1 0 2 0 3 0 4 0 4 fffft
0101tf	1112333444fffft	0 1 0 2 0 3 0 4 0 4 fffft
0101tf	1112334444fffft	0 1 0 2 0 3 0 4 0 4 fffft
0101tf	1112343333ffftf	0 1 0 2 0 3 0 4 0 4 fffft
0101tf	1122232444fffft	0 1 0 2 0 3 0 4 0 4 fffft
0101tf	1122233444fffft	0 1 0 2 0 3 0 4 0 4 fffft
0101tf	1122234444fffft	0 1 0 2 0 3 0 4 0 4 fffft
0101tf	1122333444fffft	0 1 0 2 0 3 0 4 0 4 fffft
0101tf	1122334444fffft	0 1 0 2 0 3 0 4 0 4 fffft
0101tf	1122343333ffftf	0 1 0 2 0 3 0 4 0 4 fffft
0101tf	1123222422fftff	0 1 0 2 0 3 0 4 0 4 fffft
0101tf	1123242244fffft	0 1 0 2 0 3 0 4 0 4 fffft
0101tf	1211131411ftfff	0 1 0 2 0 3 0 4 0 4 fffft
0101tf	1213111444fffft	0 1 0 2 0 3 0 4 0 4 fffft
0101tf	1213113444fffft	0 1 0 2 0 3 0 4 0 4 fffft
0101tf	1213114444fffft	0 1 0 2 0 3 0 4 0 4 fffft
0101tf	1213143311ffftf	0 1 0 2 0 3 0 4 0 4 fffft
0101tf	1233343331ffftf	0 1 0 2 0 3 0 4 0 4 fffft
0111tf	0102030444fffft	0 1 0 2 0 3 0 4 4 4 fffft
0111tf	0102031444fffft	0 1 0 2 0 3 1 4 4 4 fffft
0111tf	0102032444fffft	0 1 0 2 0 3 2 4 4 4 fffft
0111tf	0102033444fffft	0 1 0 2 0 3 3 4 4 4 fffft
0111tf	0102034344fffft	0 1 0 2 0 3 4 3 4 4 fffft
0111tf	0102034444fffft	0 1 0 2 0 3 4 4 4 4 fffft
0111tf	0102131444fffft	0 1 0 2 1 3 1 4 4 4 fffft
0111tf	0102132444fffft	0 1 0 2 1 3 2 4 4 4 fffft
0111tf	0102133444fffft	0 1 0 2 1 3 3 4 4 4 fffft
0111tf	0102134344fffft	0 1 0 2 1 3 4 3 4 4 fffft
0111tf	0102134444fffft	0 1 0 2 1 3 4 4 4 4 fffft
0111tf	0102232444fffft	0 1 0 2 2 3 2 4 4 4 fffft
0111tf	0102233444fffft	0 1 0 2 2 3 3 4 4 4 fffft
0111tf	0102234344fffft	0 1 0 2 2 3 4 3 4 4 fffft
0111tf	0102234444fffft	0 1 0 2 2 3 4 4 4 4 fffft
0111tf	0102320444fffft	0 1 0 2 3 2 0 4 4 4 fffft
0111tf	0102321444fffft	0 1 0 2 3 2 1 4 4 4 fffft
0111tf	0102322444fffft	0 1 0 2 3 2 2 4 4 4 fffft
0111tf	0102323444fffft	0 1 0 2 3 2 3 4 4 4 fffft
0111tf	0102324144fffft	0 1 0 2 3 2 4 1 4 4 fffft
0111tf	0102324244fffft	0 1 0 2 3 2 4 2 4 4 fffft
0111tf	0102324344fffft	0 1 0 2 3 2 4 3 4 4 fffft
0111tf	0102324444fffft	0 1 0 2 3 2 4 4 4 4 fffft
0111tf	0102333444fffft	0 1 0 2 3 3 3 4 4 4 fffft
0111tf	0102334344fffft	0 1 0 2 3 3 4 3 4 4 fffft
0111tf	0102334444fffft	0 1 0 2 3 3 4 4 4 4 fffft
0111tf	0102340444fffft	0 1 0 2 3 4 0 4 4 4 fffft
0111tf	0102341144fffft	0 2 2 2 0 3 1 4 4 4 fffft
0111tf	0102341244fffft	0 1 0 3 1 3 2 4 4 4 fffft
0111tf	0102341444fffft	0 1 0 2 3 4 1 4 4 4 fffft
0111tf	0102342144fffft	0 1 0 3 3 1 2 4 4 4 fffft
0111tf	0102342244fffft	0 1 0 3 3 3 2 4 4 4 fffft
0111tf	0102343244fffft	0 1 0 3 2 3 2 4 4 4 fffft
0111tf	0102343333ffftf	0 1 0 2 4 3 4 4 4 4 fffft
0111tf	0102344144fffft	0 1 0 2 3 4 4 1 4 4 fffft
0111tf	0102344244fffft	0 1 0 2 3 4 4 2 4 4 fffft
0111tf	0102344444fffft	0 1 0 2 3 4 4 4 4 4 fffft
0111tf	0112131444fffft	0 1 1 2 1 3 1 4 4 4 fffft
0111tf	0112132444fffft	0 1 1 2 1 3 2 4 4 4 fffft
0111tf	0112133444fffft	0 1 1 2 1 3 3 4 4 4 fffft
0111tf	0112134344fffft	0 1 1 2 1 3 4 3 4 4 fffft
0111tf	0112134444fffft	0 1 1 2 1 3 4 4 4 4 fffft
0111tf	0112232444fffft	0 1 1 2 2 3 2 4 4 4 fffft
0111tf	0112233444fffft	0 1 1 2 2 3 3 4 4 4 fffft
0111tf	0112234344fffft	0 1 1 2 2 3 4 3 4 4 fffft
0111tf	0112234444fffft	0 1 1 2 2 3 4 4 4 4 fffft
0111tf	0112321444fffft	0 1 1 2 3 2 1 4 4 4 fffft
0111tf	0112322444fffft	0 1 1 2 3 2 2 4 4 4 fffft
0111tf	0112323444fffft	0 1 1 2 3 2 3 4 4 4 fffft
0111tf	0112324244fffft	0 1 1 2 3 2 4 2 4 4 fffft
0111tf	0112324344fffft	0 1 1 2 3 2 4 3 4 4 fffft
0111tf	0112324444fffft	0 1 1 2 3 2 4 4 4 4 fffft
0111tf	0112333444fffft	0 1 1 2 3 3 3 4 4 4 fffft
0111tf	0112334344fffft	0 1 1 2 3 3 4 3 4 4 fffft
0111tf	0112334444fffft	0 1 1 2 3 3 4 4 4 4 fffft
0111tf	0112341444fffft	0 1 1 2 3 4 1 4 4 4 fffft
0111tf	0112342244fffft	0 1 1 3 3 3 2 4 4 4 fffft
0111tf	0112343333ffftf	0 1 1 2 4 3 4 4 4 4 fffft
0111tf	0112344244fffft	0 1 1 2 3 4 4 2 4 4 fffft
0111tf	0112344444fffft	0 1 1 2 3 4 4 4 4 4 fffft
0111tf	0121032444fffft	0 1 2 1 0 3 2 4 4 4 fffft
0111tf	0121033444fffft	0 1 2 1 0 3 3 4 4 4 fffft
0111tf	0121034144fffft	0 1 2 1 0 3 4 1 4 4 fffft
0111tf	0121034344fffft	0 1 2 1 0 3 4 3 4 4 fffft
0111tf	0121034444fffft	0 1 2 1 0 3 4 4 4 4 fffft
0111tf	0121132444fffft	0 1 2 1 1 3 2 4 4 4 fffft
0111tf	0121133444fffft	0 1 2 1 1 3 3 4 4 4 fffft
0111tf	0121134144fffft	0 1 2 1 1 3 4 1 4 4 fffft
0111tf	0121134344fffft	0 1 2 1 1 3 4 3 4 4 fffft
0111tf	0121134444fffft	0 1 2 1 1 3 4 4 4 4 fffft
0111tf	0121232444fffft	0 1 2 1 2 3 2 4 4 4 fffft
0111tf	0121233444fffft	0 1 2 1 2 3 3 4 4 4 fffft
0111tf	0121234144fffft	0 1 2 1 2 3 4 1 4 4 fffft
0111tf	0121234244fffft	0 1 2 1 2 3 4 2 4 4 fffft
0111tf	0121234344fffft	0 1 2 1 2 3 4 3 4 4 fffft
0111tf	0121234444fffft	0 1 2 1 2 3 4 4 4 4 fffft
0111tf	0121310444fffft	0 1 2 1 3 1 0 4 4 4 fffft
0111tf	0121311444fffft	0 1 2 1 3 1 1 4 4 4 fffft
0111tf	0121312444fffft	0 1 2 1 3 1 2 4 4 4 fffft
0111tf	0121313444fffft	0 1 2 1 3 1 3 4 4 4 fffft
0111tf	0121314144fffft	0 1 2 1 3 1 4 1 4 4 fffft
0111tf	0121314244fffft	0 1 2 1 3 1 4 2 4 4 fffft
0111tf	0121314344fffft	0 1 2 1 3 1 4 3 4 4 fffft
0111tf	0121314444fffft	0 1 2 1 3 1 4 4 4 4 fffft
0111tf	0121323444fffft	0 1 2 1 3 2 3 4 4 4 fffft
0111tf	0121324244fffft	0 1 2 1 3 2 4 2 4 4 fffft
0111tf	0121324344fffft	0 1 2 1 3 2 4 3 4 4 fffft
0111tf	0121324444fffft	0 1 2 1 3 2 4 4 4 4 fffft
0111tf	0121332444fffft	0 1 2 1 3 3 2 4 4 4 fffft
0111tf	0121333444fffft	0 1 2 1 3 3 3 4 4 4 fffft
0111tf	0121334144fffft	0 1 2 1 3 3 4 1 4 4 fffft
0111tf	0121334344fffft	0 1 2 1 3 3 4 3 4 4 fffft
0111tf	0121334444fffft	0 1 2 1 3 3 4 4 4 4 fffft
0111tf	0121340444fffft	0 1 2 1 3 4 0 4 4 4 fffft
0111tf	0121341144fffft	0 2 2 2 3 2 1 4 4 4 fffft
0111tf	0121341444fffft	0 1 2 1 3 4 1 4 4 4 fffft
0111tf	0121343322ffftf	0 1 3 1 3 3 4 2 4 4 fffft
0111tf	0121343323ffftf	0 1 2 1 4 3 2 4 4 4 fffft
0111tf	0121343331ffftf	0 1 2 1 4 3 4 1 4 4 fffft
0111tf	0121343333ffftf	0 1 2 1 4 3 4 4 4 4 fffft
0111tf	0121344144fffft	0 1 2 1 3 4 4 1 4 4 fffft
0111tf	0121344344fffft	0 1 2 1 3 4 4 3 4 4 fffft
0111tf	0121344444fffft	0 1 2 1 3 4 4 4 4 4 fffft
0111tf	0122232444fffft	0 1 2 2 2 3 2 4 4 4 fffft
0111tf	0122233444fffft	0 1 2 2 2 3 3 4 4 4 fffft
0111tf	0122234344fffft	0 1 2 2 2 3 4 3 4 4 fffft
0111tf	0122234444fffft	0 1 2 2 2 3 4 4 4 4 fffft
0111tf	0122323444fffft	0 1 2 2 3 2 3 4 4 4 fffft
0111tf	0122324244fffft	0 1 2 2 3 2 4 2 4 4 fffft
0111tf	0122324344fffft	0 1 2 2 3 2 4 3 4 4 fffft
0111tf	0122324444fffft	0 1 2 2 3 2 4 4 4 4 fffft
0111tf	0122333444fffft	0 1 2 2 3 3 3 4 4 4 fffft
0111tf	0122334344fffft	0 1 2 2 3 3 4 3 4 4 fffft
0111tf	0122334444fffft	0 1 2 2 3 3 4 4 4 4 fffft
0111tf	0122343333ffftf	0 1 2 2 4 3 4 4 4 4 fffft
0111tf	0122344444fffft	0 1 2 2 3 4 4 4 4 4 fffft
0111tf	0123031444fffft	0 1 2 3 0 3 1 4 4 4 fffft
0111tf	0123032444fffft	0 1 2 3 0 3 2 4 4 4 fffft
0111tf	0123033444fffft	0 1 2 3 0 3 3 4 4 4 fffft
0111tf	0123034344fffft	0 1 2 3 0 3 4 3 4 4 fffft
0111tf	0123034444fffft	0 1 2 3 0 3 4 4 4 4 fffft
0111tf	0123042444fffft	0 1 2 3 0 4 2 4 4 4 fffft
0111tf	0123043313ffftf	0 2 0 3 1 4 2 4 4 4 fffft
0111tf	0123043333ffftf	0 2 0 3 1 4 4 4 4 4 fffft
0111tf	0123043343ffftf	0 2 0 3 1 4 3 4 4 4 fffft
0111tf	0123043444fffft	0 1 2 3 0 4 3 4 4 4 fffft
0111tf	0123044344fffft	0 1 2 3 0 4 4 3 4 4 fffft
0111tf	0123044444fffft	0 1 2 3 0 4 4 4 4 4 fffft
0111tf	0123112444fffft	0 2 2 2 1 3 1 4 4 4 fffft
0111tf	0123113444fffft	0 2 2 2 1 3 3 4 4 4 fffft
0111tf	0123114344fffft	0 2 2 2 1 3 4 3 4 4 fffft
0111tf	0123114444fffft	0 2 2 2 1 3 4 4 4 4 fffft
0111tf	0123142444fffft	0 1 2 3 1 4 2 4 4 4 fffft
0111tf	0123143333ffftf	0 2 2 3 1 4 4 4 4 4 fffft
0111tf	0123143343ffftf	0 2 2 3 1 4 3 4 4 4 fffft
0111tf	0123143444fffft	0 1 2 3 1 4 3 4 4 4 fffft
0111tf	0123144344fffft	0 1 2 3 1 4 4 3 4 4 fffft
0111tf	0123144444fffft	0 1 2 3 1 4 4 4 4 4 fffft
0111tf	0123222422fftff	0 1 4 2 4 3 4 4 4 4 fffft
0111tf	0123242244fffft	0 1 3 2 3 3 3 4 4 4 fffft
0111tf	0123243313ffftf	0 2 1 3 1 4 2 4 4 4 fffft
0111tf	0123243333ffftf	0 2 1 3 1 4 4 4 4 4 fffft
0111tf	0123243343ffftf	0 2 1 3 1 4 3 4 4 4 fffft
0111tf	0123244344fffft	0 1 2 3 2 4 4 3 4 4 fffft
0111tf	0123244444fffft	0 1 2 3 2 4 4 4 4 4 fffft
0111tf	0123312444fffft	0 1 2 3 3 1 2 4 4 4 fffft
0111tf	0123313444fffft	0 1 2 3 3 1 3 4 4 4 fffft
0111tf	0123314344fffft	0 1 2 3 3 1 4 3 4 4 fffft
0111tf	0123314444fffft	0 1 2 3 3 1 4 4 4 4 fffft
0111tf	0123332444fffft	0 1 2 3 3 3 2 4 4 4 fffft
0111tf	0123333444fffft	0 1 2 3 3 3 3 4 4 4 fffft
0111tf	0123334344fffft	0 1 2 3 3 3 4 3 4 4 fffft
0111tf	0123334444fffft	0 1 2 3 3 3 4 4 4 4 fffft
0111tf	0123343333ffftf	0 1 2 4 4 3 4 4 4 4 fffft
0111tf	0123344344fffft	0 1 2 3 3 4 4 3 4 4 fffft
0111tf	0123344444fffft	0 1 2 3 3 4 4 4 4 4 fffft
0111tf	0123412444fffft	0 1 2 3 4 1 2 4 4 4 fffft
0111tf	0123413303ffftf	0 2 3 2 1 4 0 4 4 4 fffft
0111tf	0123413311ffftf	0 3 2 3 3 3 1 4 4 4 fffft
0111tf	0123413313ffftf	0 2 3 2 1 4 2 4 4 4 fffft
0111tf	0123413331ffftf	0 2 3 2 1 4 4 2 4 4 fffft
0111tf	0123413333ffftf	0 2 3 2 1 4 4 4 4 4 fffft
0111tf	0123413343ffftf	0 2 3 2 1 4 3 4 4 4 fffft
0111tf	0123414344fffft	0 1 2 3 4 1 4 3 4 4 fffft
0111tf	0123414444fffft	0 1 2 3 4 1 4 4 4 4 fffft
0111tf	0123422244fffft	0 1 3 2 3 3 4 3 4 4 fffft
0111tf	0123432444fffft	0 1 2 3 4 3 2 4 4 4 fffft
0111tf	0123433303ffftf	0 1 2 4 3 4 0 4 4 4 fffft
0111tf	0123433311ffftf	0 2 2 2 3 4 1 4 4 4 fffft
0111tf	0123433321ffftf	0 2 3 2 3 4 1 4 4 4 fffft
0111tf	0123433331ffftf	0 1 2 4 3 4 4 1 4 4 fffft
0111tf	0123433333ffftf	0 1 2 4 3 4 4 4 4 4 fffft
0111tf	0123434444fffft	0 1 2 3 4 3 4 4 4 4 fffft
0111tf	0123442244fffft	0 1 3 2 3 3 4 4 4 4 fffft
0111tf	0123442444fffft	0 1 2 3 4 4 2 4 4 4 fffft
0111tf	0123443333ffftf	0 2 3 3 1 4 4 4 4 4 fffft
0111tf	0123443343ffftf	0 2 3 3 1 4 3 4 4 4 fffft
0111tf	0123444244fffft	0 1 2 3 4 4 4 2 4 4 fffft
0111tf	0123444344fffft	0 1 2 3 4 4 4 3 4 4 fffft
0111tf	1112131444fffft	0 1 1 2 1 3 1 4 4 4 fffft
0111tf	1112132444fffft	0 1 1 2 1 3 2 4 4 4 fffft
0111tf	1112133444fffft	0 1 1 2 1 3 3 4 4 4 fffft
0111tf	1112134344fffft	0 1 1 2 1 3 4 3 4 4 fffft
0111tf	1112134444fffft	0 1 1 2 1 3 4 4 4 4 fffft
0111tf	1112232444fffft	0 1 1 2 2 3 2 4 4 4 fffft
0111tf	1112233444fffft	0 1 1 2 2 3 3 4 4 4 fffft
0111tf	1112234344fffft	0 1 1 2 2 3 4 3 4 4 fffft
0111tf	1112234444fffft	0 1 1 2 2 3 4 4 4 4 fffft
0111tf	1112321444fffft	0 1 1 2 3 2 1 4 4 4 fffft
0111tf	1112322444fffft	0 1 1 2 3 2 2 4 4 4 fffft
0111tf	1112323444fffft	0 1 1 2 3 2 3 4 4 4 fffft
0111tf	1112324244fffft	0 1 1 2 3 2 4 2 4 4 fffft
0111tf	1112324344fffft	0 1 1 2 3 2 4 3 4 4 fffft
0111tf	1112324444fffft	0 1 1 2 3 2 4 4 4 4 fffft
0111tf	1112333444fffft	0 1 1 2 3 3 3 4 4 4 fffft
0111tf	1112334344fffft	0 1 1 2 3 3 4 3 4 4 fffft
0111tf	1112334444fffft	0 1 1 2 3 3 4 4 4 4 fffft
0111tf	1112341444fffft	0 1 1 2 3 4 1 4 4 4 fffft
0111tf	1112342244fffft	0 1 1 3 3 3 2 4 4 4 fffft
0111tf	1112343333ffftf	0 1 1 2 4 3 4 4 4 4 fffft
0111tf	1112344244fffft	0 1 1 2 3 4 4 2 4 4 fffft
0111tf	1112344444fffft	0 1 1 2 3 4 4 4 4 4 fffft
0111tf	1122232444fffft	0 1 2 2 2 3 2 4 4 4 fffft
0111tf	1122233444fffft	0 1 2 2 2 3 3 4 4 4 fffft
0111tf	1122234344fffft	0 1 2 2 2 3 4 3 4 4 fffft
0111tf	1122234444fffft	0 1 2 2 2 3 4 4 4 4 fffft
0111tf	1122333444fffft	0 1 2 2 3 3 3 4 4 4 fffft
0111tf	1122334444fffft	0 1 2 2 3 3 4 4 4 4 fffft
0111tf	1122343333ffftf	0 1 2 2 4 3 4 4 4 4 fffft
0111tf	1123222422fftff	0 1 4 2 4 3 4 4 4 4 fffft
0111tf	1123242244fffft	0 1 3 2 3 3 3 4 4 4 fffft
0111tf	1123244344fffft	0 1 2 3 2 4 4 3 4 4 fffft
0111tf	1123244444fffft	0 1 2 3 2 4 4 4 4 4 fffft
0111tf	1123333444fffft	0 1 2 3 3 3 3 4 4 4 fffft
0111tf	1123334444fffft	0 1 2 3 3 3 4 4 4 4 fffft
0111tf	1123344444fffft	0 1 2 3 3 4 4 4 4 4 fffft
0111tf	1123432444fffft	0 1 2 3 4 3 2 4 4 4 fffft
0111tf	1123434444fffft	0 1 2 3 4 3 4 4 4 4 fffft
0111tf	1211131411ftfff	0 1 4 2 4 3 4 4 4 4 fffft
0111tf	1213111444fffft	0 1 2 2 2 3 2 4 4 4 fffft
0111tf	1213113444fffft	0 1 2 2 2 3 3 4 4 4 fffft
0111tf	1213114344fffft	0 1 2 2 2 3 4 3 4 4 fffft
0111tf	1213114444fffft	0 1 2 2 2 3 4 4 4 4 fffft
0111tf	1213142444fffft	0 2 1 3 1 4 2 4 4 4 fffft
0111tf	1213143311ffftf	0 1 3 2 3 3 3 4 4 4 fffft
0111tf	1213143333ffftf	0 1 2 3 2 4 4 4 4 4 fffft
0111tf	1213143334ffftf	0 1 2 3 2 4 4 3 4 4 fffft
0111tf	1213143444fffft	0 2 1 3 1 4 3 4 4 4 fffft
0111tf	1213144444fffft	0 2 1 3 1 4 4 4 4 4 fffft
0111tf	1231143311ffftf	0 1 3 2 3 3 4 3 4 4 fffft
0111tf	1232133444fffft	0 2 3 2 1 3 3 4 4 4 fffft
0111tf	1232134444fffft	0 2 3 2 1 3 4 4 4 4 fffft
0111tf	1232143313ffftf	0 1 2 3 4 1 2 4 4 4 fffft
0111tf	1232143333ffftf	0 1 2 3 4 1 4 4 4 4 fffft
0111tf	1232143334ffftf	0 1 2 3 4 1 4 3 4 4 fffft
0111tf	1233343331ffftf	0 2 4 4 4 3 4 1 4 4 fffft
1111tf	0102030444fffft	0 1 0 2 0 3 0 4 4 4 fffft
1111tf	0102031444fffft	0 1 0 2 0 3 1 4 4 4 fffft
1111tf	0102032444fffft	0 1 0 2 0 3 2 4 4 4 fffft
1111tf	0102033444fffft	0 1 0 2 0 3 3 4 4 4 fffft
1111tf	0102034344fffft	0 1 0 2 0 3 4 3 4 4 fffft
1111tf	0102034444fffft	0 1 0 2 0 3 4 4 4 4 fffft
1111tf	0102131444fffft	0 1 0 2 1 3 1 4 4 4 fffft
1111tf	0102132444fffft	0 1 0 2 1 3 2 4 4 4 fffft
1111tf	0102133444fffft	0 1 0 2 1 3 3 4 4 4 fffft
1111tf	0102134344fffft	0 1 0 2 1 3 4 3 4 4 fffft
1111tf	0102134444fffft	0 1 0 2 1 3 4 4 4 4 fffft
1111tf	0102232444fffft	0 1 0 2 2 3 2 4 4 4 fffft
1111tf	0102233444fffft	0 1 0 2 2 3 3 4 4 4 fffft
1111tf	0102234344fffft	0 1 0 2 2 3 4 3 4 4 fffft
1111tf	0102234444fffft	0 1 0 2 2 3 4 4 4 4 fffft
1111tf	0102320444fffft	0 1 0 2 3 2 0 4 4 4 fffft
1111tf	0102321444fffft	0 1 0 2 3 2 1 4 4 4 fffft
1111tf	0102322444fffft	0 1 0 2 3 2 2 4 4 4 fffft
1111tf	0102323444fffft	0 1 0 2 3 2 3 4 4 4 fffft
1111tf	0102324144fffft	0 1 0 2 3 2 4 1 4 4 fffft
1111tf	0102324244fffft	0 1 0 2 3 2 4 2 4 4 fffft
1111tf	0102324344fffft	0 1 0 2 3 2 4 3 4 4 fffft
1111tf	0102324444fffft	0 1 0 2 3 2 4 4 4 4 fffft
1111tf	0102333444fffft	0 1 0 2 3 3 3 4 4 4 fffft
1111tf	0102334344fffft	0 1 0 2 3 3 4 3 4 4 fffft
1111tf	0102334444fffft	0 1 0 2 3 3 4 4 4 4 fffft
1111tf	0102340444fffft	0 1 0 2 3 4 0 4 4 4 fffft
1111tf	0102341144fffft	0 2 2 2 0 3 1 4 4 4 fffft
1111tf	0102341244fffft	0 1 0 3 1 3 2 4 4 4 fffft
1111tf	0102341444fffft	0 1 0 2 3 4 1 4 4 4 fffft
1111tf	0102342144fffft	0 1 0 3 3 1 2 4 4 4 fffft
1111tf	0102342244fffft	0 1 0 3 3 3 2 4 4 4 fffft
1111tf	0102343244fffft	0 1 0 3 2 3 2 4 4 4 fffft
1111tf	0102343333ffftf	0 1 0 2 4 3 4 4 4 4 fffft
1111tf	0102344144fffft	0 1 0 2 3 4 4 1 4 4 fffft
1111tf	0102344244fffft	0 1 0 2 3 4 4 2 4 4 fffft
1111tf	0102344444fffft	0 1 0 2 3 4 4 4 4 4 fffft
1111tf	0112131444fffft	0 1 1 2 1 3 1 4 4 4 fffft
1111tf	0112132444fffft	0 1 1 2 1 3 2 4 4 4 fffft
1111tf	0112133444fffft	0 1 1 2 1 3 3 4 4 4 fffft
1111tf	0112134344fffft	0 1 1 2 1 3 4 3 4 4 fffft
1111tf	0112134444fffft	0 1 1 2 1 3 4 4 4 4 fffft
1111tf	0112232444fffft	0 1 1 2 2 3 2 4 4 4 fffft
1111tf	0112233444fffft	0 1 1 2 2 3 3 4 4 4 fffft
1111tf	0112234344fffft	0 1 1 2 2 3 4 3 4 4 fffft
1111tf	0112234444fffft	0 1 1 2 2 3 4 4 4 4 fffft
1111tf	0112321444fffft	0 1 1 2 3 2 1 4 4 4 fffft
1111tf	0112322444fffft	0 1 1 2 3 2 2 4 4 4 fffft
1111tf	0112323444fffft	0 1 1 2 3 2 3 4 4 4 fffft
1111tf	0112324244fffft	0 1 1 2 3 2 4 2 4 4 fffft
1111tf	0112324344fffft	0 1 1 2 3 2 4 3 4 4 fffft
1111tf	0112324444fffft	0 1 1 2 3 2 4 4 4 4 fffft
1111tf	0112333444fffft	0 1 1 2 3 3 3 4 4 4 fffft
1111tf	0112334344fffft	0 1 1 2 3 3 4 3 4 4 fffft
1111tf	0112334444fffft	0 1 1 2 3 3 4 4 4 4 fffft
1111tf	0112341444fffft	0 1 1 2 3 4 1 4 4 4 fffft
1111tf	0112342244fffft	0 1 1 3 3 3 2 4 4 4 fffft
1111tf	0112343333ffftf	0 1 1 2 4 3 4 4 4 4 fffft
1111tf	0112344244fffft	0 1 1 2 3 4 4 2 4 4 fffft
1111tf	0112344444fffft	0 1 1 2 3 4 4 4 4 4 fffft
1111tf	0121032444fffft	0 1 2 1 0 3 2 4 4 4 fffft
1111tf	0121033444fffft	0 1 2 1 0 3 3 4 4 4 fffft
1111tf	0121034144fffft	0 1 2 1 0 3 4 1 4 4 fffft
1111tf	0121034344fffft	0 1 2 1 0 3 4 3 4 4 fffft
1111tf	0121034444fffft	0 1 2 1 0 3 4 4 4 4 fffft
1111tf	0121132444fffft	0 1 2 1 1 3 2 4 4 4 fffft
1111tf	0121133444fffft	0 1 2 1 1 3 3 4 4 4 fffft
1111tf	0121134144fffft	0 1 2 1 1 3 4 1 4 4 fffft
1111tf	0121134344fffft	0 1 2 1 1 3 4 3 4 4 fffft
1111tf	0121134444fffft	0 1 2 1 1 3 4 4 4 4 fffft
1111tf	0121232444fffft	0 1 2 1 2 3 2 4 4 4 fffft
1111tf	0121233444fffft	0 1 2 1 2 3 3 4 4 4 fffft
1111tf	0121234144fffft	0 1 2 1 2 3 4 1 4 4 fffft
1111tf	0121234244fffft	0 1 2 1 2 3 4 2 4 4 fffft
1111tf	0121234344fffft	0 1 2 1 2 3 4 3 4 4 fffft
1111tf	0121234444fffft	0 1 2 1 2 3 4 4 4 4 fffft
1111tf	0121310444fffft	0 1 2 1 3 1 0 4 4 4 fffft
1111tf	0121311444fffft	0 1 2 1 3 1 1 4 4 4 fffft
1111tf	0121312444fffft	0 1 2 1 3 1 2 4 4 4 fffft
1111tf	0121313444fffft	0 1 2 1 3 1 3 4 4 4 fffft
1111tf	0121314144fffft	0 1 2 1 3 1 4 1 4 4 fffft
1111tf	0121314244fffft	0 1 2 1 3 1 4 2 4 4 fffft
1111tf	0121314344fffft	0 1 2 1 3 1 4 3 4 4 fffft
1111tf	0121314444fffft	0 1 2 1 3 1 4 4 4 4 fffft
1111tf	0121323444fffft	0 1 2 1 3 2 3 4 4 4 fffft
1111tf	0121324244fffft	0 1 2 1 3 2 4 2 4 4 fffft
1111tf	0121324344fffft	0 1 2 1 3 2 4 3 4 4 fffft
1111tf	0121324444fffft	0 1 2 1 3 2 4 4 4 4 fffft
1111tf	0121332444fffft	0 1 2 1 3 3 2 4 4 4 fffft
1111tf	0121333444fffft	0 1 2 1 3 3 3 4 4 4 fffft
1111tf	0121334144fffft	0 1 2 1 3 3 4 1 4 4 fffft
1111tf	0121334344fffft	0 1 2 1 3 3 4 3 4 4 fffft
1111tf	0121334444fffft	0 1 2 1 3 3 4 4 4 4 fffft
1111tf	0121340444fffft	0 1 2 1 3 4 0 4 4 4 fffft
1111tf	0121341144fffft	0 2 2 2 3 2 1 4 4 4 fffft
1111tf	0121341444fffft	0 1 2 1 3 4 1 4 4 4 fffft
1111tf	0121343322ffftf	0 1 3 1 3 3 4 2 4 4 fffft
1111tf	0121343323ffftf	0 1 2 1 4 3 2 4 4 4 fffft
1111tf	0121343331ffftf	0 1 2 1 4 3 4 1 4 4 fffft
1111tf	0121343333ffftf	0 1 2 1 4 3 4 4 4 4 fffft
1111tf	0121344144fffft	0 1 2 1 3 4 4 1 4 4 fffft
1111tf	0121344344fffft	0 1 2 1 3 4 4 3 4 4 fffft
1111tf	0121344444fffft	0 1 2 1 3 4 4 4 4 4 fffft
1111tf	0122232444fffft	0 1 2 2 2 3 2 4 4 4 fffft
1111tf	0122233444fffft	0 1 2 2 2 3 3 4 4 4 fffft
1111tf	0122234344fffft	0 1 2 2 2 3 4 3 4 4 fffft
1111tf	0122234444fffft	0 1 2 2 2 3 4 4 4 4 fffft
1111tf	0122323444fffft	0 1 2 2 3 2 3 4 4 4 fffft
1111tf	0122324244fffft	0 1 2 2 3 2 4 2 4 4 fffft
1111tf	0122324344fffft	0 1 2 2 3 2 4 3 4 4 fffft
1111tf	0122324444fffft	0 1 2 2 3 2 4 4 4 4 fffft
1111tf	0122333444fffft	0 1 2 2 3 3 3 4 4 4 fffft
1111tf	0122334344fffft	0 1 2 2 3 3 4 3 4 4 fffft
1111tf	0122334444fffft	0 1 2 2 3 3 4 4 4 4 fffft
1111tf	0122343333ffftf	0 1 2 2 4 3 4 4 4 4 fffft
1111tf	0122344444fffft	0 1 2 2 3 4 4 4 4 4 fffft
1111tf	0123031444fffft	0 1 2 3 0 3 1 4 4 4 fffft
1111tf	0123032444fffft	0 1 2 3 0 3 2 4 4 4 fffft
1111tf	0123033444fffft	0 1 2 3 0 3 3 4 4 4 fffft
1111tf	0123034344fffft	0 1 2 3 0 3 4 3 4 4 fffft
1111tf	0123034444fffft	0 1 2 3 0 3 4 4 4 4 fffft
1111tf	0123042444fffft	0 1 2 3 0 4 2 4 4 4 fffft
1111tf	0123043313ffftf	0 2 0 3 1 4 2 4 4 4 fffft
1111tf	0123043333ffftf	0 2 0 3 1 4 4 4 4 4 fffft
1111tf	0123043343ffftf	0 2 0 3 1 4 3 4 4 4 fffft
1111tf	0123043444fffft	0 1 2 3 0 4 3 4 4 4 fffft
1111tf	0123044344fffft	0 1 2 3 0 4 4 3 4 4 fffft
1111tf	0123044444fffft	0 1 2 3 0 4 4 4 4 4 fffft
1111tf	0123112444fffft	0 2 2 2 1 3 1 4 4 4 fffft
1111tf	0123113444fffft	0 2 2 2 1 3 3 4 4 4 fffft
1111tf	0123114344fffft	0 2 2 2 1 3 4 3 4 4 fffft
1111tf	0123114444fffft	0 2 2 2 1 3 4 4 4 4 fffft
1111tf	0123142444fffft	0 1 2 3 1 4 2 4 4 4 fffft
1111tf	0123143333ffftf	0 2 2 3 1 4 4 4 4 4 fffft
1111tf	0123143343ffftf	0 2 2 3 1 4 3 4 4 4 fffft
1111tf	0123143444fffft	0 1 2 3 1 4 3 4 4 4 fffft
1111tf	0123144344fffft	0 1 2 3 1 4 4 3 4 4 fffft
1111tf	0123144444fffft	0 1 2 3 1 4 4 4 4 4 fffft
1111tf	0123222422fftff	0 1 4 2 4 3 4 4 4 4 fffft
1111tf	0123242244fffft	0 1 3 2 3 3 3 4 4 4 fffft
1111tf	0123243313ffftf	0 2 1 3 1 4 2 4 4 4 fffft
1111tf	0123243333ffftf	0 2 1 3 1 4 4 4 4 4 fffft
1111tf	0123243343ffftf	0 2 1 3 1 4 3 4 4 4 fffft
1111tf	0123244344fffft	0 1 2 3 2 4 4 3 4 4 fffft
1111tf	0123244444fffft	0 1 2 3 2 4 4 4 4 4 fffft
1111tf	0123312444fffft	0 1 2 3 3 1 2 4 4 4 fffft
1111tf	0123313444fffft	0 1 2 3 3 1 3 4 4 4 fffft
1111tf	0123314344fffft	0 1 2 3 3 1 4 3 4 4 fffft
1111tf	0123314444fffft	0 1 2 3 3 1 4 4 4 4 fffft
1111tf	0123332444fffft	0 1 2 3 3 3 2 4 4 4 fffft
1111tf	0123333444fffft	0 1 2 3 3 3 3 4 4 4 fffft
1111tf	0123334344fffft	0 1 2 3 3 3 4 3 4 4 fffft
1111tf	0123334444fffft	0 1 2 3 3 3 4 4 4 4 fffft
1111tf	0123343333ffftf	0 1 2 4 4 3 4 4 4 4 fffft
1111tf	0123344344fffft	0 1 2 3 3 4 4 3 4 4 fffft
1111tf	0123344444fffft	0 1 2 3 3 4 4 4 4 4 fffft
1111tf	0123412444fffft	0 1 2 3 4 1 2 4 4 4 fffft
1111tf	0123413303ffftf	0 2 3 2 1 4 0 4 4 4 fffft
1111tf	0123413311ffftf	0 3 2 3 3 3 1 4 4 4 fffft
1111tf	0123413313ffftf	0 2 3 2 1 4 2 4 4 4 fffft
1111tf	0123413331ffftf	0 2 3 2 1 4 4 2 4 4 fffft
1111tf	0123413333ffftf	0 2 3 2 1 4 4 4 4 4 fffft
1111tf	0123413343ffftf	0 2 3 2 1 4 3 4 4 4 fffft
1111tf	0123414344fffft	0 1 2 3 4 1 4 3 4 4 fffft
1111tf	0123414444fffft	0 1 2 3 4 1 4 4 4 4 fffft
1111tf	0123422244fffft	0 1 3 2 3 3 4 3 4 4 fffft
1111tf	0123432444fffft	0 1 2 3 4 3 2 4 4 4 fffft
1111tf	0123433303ffftf	0 1 2 4 3 4 0 4 4 4 fffft
1111tf	0123433311ffftf	0 2 2 2 3 4 1 4 4 4 fffft
1111tf	0123433321ffftf	0 2 3 2 3 4 1 4 4 4 fffft
1111tf	0123433331ffftf	0 1 2 4 3 4 4 1 4 4 fffft
1111tf	0123433333ffftf	0 1 2 4 3 4 4 4 4 4 fffft
1111tf	0123434444fffft	0 1 2 3 4 3 4 4 4 4 fffft
1111tf	0123442244fffft	0 1 3 2 3 3 4 4 4 4 fffft
1111tf	0123442444fffft	0 1 2 3 4 4 2 4 4 4 fffft
1111tf	0123443333ffftf	0 2 3 3 1 4 4 4 4 4 fffft
1111tf	0123443343ffftf	0 2 3 3 1 4 3 4 4 4 fffft
1111tf	0123444244fffft	0 1 2 3 4 4 4 2 4 4 fffft
1111tf	0123444344fffft	0 1 2 3 4 4 4 3 4 4 fffft
1111tf	1112131444fffft	1 1 1 2 1 3 1 4 4 4 fffft
1111tf	1112132444fffft	1 1 1 2 1 3 2 4 4 4 fffft
1111tf	1112133444fffft	1 1 1 2 1 3 3 4 4 4 fffft
1111tf	1112134344fffft	1 1 1 2 1 3 4 3 4 4 fffft
1111tf	1112134444fffft	1 1 1 2 1 3 4 4 4 4 fffft
1111tf	1112232444fffft	1 1 1 2 2 3 2 4 4 4 fffft
1111tf	1112233444fffft	1 1 1 2 2 3 3 4 4 4 fffft
1111tf	1112234344fffft	1 1 1 2 2 3 4 3 4 4 fffft
1111tf	1112234444fffft	1 1 1 2 2 3 4 4 4 4 fffft
1111tf	1112321444fffft	1 1 1 2 3 2 1 4 4 4 fffft
1111tf	1112322444fffft	1 1 1 2 3 2 2 4 4 4 fffft
1111tf	1112323444fffft	1 1 1 2 3 2 3 4 4 4 fffft
1111tf	1112324244fffft	1 1 1 2 3 2 4 2 4 4 fffft
1111tf	1112324344fffft	1 1 1 2 3 2 4 3 4 4 fffft
1111tf	1112324444fffft	1 1 1 2 3 2 4 4 4 4 fffft
1111tf	1112333444fffft	1 1 1 2 3 3 3 4 4 4 fffft
1111tf	1112334344fffft	1 1 1 2 3 3 4 3 4 4 fffft
1111tf	1112334444fffft	1 1 1 2 3 3 4 4 4 4 fffft
1111tf	1112341444fffft	1 1 1 2 3 4 1 4 4 4 fffft
1111tf	1112342244fffft	1 1 1 3 3 3 2 4 4 4 fffft
1111tf	1112343333ffftf	1 1 1 2 4 3 4 4 4 4 fffft
1111tf	1112344244fffft	1 1 1 2 3 4 4 2 4 4 fffft
1111tf	1112344444fffft	1 1 1 2 3 4 4 4 4 4 fffft
1111tf	1122232444fffft	1 1 2 2 2 3 2 4 4 4 fffft
1111tf	1122233444fffft	1 1 2 2 2 3 3 4 4 4 fffft
1111tf	1122234344fffft	1 1 2 2 2 3 4 3 4 4 fffft
1111tf	1122234444fffft	1 1 2 2 2 3 4 4 4 4 fffft
1111tf	1122333444fffft	1 1 2 2 3 3 3 4 4 4 fffft
1111tf	1122334444fffft	1 1 2 2 3 3 4 4 4 4 fffft
1111tf	1122343333ffftf	1 1 2 2 4 3 4 4 4 4 fffft
1111tf	1123222422fftff	1 1 4 2 4 3 4 4 4 4 fffft
1111tf	1123242244fffft	1 1 3 2 3 3 3 4 4 4 fffft
1111tf	1123244344fffft	1 1 2 3 2 4 4 3 4 4 fffft
1111tf	1123244444fffft	1 1 2 3 2 4 4 4 4 4 fffft
1111tf	1123333444fffft	1 1 2 3 3 3 3 4 4 4 fffft
1111tf	1123334444fffft	1 1 2 3 3 3 4 4 4 4 fffft
1111tf	1123344444fffft	1 1 2 3 3 4 4 4 4 4 fffft
1111tf	1123432444fffft	1 1 2 3 4 3 2 4 4 4 fffft
1111tf	1123434444fffft	1 1 2 3 4 3 4 4 4 4 fffft
1111tf	1211131411ftfff	4 1 4 2 4 3 4 4 4 4 fffft
1111tf	1213111444fffft	2 1 2 2 2 3 2 4 4 4 fffft
1111tf	1213113444fffft	2 1 2 2 2 3 3 4 4 4 fffft
1111tf	1213114344fffft	2 1 2 2 2 3 4 3 4 4 fffft
1111tf	1213114444fffft	2 1 2 2 2 3 4 4 4 4 fffft
1111tf	1213142444fffft	1 2 1 3 1 4 2 4 4 4 fffft
1111tf	1213143311ffftf	3 1 3 2 3 3 3 4 4 4 fffft
1111tf	1213143333ffftf	2 1 2 3 2 4 4 4 4 4 fffft
1111tf	1213143334ffftf	2 1 2 3 2 4 4 3 4 4 fffft
1111tf	1213143444fffft	1 2 1 3 1 4 3 4 4 4 fffft
1111tf	1213144444fffft	1 2 1 3 1 4 4 4 4 4 fffft
1111tf	1213244444fffft	1 2 1 3 2 4 4 4 4 4 fffft
1111tf	1213323444fffft	1 2 1 3 3 2 3 4 4 4 fffft
1111tf	1213324444fffft	1 2 1 3 3 2 4 4 4 4 fffft
1111tf	1213333444fffft	1 2 1 3 3 3 3 4 4 4 fffft
1111tf	1213334344fffft	1 2 1 3 3 3 4 3 4 4 fffft
1111tf	1213334444fffft	1 2 1 3 3 3 4 4 4 4 fffft
1111tf	1213343333ffftf	1 2 1 4 4 3 4 4 4 4 fffft
1111tf	1213344444fffft	1 2 1 3 3 4 4 4 4 4 fffft
1111tf	1213423333ffftf	2 1 3 1 2 4 4 4 4 4 fffft
1111tf	1213433333ffftf	1 2 1 4 3 4 4 4 4 4 fffft
1111tf	1213434444fffft	1 2 1 3 4 3 4 4 4 4 fffft
1111tf	1213443333ffftf	2 1 3 3 2 4 4 4 4 4 fffft
1111tf	1222232444fffft	1 2 2 2 2 3 2 4 4 4 fffft
1111tf	1222233444fffft	1 2 2 2 2 3 3 4 4 4 fffft
1111tf	1222234344fffft	1 2 2 2 2 3 4 3 4 4 fffft
1111tf	1222234444fffft	1 2 2 2 2 3 4 4 4 4 fffft
1111tf	1222333444fffft	1 2 2 2 3 3 3 4 4 4 fffft
1111tf	1222334344fffft	1 2 2 2 3 3 4 3 4 4 fffft
1111tf	1222334444fffft	1 2 2 2 3 3 4 4 4 4 fffft
1111tf	1222343333ffftf	1 2 2 2 4 3 4 4 4 4 fffft
1111tf	1222344444fffft	1 2 2 2 3 4 4 4 4 4 fffft
1111tf	1223244444fffft	1 2 2 3 2 4 4 4 4 4 fffft
1111tf	1223333444fffft	1 2 2 3 3 3 3 4 4 4 fffft
1111tf	1223334344fffft	1 2 2 3 3 3 4 3 4 4 fffft
1111tf	1223334444fffft	1 2 2 3 3 3 4 4 4 4 fffft
1111tf	1223344444fffft	1 2 2 3 3 4 4 4 4 4 fffft
1111tf	1223433333ffftf	1 2 2 4 3 4 4 4 4 4 fffft
1111tf	1223434444fffft	1 2 2 3 4 3 4 4 4 4 fffft
1111tf	1231143311ffftf	3 1 3 2 3 3 4 3 4 4 fffft
1111tf	1232133444fffft	1 2 3 2 1 3 3 4 4 4 fffft
1111tf	1232134444fffft	1 2 3 2 1 3 4 4 4 4 fffft
1111tf	1232143313ffftf	2 1 2 3 4 1 2 4 4 4 fffft
1111tf	1232143333ffftf	2 1 2 3 4 1 4 4 4 4 fffft
1111tf	1232143334ffftf	2 1 2 3 4 1 4 3 4 4 fffft
1111tf	1232333444fffft	1 2 3 2 3 3 3 4 4 4 fffft
1111tf	1232334344fffft	1 2 3 2 3 3 4 3 4 4 fffft
1111tf	1232334444fffft	1 2 3 2 3 3 4 4 4 4 fffft
1111tf	1232343333ffftf	1 2 4 2 4 3 4 4 4 4 fffft
1111tf	1232344244fffft	1 2 3 2 3 4 4 2 4 4 fffft
1111tf	1232344444fffft	1 2 3 2 3 4 4 4 4 4 fffft
1111tf	1232433333ffftf	1 2 4 2 3 4 4 4 4 4 fffft
1111tf	1232434444fffft	1 2 3 2 4 3 4 4 4 4 fffft
1111tf	1232442244fffft	1 3 2 3 3 3 4 4 4 4 fffft
1111tf	1232442444fffft	1 2 3 2 4 4 2 4 4 4 fffft
1111tf	1232443333ffftf	2 1 3 3 4 1 4 4 4 4 fffft
1111tf	1232443334ffftf	2 1 3 3 4 1 4 3 4 4 fffft
1111tf	1232443444fffft	1 2 3 2 4 4 3 4 4 4 fffft
1111tf	1232444244fffft	1 2 3 2 4 4 4 2 4 4 fffft
1111tf	1233343331ffftf	1 2 4 4 4 3 4 1 4 4 fffft
1111tf	1233344444fffft	1 2 3 3 3 4 4 4 4 4 fffft
1111tf	1233434444fffft	1 2 3 3 4 3 4 4 4 4 fffft
1111tf	1234433333ffftf	1 2 4 3 3 4 4 4 4 4 fffft
1111tf	1234434444fffft	1 2 3 4 4 3 4 4 4 4 fffft
