0111tf	01020333ffft	1 0 1 2 1 3 1 4 4 4 fffft
0111tf	01021333ffft	1 0 1 2 1 3 2 4 4 4 fffft
0111tf	01022333ffft	1 0 1 2 1 3 3 4 4 4 fffft
0111tf	01023033ffft	1 0 1 2 1 3 4 1 4 4 fffft
0111tf	01023133ffft	1 0 1 2 1 3 4 2 4 4 fffft
0111tf	01023233ffft	1 0 1 2 1 3 4 3 4 4 fffft
0111tf	01023333ffft	1 0 1 2 1 3 4 4 4 4 fffft
0111tf	01120333ffft	1 0 1 2 2 3 1 4 4 4 fffft
0111tf	01121333ffft	1 0 1 2 2 3 2 4 4 4 fffft
0111tf	01122333ffft	1 0 1 2 2 3 3 4 4 4 fffft
0111tf	01123033ffft	1 0 1 2 2 3 4 1 4 4 fffft
0111tf	01123133ffft	1 0 1 2 2 3 4 2 4 4 fffft
0111tf	01123233ffft	1 0 1 2 2 3 4 3 4 4 fffft
0111tf	01123333ffft	1 0 1 2 2 3 4 4 4 4 fffft
0111tf	01200333ffft	1 0 1 2 3 1 1 4 4 4 fffft
0111tf	01201333ffft	1 0 1 2 3 1 2 4 4 4 fffft
0111tf	01202333ffft	1 0 1 2 3 1 3 4 4 4 fffft
0111tf	01203033ffft	1 0 1 2 3 1 4 1 4 4 fffft
0111tf	01203133ffft	1 0 1 2 3 1 4 2 4 4 fffft
0111tf	01203233ffft	1 0 1 2 3 1 4 3 4 4 fffft
0111tf	01203333ffft	1 0 1 2 3 1 4 4 4 4 fffft
0111tf	01210333ffft	1 0 1 2 3 2 1 4 4 4 fffft
0111tf	01211333ffft	1 0 1 2 3 2 2 4 4 4 fffft
0111tf	01212333ffft	1 0 1 2 3 2 3 4 4 4 fffft
0111tf	01213033ffft	1 0 1 2 3 2 4 1 4 4 fffft
0111tf	01213133ffft	1 0 1 2 3 2 4 2 4 4 fffft
0111tf	01213233ffft	1 0 1 2 3 2 4 3 4 4 fffft
0111tf	01213333ffft	1 0 1 2 3 2 4 4 4 4 fffft
0111tf	01220333ffft	1 0 1 2 3 3 1 4 4 4 fffft
0111tf	01221333ffft	1 0 1 2 3 3 2 4 4 4 fffft
0111tf	01222333ffft	1 0 1 2 3 3 3 4 4 4 fffft
0111tf	01223033ffft	1 0 1 2 3 3 4 1 4 4 fffft
0111tf	01223133ffft	1 0 1 2 3 3 4 2 4 4 fffft
0111tf	01223233ffft	1 0 1 2 3 3 4 3 4 4 fffft
0111tf	01223333ffft	1 0 1 2 3 3 4 4 4 4 fffft
0111tf	01230033ffft	2 0 2 2 2 3 1 4 4 4 fffft
0111tf	01230333ffft	1 0 1 2 3 4 1 4 4 4 fffft
0111tf	01231033ffft	1 0 1 3 3 1 2 4 4 4 fffft
0111tf	01231133ffft	1 0 1 3 3 3 2 4 4 4 fffft
0111tf	01231233ffft	1 0 1 3 3 2 2 4 4 4 fffft
0111tf	01232033ffft	2 0 1 2 2 3 1 4 4 4 fffft
0111tf	01232200fftf	2 0 2 2 2 3 4 1 4 4 fffft
0111tf	01232202fftf	1 0 1 2 4 3 1 4 4 4 fffft
0111tf	01232210fftf	1 0 1 3 3 1 4 2 4 4 fffft
0111tf	01232211fftf	1 0 1 3 3 3 4 2 4 4 fffft
0111tf	01232212fftf	1 0 1 2 4 3 2 4 4 4 fffft
0111tf	01232213fftf	1 0 1 3 3 2 4 2 4 4 fffft
0111tf	01232220fftf	1 0 1 2 4 3 4 1 4 4 fffft
0111tf	01232222fftf	1 0 1 2 4 3 4 4 4 4 fffft
0111tf	01232230fftf	2 0 1 2 2 3 4 1 4 4 fffft
0111tf	01232232fftf	1 0 1 2 4 3 3 4 4 4 fffft
0111tf	01232233ffft	2 0 1 1 2 3 1 4 4 4 fffft
0111tf	01232233fftf	2 0 1 1 2 3 4 1 4 4 fffft
0111tf	01233033ffft	1 0 1 2 3 4 4 1 4 4 fffft
0111tf	01233133ffft	1 0 1 2 3 4 4 2 4 4 fffft
0111tf	01233233ffft	1 0 1 2 3 4 4 3 4 4 fffft
0111tf	01233333ffft	1 0 1 2 3 4 4 4 4 4 fffft
0111tf	11020333ffft	2 0 2 2 1 3 1 4 4 4 fffft
0111tf	11021333ffft	2 0 2 2 1 3 2 4 4 4 fffft
0111tf	11022333ffft	2 0 2 2 1 3 3 4 4 4 fffft
0111tf	11023033ffft	2 0 2 2 1 3 4 1 4 4 fffft
0111tf	11023133ffft	2 0 2 2 1 3 4 2 4 4 fffft
0111tf	11023233ffft	2 0 2 2 1 3 4 3 4 4 fffft
0111tf	11023333ffft	2 0 2 2 1 3 4 4 4 4 fffft
0111tf	11120333ffft	2 0 2 2 2 3 1 4 4 4 fffft
0111tf	11123033ffft	2 0 2 2 2 3 4 1 4 4 fffft
0111tf	11220333ffft	2 0 2 2 3 3 1 4 4 4 fffft
0111tf	11230033ffft	3 0 3 3 1 1 2 4 4 4 fffft
0111tf	11230133ffft	3 0 3 3 1 3 2 4 4 4 fffft
0111tf	11230233ffft	3 0 3 3 1 2 2 4 4 4 fffft
0111tf	11230333ffft	2 0 2 2 3 4 1 4 4 4 fffft
0111tf	11231033ffft	3 0 3 2 3 3 1 4 4 4 fffft
0111tf	11232033ffft	3 0 3 3 2 1 2 4 4 4 fffft
0111tf	11232202fftf	2 0 2 2 4 3 1 4 4 4 fffft
0111tf	12000333ffft	1 0 2 2 1 3 2 4 4 4 fffft
0111tf	12001333ffft	1 0 2 2 1 3 1 4 4 4 fffft
0111tf	12002333ffft	1 0 2 2 1 3 3 4 4 4 fffft
0111tf	12003033ffft	1 0 2 2 1 3 4 2 4 4 fffft
0111tf	12003133ffft	1 0 2 2 1 3 4 1 4 4 fffft
0111tf	12003233ffft	1 0 2 2 1 3 4 3 4 4 fffft
0111tf	12003333ffft	1 0 2 2 1 3 4 4 4 4 fffft
0111tf	12010333ffft	1 0 2 1 1 3 2 4 4 4 fffft
0111tf	12011333ffft	1 0 2 1 1 3 1 4 4 4 fffft
0111tf	12012333ffft	1 0 2 1 1 3 3 4 4 4 fffft
0111tf	12013033ffft	1 0 2 1 1 3 4 2 4 4 fffft
0111tf	12013133ffft	1 0 2 1 1 3 4 1 4 4 fffft
0111tf	12013233ffft	1 0 2 1 1 3 4 3 4 4 fffft
0111tf	12013333ffft	1 0 2 1 1 3 4 4 4 4 fffft
0111tf	12030133ffft	3 0 3 2 1 3 1 4 4 4 fffft
0111tf	12030233ffft	3 0 3 2 1 2 1 4 4 4 fffft
0111tf	12031133ffft	3 0 3 2 3 3 1 4 4 4 fffft
0111tf	12031333ffft	2 0 2 3 1 4 2 4 4 4 fffft
0111tf	12032133ffft	3 0 3 2 2 3 1 4 4 4 fffft
0111tf	12032200fftf	1 0 3 2 3 3 1 4 4 4 fffft
0111tf	12032202fftf	1 0 2 3 1 4 2 4 4 4 fffft
0111tf	12032210fftf	1 0 3 2 1 3 1 4 4 4 fffft
0111tf	12032211fftf	2 0 2 2 3 1 2 4 4 4 fffft
0111tf	12032220fftf	1 0 2 3 1 4 4 2 4 4 fffft
0111tf	12032221fftf	1 0 2 3 1 4 4 1 4 4 fffft
0111tf	12032222fftf	1 0 2 3 1 4 4 4 4 4 fffft
0111tf	12032223fftf	1 0 2 3 1 4 4 3 4 4 fffft
0111tf	12032230fftf	1 0 3 2 2 3 1 4 4 4 fffft
0111tf	12032231fftf	2 0 1 2 3 1 2 4 4 4 fffft
0111tf	12032232fftf	1 0 2 3 1 4 3 4 4 4 fffft
0111tf	12032233ffft	3 0 3 2 2 2 1 4 4 4 fffft
0111tf	12032233fftf	2 0 1 1 3 1 2 4 4 4 fffft
0111tf	12032333ffft	2 0 2 3 1 4 3 4 4 4 fffft
0111tf	12033033ffft	2 0 2 3 1 4 4 1 4 4 fffft
0111tf	12033133ffft	2 0 2 3 1 4 4 2 4 4 fffft
0111tf	12033233ffft	2 0 2 3 1 4 4 3 4 4 fffft
0111tf	12033333ffft	2 0 2 3 1 4 4 4 4 4 fffft
0111tf	12100333ffft	1 0 1 2 1 3 2 4 4 4 fffft
0111tf	12101333ffft	1 0 1 2 1 3 1 4 4 4 fffft
0111tf	12102333ffft	1 0 1 2 1 3 3 4 4 4 fffft
0111tf	12103133ffft	1 0 1 2 1 3 4 1 4 4 fffft
0111tf	12103233ffft	1 0 1 2 1 3 4 3 4 4 fffft
0111tf	12103333ffft	1 0 1 2 1 3 4 4 4 4 fffft
0111tf	12200333ffft	2 0 2 3 3 1 1 4 4 4 fffft
0111tf	12201333ffft	2 0 2 3 3 1 2 4 4 4 fffft
0111tf	12202333ffft	2 0 2 3 3 1 3 4 4 4 fffft
0111tf	12203133ffft	2 0 2 3 3 1 4 2 4 4 fffft
0111tf	12203333ffft	2 0 2 3 3 1 4 4 4 4 fffft
0111tf	12210333ffft	2 0 2 3 3 2 1 4 4 4 fffft
0111tf	12220333ffft	2 0 2 3 3 3 1 4 4 4 fffft
0111tf	12230333ffft	2 0 2 3 3 4 1 4 4 4 fffft
0111tf	12300333ffft	2 0 2 3 4 1 1 4 4 4 fffft
0111tf	12301333ffft	2 0 2 3 4 1 2 4 4 4 fffft
0111tf	12302333ffft	2 0 2 3 4 1 3 4 4 4 fffft
0111tf	12303333ffft	2 0 2 3 4 1 4 4 4 4 fffft
