010212tff	0112233444fffft	1 0 2 0 2 3 4 0 4 5 6 0 6 7 8 0 8 9 10 0 10 9 ffffffffftt
010212tff	0112332444fffft	1 0 2 0 2 3 4 0 4 6 7 0 8 0 8 5 7 9 10 0 10 9 ffffffffftt
010212tff	0112342344fffft	1 0 2 0 2 3 4 0 4 5 7 0 8 0 8 6 7 9 10 0 10 9 ffffffffftt
010212tff	0122133444fffft	1 0 2 0 2 4 5 0 6 0 6 3 5 7 8 0 8 9 10 0 10 9 ffffffffftt
010212tff	0122331444fffft	1 0 2 0 2 4 5 0 7 0 7 6 8 0 8 3 5 9 10 0 10 9 ffffffffftt
010212tff	0122341344fffft	1 0 3 0 5 0 3 6 7 0 7 4 8 0 8 2 5 9 10 0 10 9 ffffffffftt
010212tff	0123123444fffft	1 0 2 0 2 3 5 0 6 0 6 4 5 7 8 0 8 9 10 0 10 9 ffffffffftt
010212tff	0123143244fffft	2 0 3 0 4 0 3 5 4 6 7 0 8 0 8 1 7 9 10 0 10 9 ffffffffftt
010212tff	0123143342ffftf	1 0 2 0 2 4 5 0 7 0 5 6 8 0 8 3 7 9 10 0 10 9 ffffffffftt
010212tff	0123321444fffft	1 0 2 0 2 4 5 0 7 0 7 3 8 0 8 6 5 9 10 0 10 9 ffffffffftt
010212tff	0123341244fffft	1 0 3 0 5 0 3 6 7 0 7 2 8 0 8 4 5 9 10 0 10 9 ffffffffftt
010212tff	0123423314ffftf	1 0 2 0 2 3 5 0 7 0 7 4 8 0 8 6 5 9 10 0 10 9 ffffffffftt
010212tff	0123443312ffftf	1 0 2 0 2 3 5 0 7 0 7 6 8 0 8 4 5 9 10 0 10 9 ffffffffftt
010212tff	1203223440fftff	6 0 7 0 5 0 4 0 4 1 5 3 8 0 8 2 7 9 10 0 10 9 ffffffffftt
010212tff	1203224034fftff	6 0 7 0 5 0 5 1 3 0 3 4 8 0 8 2 7 9 10 0 10 9 ffffffffftt
010212tff	1203224430fftff	6 0 7 0 4 0 5 0 5 1 4 3 8 0 8 2 7 9 10 0 10 9 ffffffffftt
010212tff	1203243044fffft	4 0 5 0 3 0 3 1 6 0 6 2 5 7 8 0 8 9 10 0 10 9 ffffffffftt
010212tff	1203243340ffftf	4 0 2 0 2 3 5 0 7 0 5 6 8 0 8 1 7 9 10 0 10 9 ffffffffftt
010212tff	1203302444fffft	2 0 3 0 4 0 4 5 3 6 7 0 8 0 8 1 7 9 10 0 10 9 ffffffffftt
010212tff	1203342044fffft	1 0 3 0 4 0 4 5 3 6 7 0 8 0 8 2 7 9 10 0 10 9 ffffffffftt
010212tff	1203443320ffftf	4 0 5 0 5 3 2 0 7 0 2 6 8 0 8 1 7 9 10 0 10 9 ffffffffftt
010212tff	1223043044fffft	6 0 7 0 7 3 2 0 5 0 5 1 8 0 8 4 2 9 10 0 10 9 ffffffffftt
010212tff	1223043340ffftf	1 0 4 0 5 0 7 0 7 2 5 6 8 0 8 3 4 9 10 0 10 9 ffffffffftt
010212tff	1223340044fffft	6 0 7 0 7 3 5 0 2 0 2 1 8 0 8 4 5 9 10 0 10 9 ffffffffftt
010212tff	1223443300ffftf	1 0 3 0 5 0 5 4 7 0 7 6 8 0 8 2 3 9 10 0 10 9 ffffffffftt
