01020313tfff	0112233444fffft	1 0 2 0 3 0 3 4 5 0 6 0 6 7 8 0 9 0 9 10 11 0 12 0 12 13 14 0 15 0 15 13 fffffffffffffttt
01020313tfff	0112332444fffft	1 0 2 0 3 0 3 4 5 0 6 0 6 7 9 0 10 0 11 0 12 0 12 8 11 13 14 0 15 0 15 13 fffffffffffffttt
01020313tfff	0112342344fffft	1 0 2 0 3 0 3 4 5 0 6 0 6 8 9 0 10 0 11 0 12 0 12 7 11 13 14 0 15 0 15 13 fffffffffffffttt
01020313tfff	0122133444fffft	1 0 2 0 3 0 3 4 6 0 7 0 8 0 9 0 9 5 8 10 11 0 12 0 12 13 14 0 15 0 15 13 fffffffffffffttt
01020313tfff	0122331444fffft	1 0 2 0 4 0 6 0 4 7 8 0 9 0 10 0 11 0 11 3 12 0 12 5 9 13 14 0 15 0 15 13 fffffffffffffttt
01020313tfff	0122341344fffft	1 0 2 0 3 0 3 4 6 0 8 0 9 0 10 0 11 0 11 7 12 0 12 5 9 13 14 0 15 0 15 13 fffffffffffffttt
01020313tfff	0123123444fffft	1 0 2 0 3 0 3 5 6 0 7 0 8 0 9 0 9 4 8 10 11 0 12 0 12 13 14 0 15 0 15 13 fffffffffffffttt
01020313tfff	0123143244fffft	1 0 2 0 4 0 5 0 4 6 7 0 9 0 7 8 10 0 11 0 12 0 12 3 11 13 14 0 15 0 15 13 fffffffffffffttt
01020313tfff	0123143342ffftf	2 0 3 0 4 0 5 0 6 0 5 7 6 8 9 0 10 0 11 0 12 0 12 1 11 13 14 0 15 0 15 13 fffffffffffffttt
01020313tfff	0123321444fffft	1 0 2 0 4 0 6 0 4 7 8 0 9 0 10 0 11 0 11 5 12 0 12 3 9 13 14 0 15 0 15 13 fffffffffffffttt
01020313tfff	0123341244fffft	1 0 2 0 3 0 3 4 6 0 8 0 9 0 10 0 11 0 11 5 12 0 12 7 9 13 14 0 15 0 15 13 fffffffffffffttt
01020313tfff	0123423314ffftf	1 0 2 0 3 0 3 5 6 0 8 0 9 0 10 0 11 0 11 7 12 0 12 4 9 13 14 0 15 0 15 13 fffffffffffffttt
01020313tfff	0123443312ffftf	1 0 2 0 3 0 3 5 6 0 8 0 9 0 10 0 11 0 11 4 12 0 12 7 9 13 14 0 15 0 15 13 fffffffffffffttt
01020313tfff	1200233444fffft	1 0 3 0 4 0 5 0 6 0 6 2 5 7 8 0 9 0 9 10 11 0 12 0 12 13 14 0 15 0 15 13 fffffffffffffttt
01020313tfff	1200332444fffft	1 0 3 0 4 0 5 0 6 0 6 2 5 7 9 0 10 0 11 0 12 0 12 8 11 13 14 0 15 0 15 13 fffffffffffffttt
01020313tfff	1200342344fffft	1 0 3 0 4 0 5 0 6 0 6 2 5 8 9 0 10 0 11 0 12 0 12 7 11 13 14 0 15 0 15 13 fffffffffffffttt
01020313tfff	1203223440fftff	6 0 2 0 3 0 3 4 5 0 7 0 9 0 7 8 10 0 11 0 12 0 12 1 11 13 14 0 15 0 15 13 fffffffffffffttt
01020313tfff	1203224034fftff	6 0 4 0 5 0 2 0 7 0 7 3 9 0 5 8 10 0 11 0 12 0 12 1 11 13 14 0 15 0 15 13 fffffffffffffttt
01020313tfff	1203224430fftff	6 0 3 0 4 0 5 0 7 0 7 2 9 0 5 8 10 0 11 0 12 0 12 1 11 13 14 0 15 0 15 13 fffffffffffffttt
01020313tfff	1203243044fffft	3 0 2 0 4 0 6 0 4 5 7 0 8 0 9 0 9 1 8 10 11 0 12 0 12 13 14 0 15 0 15 13 fffffffffffffttt
01020313tfff	1203243340ffftf	8 0 9 0 6 0 4 0 5 0 5 1 7 0 7 3 10 0 11 0 12 0 12 2 11 13 14 0 15 0 15 13 fffffffffffffttt
01020313tfff	1203302444fffft	2 0 3 0 4 0 5 0 6 0 6 7 5 8 9 0 10 0 11 0 12 0 12 1 11 13 14 0 15 0 15 13 fffffffffffffttt
01020313tfff	1203342044fffft	1 0 3 0 4 0 5 0 6 0 6 7 5 8 9 0 10 0 11 0 12 0 12 2 11 13 14 0 15 0 15 13 fffffffffffffttt
01020313tfff	1203443320ffftf	8 0 9 0 5 0 6 0 3 0 7 0 7 1 6 4 10 0 11 0 12 0 12 2 11 13 14 0 15 0 15 13 fffffffffffffttt
01020313tfff	1220033444fffft	1 0 3 0 5 0 6 0 7 0 8 0 8 2 9 0 9 4 6 10 11 0 12 0 12 13 14 0 15 0 15 13 fffffffffffffttt
01020313tfff	1220330444fffft	7 0 8 0 9 0 9 4 6 0 2 0 3 0 10 0 11 0 11 1 12 0 12 5 3 13 14 0 15 0 15 13 fffffffffffffttt
01020313tfff	1220340344fffft	1 0 3 0 5 0 6 0 8 0 9 0 9 4 10 0 11 0 11 2 12 0 12 7 6 13 14 0 15 0 15 13 fffffffffffffttt
01020313tfff	1223043044fffft	2 0 3 0 5 0 6 0 8 0 9 0 6 7 10 0 11 0 11 4 12 0 12 1 9 13 14 0 15 0 15 13 fffffffffffffttt
01020313tfff	1223043340ffftf	5 0 6 0 3 0 4 0 4 1 8 0 9 0 10 0 11 0 11 2 12 0 12 7 9 13 14 0 15 0 15 13 fffffffffffffttt
01020313tfff	1223340044fffft	1 0 3 0 5 0 6 0 8 0 9 0 9 7 10 0 11 0 11 2 12 0 12 4 6 13 14 0 15 0 15 13 fffffffffffffttt
01020313tfff	1223443300ffftf	2 0 3 0 5 0 6 0 8 0 9 0 9 7 10 0 11 0 11 1 12 0 12 4 6 13 14 0 15 0 15 13 fffffffffffffttt
01020313tfff	1230032444fffft	1 0 3 0 5 0 6 0 8 0 9 0 9 2 10 0 11 0 11 4 12 0 12 7 6 13 14 0 15 0 15 13 fffffffffffffttt
01020313tfff	1230042344fffft	7 0 8 0 9 0 9 4 2 0 3 0 5 0 10 0 11 0 11 1 12 0 12 6 3 13 14 0 15 0 15 13 fffffffffffffttt
01020313tfff	1230230444fffft	3 0 2 0 4 0 6 0 4 5 8 0 9 0 10 0 11 0 11 1 12 0 12 7 9 13 14 0 15 0 15 13 fffffffffffffttt
01020313tfff	1230240344fffft	4 0 5 0 6 0 2 0 7 0 8 0 8 1 9 0 9 3 6 10 11 0 12 0 12 13 14 0 15 0 15 13 fffffffffffffttt
01021323tfff	0112233444fffft	1 0 2 0 3 4 3 5 5 0 6 7 6 8 8 0 9 10 9 11 11 0 12 13 12 14 14 0 15 13 15 14 fffffffffffffttt
01021323tfff	0112332444fffft	1 0 2 0 3 4 3 5 5 0 6 8 6 9 9 0 11 0 12 7 12 11 10 13 10 14 14 0 15 13 15 14 fffffffffffffttt
01021323tfff	0112342344fffft	1 0 2 0 3 4 3 5 5 0 7 6 9 0 7 11 11 0 12 8 12 9 10 13 10 14 14 0 15 13 15 14 fffffffffffffttt
01021323tfff	0122133444fffft	1 0 2 0 3 4 3 6 8 0 6 0 9 5 9 8 7 10 7 11 11 0 12 13 12 14 14 0 15 13 15 14 fffffffffffffttt
01021323tfff	0122331444fffft	1 0 2 0 3 5 3 6 6 0 9 0 10 8 10 9 11 0 12 4 12 11 7 13 7 14 14 0 15 13 15 14 fffffffffffffttt
01021323tfff	0122341344fffft	1 0 3 0 6 0 4 8 4 9 9 0 10 5 10 6 11 0 12 2 12 11 7 13 7 14 14 0 15 13 15 14 fffffffffffffttt
01021323tfff	0123123444fffft	1 0 2 0 3 4 3 6 7 0 6 0 8 10 9 5 9 7 8 11 11 0 12 13 12 14 14 0 15 13 15 14 fffffffffffffttt
01021323tfff	0123143244fffft	1 0 3 0 6 0 4 7 4 8 8 0 10 5 11 0 12 2 12 6 10 11 9 13 9 14 14 0 15 13 15 14 fffffffffffffttt
01021323tfff	0123143342ffftf	1 0 3 0 5 0 7 4 9 0 6 8 6 9 7 11 11 0 12 2 12 5 10 13 10 14 14 0 15 13 15 14 fffffffffffffttt
01021323tfff	0123321444fffft	1 0 2 0 3 5 3 6 6 0 9 0 10 4 10 11 11 0 12 8 12 9 7 13 7 14 14 0 15 13 15 14 fffffffffffffttt
01021323tfff	0123341244fffft	1 0 3 0 6 0 4 7 4 8 8 0 9 2 11 0 12 5 12 6 9 11 10 13 10 14 14 0 15 13 15 14 fffffffffffffttt
01021323tfff	0123423314ffftf	1 0 3 0 5 0 7 2 9 0 10 4 10 5 7 11 11 0 12 8 12 9 6 13 6 14 14 0 15 13 15 14 fffffffffffffttt
01021323tfff	0123443312ffftf	1 0 3 0 5 0 7 2 9 0 10 8 10 9 7 11 11 0 12 4 12 5 6 13 6 14 14 0 15 13 15 14 fffffffffffffttt
01021323tfff	1203223440fftff	7 0 8 0 3 0 4 5 4 6 6 0 10 1 11 0 12 2 12 3 10 11 9 13 9 14 14 0 15 13 15 14 fffffffffffffttt
01021323tfff	1203224034fftff	7 0 8 0 5 0 6 1 3 0 10 4 10 5 11 0 12 2 12 3 6 11 9 13 9 14 14 0 15 13 15 14 fffffffffffffttt
01021323tfff	1203224430fftff	7 0 8 0 4 0 5 0 6 1 10 3 10 4 11 0 12 2 12 5 6 11 9 13 9 14 14 0 15 13 15 14 fffffffffffffttt
01021323tfff	1203243044fffft	4 0 2 0 5 3 7 0 6 0 5 6 8 10 9 1 9 2 8 11 11 0 12 13 12 14 14 0 15 13 15 14 fffffffffffffttt
01021323tfff	1203243340ffftf	5 0 2 0 3 4 3 6 6 0 9 0 7 8 7 9 11 0 12 1 12 2 10 13 10 14 14 0 15 13 15 14 fffffffffffffttt
01021323tfff	1203302444fffft	2 0 3 0 4 0 5 6 7 8 7 9 9 0 5 11 11 0 12 1 12 4 10 13 10 14 14 0 15 13 15 14 fffffffffffffttt
01021323tfff	1203342044fffft	1 0 3 0 4 0 5 6 7 8 7 9 9 0 5 11 11 0 12 2 12 3 10 13 10 14 14 0 15 13 15 14 fffffffffffffttt
01021323tfff	1203443320ffftf	5 0 6 0 7 4 7 6 2 0 9 0 3 8 3 9 11 0 12 1 12 2 10 13 10 14 14 0 15 13 15 14 fffffffffffffttt
01021323tfff	1223043044fffft	8 0 9 0 10 3 2 0 5 0 6 1 6 2 10 11 11 0 12 4 12 5 7 13 7 14 14 0 15 13 15 14 fffffffffffffttt
01021323tfff	1223043340ffftf	1 0 4 0 6 0 9 0 10 2 10 6 7 8 7 9 11 0 12 3 12 4 5 13 5 14 14 0 15 13 15 14 fffffffffffffttt
01021323tfff	1223340044fffft	8 0 9 0 10 3 5 0 2 0 7 1 7 2 10 11 11 0 12 4 12 5 6 13 6 14 14 0 15 13 15 14 fffffffffffffttt
01021323tfff	1223443300ffftf	1 0 3 0 6 0 7 5 7 6 9 0 10 8 10 9 11 0 12 2 12 3 4 13 4 14 14 0 15 13 15 14 fffffffffffffttt
01021333tfff	0112233444fffft	1 0 2 0 4 3 5 0 4 7 7 6 8 0 7 9 9 10 9 12 11 0 12 13 12 15 14 0 15 13 15 15 fffffffffffffttt
01021333tfff	0112342344fffft	1 0 2 0 4 3 5 0 4 7 7 6 9 0 7 12 11 0 12 8 12 10 10 13 10 15 14 0 15 13 15 15 fffffffffffffttt
01021333tfff	0122331444fffft	1 0 2 0 3 5 3 7 6 0 9 0 10 8 10 10 11 0 12 4 12 12 7 13 7 15 14 0 15 13 15 15 fffffffffffffttt
01021333tfff	0123123444fffft	1 0 2 0 5 3 7 0 6 0 5 9 8 10 9 4 9 8 8 12 11 0 12 13 12 15 14 0 15 13 15 15 fffffffffffffttt
01021333tfff	0123143342ffftf	1 0 3 0 5 0 7 4 9 0 6 8 6 10 7 12 11 0 12 2 12 6 10 13 10 15 14 0 15 13 15 15 fffffffffffffttt
01021333tfff	0123423314ffftf	1 0 3 0 5 0 7 2 9 0 10 4 10 6 7 12 11 0 12 8 12 10 6 13 6 15 14 0 15 13 15 15 fffffffffffffttt
01021333tfff	1203243340ffftf	5 0 2 0 3 4 3 7 6 0 9 0 7 8 7 10 11 0 12 1 12 3 10 13 10 15 14 0 15 13 15 15 fffffffffffffttt
01021333tfff	1203342044fffft	1 0 3 0 4 0 5 6 7 8 7 10 9 0 5 12 11 0 12 2 12 7 10 13 10 15 14 0 15 13 15 15 fffffffffffffttt
01021333tfff	1223443300ffftf	1 0 3 0 6 0 7 5 7 7 9 0 10 8 10 10 11 0 12 2 12 4 4 13 4 15 14 0 15 13 15 15 fffffffffffffttt
