01020313tfff	01122333ffft	1 0 2 0 3 0 3 4 5 0 6 0 6 7 8 0 9 0 9 10 11 0 12 0 12 10 ffffffffffttt
01020313tfff	01221333ffft	1 0 2 0 3 0 3 4 6 0 7 0 8 0 9 0 9 5 8 10 11 0 12 0 12 10 ffffffffffttt
01020313tfff	01231233ffft	1 0 2 0 3 0 3 5 6 0 7 0 8 0 9 0 9 4 8 10 11 0 12 0 12 10 ffffffffffttt
01020313tfff	12002333ffft	1 0 3 0 4 0 5 0 6 0 6 2 5 7 8 0 9 0 9 10 11 0 12 0 12 10 ffffffffffttt
01020313tfff	12032230fftf	3 0 2 0 4 0 6 0 4 5 7 0 8 0 9 0 9 1 8 10 11 0 12 0 12 10 ffffffffffttt
01020313tfff	12200333ffft	1 0 3 0 5 0 6 0 7 0 8 0 8 2 9 0 9 4 6 10 11 0 12 0 12 10 ffffffffffttt
01021323tfff	01122333ffft	1 0 2 0 3 4 3 5 5 0 6 7 6 8 8 0 9 10 9 11 11 0 12 10 12 11 ffffffffffttt
01021323tfff	01221333ffft	1 0 2 0 3 5 3 6 6 0 8 0 9 4 9 8 7 10 7 11 11 0 12 10 12 11 ffffffffffttt
01021323tfff	01231233ffft	1 0 2 0 4 3 6 0 4 8 8 0 9 5 9 6 7 10 7 11 11 0 12 10 12 11 ffffffffffttt
01021323tfff	12032230fftf	4 0 5 0 3 0 7 1 8 0 9 2 9 3 7 8 6 10 6 11 11 0 12 10 12 11 ffffffffffttt
01021333tfff	01122333ffft	1 0 2 0 4 3 5 0 4 6 6 7 6 9 8 0 9 10 9 12 11 0 12 10 12 12 ffffffffffttt
01021333tfff	01231233ffft	1 0 2 0 4 3 6 0 4 9 8 0 9 5 9 7 7 10 7 12 11 0 12 10 12 12 ffffffffffttt
