0102030414tffff	011222fft	1 0 2 0 3 0 4 0 4 5 6 0 7 0 8 0 8 9 10 0 11 0 12 0 12 9 ffffffffftttt
0102031424tffff	011222fft	1 0 2 0 3 0 4 5 4 6 6 0 7 0 8 9 8 10 10 0 11 0 12 9 12 10 ffffffffftttt
0102031424tffff	120022fft	1 0 3 0 4 0 5 0 7 0 8 2 8 3 6 9 6 10 10 0 11 0 12 9 12 10 ffffffffftttt
0102031434tffff	011222fft	1 0 2 0 3 0 5 4 6 0 5 7 7 0 8 9 8 11 10 0 11 0 12 9 12 11 ffffffffftttt
0102031434tffff	120022fft	1 0 3 0 4 0 5 0 7 0 8 2 8 7 6 9 6 11 10 0 11 0 12 9 12 11 ffffffffftttt
0102031444tffff	011222fft	1 0 2 0 3 0 5 4 6 0 5 8 7 0 8 9 8 12 10 0 11 0 12 9 12 12 ffffffffftttt
0102031444tffff	120022fft	1 0 3 0 4 0 5 0 7 0 8 2 8 8 6 9 6 12 10 0 11 0 12 9 12 12 ffffffffftttt
0102131424tffff	011222fft	1 0 2 0 3 5 4 5 4 6 6 0 7 9 8 9 8 10 10 0 11 9 12 9 12 10 ffffffffftttt
0102131424tffff	120022fft	2 0 3 0 6 0 7 1 8 1 8 6 4 9 5 9 5 10 10 0 11 9 12 9 12 10 ffffffffftttt
0102131434tffff	011222fft	1 0 2 0 3 5 4 5 4 7 6 0 7 9 8 9 8 11 10 0 11 9 12 9 12 11 ffffffffftttt
0102131434tffff	120022fft	2 0 3 0 6 0 7 1 8 1 8 7 4 9 5 9 5 11 10 0 11 9 12 9 12 11 ffffffffftttt
0102131444tffff	011222fft	1 0 2 0 3 5 4 5 4 8 6 0 7 9 8 9 8 12 10 0 11 9 12 9 12 12 ffffffffftttt
0102131444tffff	120022fft	2 0 3 0 6 0 7 1 8 1 8 8 4 9 5 9 5 12 10 0 11 9 12 9 12 12 ffffffffftttt
0102132434tffff	011222fft	1 0 2 0 3 5 4 6 4 7 6 0 7 9 8 10 8 11 10 0 11 9 12 10 12 11 ffffffffftttt
0102132444tffff	011222fft	1 0 2 0 3 5 4 6 4 8 6 0 7 9 8 10 8 12 10 0 11 9 12 10 12 12 ffffffffftttt
