0102030414tffff	01122333ffft	1 0 2 0 3 0 4 0 4 5 6 0 7 0 8 0 8 9 10 0 11 0 12 0 12 14 13 14 15 0 16 0 13 0 ffffffffffffftttt
0102030414tffff	01221333ffft	1 0 2 0 3 0 4 0 4 6 7 0 8 0 9 0 10 0 11 0 12 0 12 5 11 14 13 14 15 0 16 0 13 0 ffffffffffffftttt
0102030414tffff	01231233ffft	1 0 2 0 3 0 4 0 4 5 7 0 8 0 9 0 10 0 11 0 12 0 12 6 11 14 13 14 15 0 16 0 13 0 ffffffffffffftttt
0102030414tffff	12032230fftf	6 0 7 0 2 1 4 0 5 0 2 0 8 0 9 0 10 0 11 0 12 0 12 3 11 13 14 0 15 0 16 0 16 13 ffffffffffffftttt
0102030414tffff	12200333ffft	2 0 3 0 5 0 6 0 7 0 8 0 9 0 10 0 11 0 11 4 12 0 12 1 9 14 13 14 15 0 16 0 13 0 ffffffffffffftttt
0102031424tffff	01122333ffft	1 0 2 0 3 0 4 5 4 6 6 0 7 0 8 9 8 10 10 0 11 0 12 15 12 16 13 16 13 15 16 0 14 0 ffffffffffffftttt
0102031424tffff	01221333ffft	1 0 2 0 3 0 5 4 7 0 5 8 8 0 9 0 11 0 12 6 12 7 10 15 10 16 13 16 13 15 16 0 14 0 ffffffffffffftttt
0102031424tffff	01231233ffft	1 0 2 0 3 0 4 6 4 7 7 0 8 0 9 0 11 0 12 5 12 8 10 15 10 16 13 16 13 15 16 0 14 0 ffffffffffffftttt
0102031424tffff	12002333ffft	2 0 4 0 3 0 6 0 5 0 7 9 8 1 8 3 7 10 10 0 11 0 12 15 12 16 13 16 13 15 16 0 14 0 ffffffffffffftttt
0102031424tffff	12032230fftf	5 0 2 0 4 0 3 7 3 6 7 0 8 0 9 0 11 0 12 1 12 2 10 13 10 14 14 0 15 0 16 13 16 14 ffffffffffffftttt
0102031424tffff	12200333ffft	1 0 3 0 5 0 6 0 8 0 9 0 10 2 10 3 11 0 12 4 12 5 7 15 7 16 13 16 13 15 16 0 14 0 ffffffffffffftttt
0102031434tffff	01122333ffft	1 0 2 0 3 0 5 4 6 0 5 7 7 0 9 8 10 0 9 11 11 0 12 15 12 14 13 14 13 15 16 0 14 0 ffffffffffffftttt
0102031434tffff	01221333ffft	1 0 2 0 3 0 5 4 7 0 5 9 8 0 9 0 11 0 12 6 12 11 10 15 10 14 13 14 13 15 16 0 14 0 ffffffffffffftttt
0102031434tffff	01231233ffft	1 0 2 0 4 0 6 0 7 5 8 0 9 0 7 11 11 0 12 3 12 9 10 15 10 14 13 14 13 15 16 0 14 0 ffffffffffffftttt
0102031434tffff	12002333ffft	2 0 3 0 4 0 5 0 6 0 7 8 9 1 9 5 10 0 7 11 11 0 12 15 12 14 13 14 13 15 16 0 14 0 ffffffffffffftttt
0102031434tffff	12032230fftf	2 0 3 0 5 0 6 0 8 0 9 0 7 4 7 11 11 0 12 1 12 6 10 13 10 15 14 0 15 0 16 13 16 15 ffffffffffffftttt
0102031434tffff	12200333ffft	1 0 3 0 5 0 6 0 8 0 9 0 10 2 10 11 11 0 12 4 12 6 7 15 7 14 13 14 13 15 16 0 14 0 ffffffffffffftttt
0102031444tffff	01122333ffft	1 0 2 0 4 0 5 0 6 3 7 0 6 9 9 8 10 0 9 12 11 0 12 15 12 13 13 13 13 15 16 0 14 0 ffffffffffffftttt
0102031444tffff	01221333ffft	1 0 2 0 3 0 5 4 7 0 5 10 8 0 9 0 11 0 12 6 12 12 10 15 10 13 13 13 13 15 16 0 14 0 ffffffffffffftttt
0102031444tffff	12002333ffft	2 0 3 0 4 0 5 0 6 0 7 8 9 1 9 9 10 0 7 12 11 0 12 15 12 13 13 13 13 15 16 0 14 0 ffffffffffffftttt
0102031444tffff	12032230fftf	2 0 3 0 5 0 6 0 8 0 9 0 7 4 7 12 11 0 12 1 12 7 10 13 10 16 14 0 15 0 16 13 16 16 ffffffffffffftttt
0102031444tffff	12200333ffft	1 0 3 0 5 0 6 0 8 0 9 0 10 2 10 12 11 0 12 4 12 7 7 15 7 13 13 13 13 15 16 0 14 0 ffffffffffffftttt
0102131424tffff	01122333ffft	1 0 2 0 3 5 4 5 4 6 6 0 7 9 8 9 8 10 10 0 11 16 12 16 12 14 13 14 15 16 13 16 14 0 ffffffffffffftttt
0102131424tffff	01221333ffft	1 0 2 0 3 6 4 6 4 7 7 0 10 0 11 5 12 5 12 10 8 16 9 16 9 14 13 14 15 16 13 16 14 0 ffffffffffffftttt
0102131424tffff	01231233ffft	1 0 2 0 3 4 5 4 7 0 5 10 10 0 11 6 12 6 12 7 8 16 9 16 9 14 13 14 15 16 13 16 14 0 ffffffffffffftttt
0102131424tffff	12002333ffft	2 0 3 0 4 0 5 1 6 9 7 9 8 1 8 4 7 10 10 0 11 16 12 16 12 14 13 14 15 16 13 16 14 0 ffffffffffffftttt
0102131424tffff	12032230fftf	6 0 7 0 3 0 4 1 5 1 5 10 10 0 11 2 12 2 12 3 8 13 9 13 9 14 14 0 15 13 16 13 16 14 ffffffffffffftttt
0102131424tffff	12200333ffft	6 0 7 0 8 4 9 4 2 0 9 10 10 0 11 1 12 1 12 2 3 16 5 16 5 14 13 14 15 16 13 16 14 0 ffffffffffffftttt
0102131434tffff	01122333ffft	1 0 2 0 3 5 4 5 4 7 6 0 7 9 8 9 8 11 10 0 11 16 12 16 12 15 13 15 15 16 13 16 14 0 ffffffffffffftttt
0102131434tffff	01221333ffft	1 0 2 0 3 6 4 6 4 8 7 0 10 0 11 5 12 5 12 11 8 16 9 16 9 15 13 15 15 16 13 16 14 0 ffffffffffffftttt
0102131434tffff	01231233ffft	1 0 2 0 3 4 5 4 7 0 5 11 10 0 11 6 12 6 12 8 8 16 9 16 9 15 13 15 15 16 13 16 14 0 ffffffffffffftttt
0102131434tffff	12002333ffft	2 0 3 0 4 0 5 1 6 9 7 9 8 1 8 5 7 11 10 0 11 16 12 16 12 15 13 15 15 16 13 16 14 0 ffffffffffffftttt
0102131434tffff	12032230fftf	6 0 7 0 3 0 4 1 5 1 5 11 10 0 11 2 12 2 12 4 8 13 9 13 9 15 14 0 15 13 16 13 16 15 ffffffffffffftttt
0102131434tffff	12200333ffft	6 0 7 0 8 4 9 4 2 0 9 11 10 0 11 1 12 1 12 3 3 16 5 16 5 15 13 15 15 16 13 16 14 0 ffffffffffffftttt
0102131444tffff	01122333ffft	1 0 2 0 3 4 5 4 6 0 5 8 7 9 8 9 8 12 10 0 11 16 12 16 12 13 13 13 15 16 13 16 14 0 ffffffffffffftttt
0102131444tffff	01221333ffft	1 0 2 0 3 6 4 6 4 9 7 0 10 0 11 5 12 5 12 12 8 16 9 16 9 13 13 13 15 16 13 16 14 0 ffffffffffffftttt
0102131444tffff	01231233ffft	1 0 2 0 3 4 5 4 7 0 5 12 10 0 11 6 12 6 12 9 8 16 9 16 9 13 13 13 15 16 13 16 14 0 ffffffffffffftttt
0102131444tffff	12002333ffft	2 0 3 0 4 0 5 1 6 9 7 9 8 1 8 8 7 12 10 0 11 16 12 16 12 13 13 13 15 16 13 16 14 0 ffffffffffffftttt
0102131444tffff	12032230fftf	6 0 7 0 3 0 4 1 5 1 5 12 10 0 11 2 12 2 12 5 8 13 9 13 9 16 14 0 15 13 16 13 16 16 ffffffffffffftttt
0102131444tffff	12200333ffft	6 0 7 0 8 4 9 4 2 0 9 12 10 0 11 1 12 1 12 5 3 16 5 16 5 13 13 13 15 16 13 16 14 0 ffffffffffffftttt
0102132434tffff	01122333ffft	1 0 2 0 3 4 5 6 6 0 5 7 7 9 8 10 8 11 10 0 11 16 12 15 12 14 13 14 13 15 14 16 15 0 ffffffffffffftttt
0102132434tffff	01221333ffft	1 0 2 0 3 6 4 7 4 8 7 0 10 0 11 5 12 10 12 11 8 16 9 15 9 14 13 14 13 15 14 16 15 0 ffffffffffffftttt
0102132434tffff	01231233ffft	1 0 2 0 4 3 7 0 5 10 5 11 10 0 11 6 12 7 12 8 8 16 9 15 9 14 13 14 13 15 14 16 15 0 ffffffffffffftttt
0102132434tffff	12032230fftf	6 0 7 0 3 0 5 1 4 11 4 10 10 0 11 2 12 3 12 5 8 13 9 14 9 15 14 0 15 13 16 14 16 15 ffffffffffffftttt
0102132444tffff	01122333ffft	1 0 2 0 3 4 5 6 6 0 5 8 7 9 8 10 8 12 10 0 11 16 12 15 12 13 13 13 13 15 14 16 15 0 ffffffffffffftttt
0102132444tffff	01221333ffft	1 0 2 0 3 6 4 7 4 9 7 0 10 0 11 5 12 10 12 12 8 16 9 15 9 13 13 13 13 15 14 16 15 0 ffffffffffffftttt
0102132444tffff	01231233ffft	1 0 2 0 4 3 7 0 5 10 5 12 10 0 11 6 12 7 12 9 8 16 9 15 9 13 13 13 13 15 14 16 15 0 ffffffffffffftttt
0102132444tffff	12032230fftf	6 0 7 0 3 0 5 1 4 12 4 10 10 0 11 2 12 3 12 4 8 13 9 14 9 16 14 0 15 13 16 14 16 16 ffffffffffffftttt
