0101tf	01122333ffft	0 1 0 2 0 3 0 3 ffft
0101tf	01123333ffft	0 1 0 2 0 3 0 3 ffft
0101tf	01222333ffft	0 1 0 2 0 3 0 3 ffft
0101tf	01223333ffft	0 1 0 2 0 3 0 3 ffft
0101tf	01232222fftf	0 1 0 2 0 3 0 3 ffft
0101tf	11122333ffft	0 1 0 2 0 3 0 3 ffft
0101tf	11123333ffft	0 1 0 2 0 3 0 3 ffft
0101tf	11222333ffft	0 1 0 2 0 3 0 3 ffft
0101tf	11223333ffft	0 1 0 2 0 3 0 3 ffft
0101tf	11232222fftf	0 1 0 2 0 3 0 3 ffft
0101tf	12111311ftff	0 1 0 2 0 3 0 3 ffft
0101tf	12131133ffft	0 1 0 2 0 3 0 3 ffft
0111tf	01122333ffft	0 1 1 2 2 3 3 3 ffft
0111tf	01123233ffft	0 1 1 2 3 2 3 3 ffft
0111tf	01123333ffft	0 1 1 2 3 3 3 3 ffft
0111tf	01212333ffft	0 1 2 1 2 3 3 3 ffft
0111tf	01213233ffft	0 1 2 1 3 2 3 3 ffft
0111tf	01213333ffft	0 1 2 1 3 3 3 3 ffft
0111tf	01222333ffft	0 1 2 2 2 3 3 3 ffft
0111tf	01223233ffft	0 1 2 2 3 2 3 3 ffft
0111tf	01223333ffft	0 1 2 2 3 3 3 3 ffft
0111tf	01232222fftf	0 1 3 2 3 3 3 3 ffft
0111tf	01233333ffft	0 1 2 3 3 3 3 3 ffft
0111tf	11122333ffft	0 1 1 2 2 3 3 3 ffft
0111tf	11123233ffft	0 1 1 2 3 2 3 3 ffft
0111tf	11123333ffft	0 1 1 2 3 3 3 3 ffft
0111tf	11222333ffft	0 1 2 2 2 3 3 3 ffft
0111tf	11223333ffft	0 1 2 2 3 3 3 3 ffft
0111tf	11232222fftf	0 1 3 2 3 3 3 3 ffft
0111tf	12111311ftff	0 1 3 2 3 3 3 3 ffft
0111tf	12131133ffft	0 1 2 2 2 3 3 3 ffft
1111tf	01122333ffft	0 1 1 2 2 3 3 3 ffft
1111tf	01123233ffft	0 1 1 2 3 2 3 3 ffft
1111tf	01123333ffft	0 1 1 2 3 3 3 3 ffft
1111tf	01212333ffft	0 1 2 1 2 3 3 3 ffft
1111tf	01213233ffft	0 1 2 1 3 2 3 3 ffft
1111tf	01213333ffft	0 1 2 1 3 3 3 3 ffft
1111tf	01222333ffft	0 1 2 2 2 3 3 3 ffft
1111tf	01223233ffft	0 1 2 2 3 2 3 3 ffft
1111tf	01223333ffft	0 1 2 2 3 3 3 3 ffft
1111tf	01232222fftf	0 1 3 2 3 3 3 3 ffft
1111tf	01233333ffft	0 1 2 3 3 3 3 3 ffft
1111tf	11122333ffft	1 1 1 2 2 3 3 3 ffft
1111tf	11123233ffft	1 1 1 2 3 2 3 3 ffft
1111tf	11123333ffft	1 1 1 2 3 3 3 3 ffft
1111tf	11222333ffft	1 1 2 2 2 3 3 3 ffft
1111tf	11223333ffft	1 1 2 2 3 3 3 3 ffft
1111tf	11232222fftf	1 1 3 2 3 3 3 3 ffft
1111tf	12111311ftff	3 1 3 2 3 3 3 3 ffft
1111tf	12131133ffft	2 1 2 2 2 3 3 3 ffft
1111tf	12133233ffft	1 2 1 3 3 2 3 3 ffft
1111tf	12133333ffft	1 2 1 3 3 3 3 3 ffft
1111tf	12222333ffft	1 2 2 2 2 3 3 3 ffft
1111tf	12223333ffft	1 2 2 2 3 3 3 3 ffft
1111tf	12233333ffft	1 2 2 3 3 3 3 3 ffft
1111tf	12323333ffft	1 2 3 2 3 3 3 3 ffft
