0102030414tffff	0121324344fffft	0 1 0 2 0 3 0 4 5 4 0 6 0 7 0 8 9 8 0 10 0 11 0 12 14 12 14 13 0 15 0 16 0 13 ffffffffffffftttt
0102031424tffff	0121324344fffft	0 1 0 2 0 3 5 4 6 4 0 6 0 7 9 8 10 8 0 10 0 11 15 12 16 12 16 13 15 13 0 16 0 14 ffffffffffffftttt
0102031434tffff	0121324344fffft	0 1 0 2 0 3 4 5 0 6 7 5 0 7 8 9 0 10 11 9 0 11 15 12 14 12 14 13 15 13 0 16 0 14 ffffffffffffftttt
0102031444tffff	0121324344fffft	0 1 0 2 0 4 0 5 3 6 0 7 9 6 8 9 0 10 12 9 0 11 15 12 13 12 13 13 15 13 0 16 0 14 ffffffffffffftttt
0102131424tffff	0121324344fffft	0 1 0 2 5 3 5 4 6 4 0 6 9 7 9 8 10 8 0 10 16 11 16 12 14 12 14 13 16 15 16 13 0 14 ffffffffffffftttt
0102131434tffff	0121324344fffft	0 1 0 2 5 3 5 4 7 4 0 6 9 7 9 8 11 8 0 10 16 11 16 12 15 12 15 13 16 15 16 13 0 14 ffffffffffffftttt
0102131444tffff	0121324344fffft	0 1 0 2 4 3 4 5 0 6 8 5 9 7 9 8 12 8 0 10 16 11 16 12 13 12 13 13 16 15 16 13 0 14 ffffffffffffftttt
0102132434tffff	0121324344fffft	0 1 0 2 4 3 6 5 0 6 7 5 9 7 10 8 11 8 0 10 16 11 15 12 14 12 14 13 15 13 16 14 0 15 ffffffffffffftttt
0102132444tffff	0121324344fffft	0 1 0 2 4 3 6 5 0 6 8 5 9 7 10 8 12 8 0 10 16 11 15 12 13 12 13 13 15 13 16 14 0 15 ffffffffffffftttt
0121314101tffff	0112233444fffft	0 1 2 5 3 5 4 5 0 5 6 9 7 9 8 9 0 9 10 14 11 14 12 14 0 14 0 14 15 14 16 14 13 14 ffffffffffffftttt
0121314101tffff	1112233444fffft	0 1 2 5 3 5 4 5 0 5 6 9 7 9 8 9 0 9 10 14 11 14 12 14 0 14 0 14 15 14 16 14 13 14 ffffffffffffftttt
0121314124ttfff	0112233444fffft	0 1 2 1 3 1 5 1 6 1 2 8 8 1 9 1 4 11 11 1 12 1 7 13 13 1 10 14 15 14 16 1 14 1 ffffffffffffffttt
0121314142ttfff	0112233444fffft	0 1 2 1 3 1 4 1 4 5 6 1 7 1 7 8 9 1 10 1 10 11 12 1 13 1 13 15 14 15 16 1 14 1 ffffffffffffffttt
0121314243ttfff	0112233444fffft	0 1 2 1 3 1 4 5 4 6 6 1 7 8 7 9 9 1 10 11 10 12 12 1 13 16 13 15 14 15 14 16 15 1 ffffffffffffffttt
0121314244ttfff	0112233444fffft	0 1 2 1 3 1 5 4 6 1 5 8 8 7 9 1 8 10 10 11 10 13 12 1 13 16 13 14 14 14 14 16 15 1 ffffffffffffffttt
0121314424ttfff	0112233444fffft	0 1 2 1 3 1 4 7 2 7 6 1 7 10 5 10 9 1 10 13 8 13 12 1 13 14 11 14 16 14 14 14 15 1 ffffffffffffffttt
0121344124ttfff	0112233444fffft	0 1 3 1 4 1 2 7 3 7 7 1 5 10 6 10 10 1 8 13 9 13 13 1 11 14 12 14 15 14 16 14 14 1 ffffffffffffffttt
