1111tf	01023333fftf	0 2 1 1 0 3 1 1 ffft
1111tf	01123333fftf	0 2 1 1 2 3 1 1 ffft
1111tf	01203333fftf	0 2 1 1 3 0 1 1 ffft
1111tf	01213333fftf	0 2 1 1 3 2 1 1 ffft
1111tf	01223333fftf	0 2 1 1 3 3 1 1 ffft
1111tf	01232222ffft	0 2 1 1 1 3 1 1 ffft
1111tf	01233333fftf	0 2 1 1 3 1 1 1 ffft
1111tf	11023333fftf	2 2 1 1 0 3 1 1 ffft
1111tf	11123333fftf	2 2 1 1 2 3 1 1 ffft
1111tf	11223333fftf	2 2 1 1 3 3 1 1 ffft
1111tf	11232222ffft	2 2 1 1 1 3 1 1 ffft
1111tf	12003333fftf	1 3 0 0 2 2 2 2 ffft
1111tf	12013333fftf	1 3 0 1 2 2 2 2 ffft
1111tf	12032222ffft	2 1 1 1 0 3 1 1 ffft
1111tf	12033333fftf	1 3 0 2 2 2 2 2 ffft
1111tf	12103333fftf	1 3 1 0 2 2 2 2 ffft
1111tf	12110311ffft	1 2 1 1 0 3 1 1 ffft
1111tf	12111311ffft	1 2 1 1 1 3 1 1 ffft
1111tf	12112311ffft	1 2 1 1 2 3 1 1 ffft
1111tf	12113111ffft	1 2 1 1 3 1 1 1 ffft
1111tf	12113211ffft	1 2 1 1 3 2 1 1 ffft
1111tf	12113311ffft	1 2 1 1 3 3 1 1 ffft
1111tf	12203333fftf	1 3 3 0 2 2 2 2 ffft
1111tf	12213333fftf	1 3 3 1 2 2 2 2 ffft
1111tf	12223333fftf	1 3 3 3 2 2 2 2 ffft
1111tf	12233333fftf	1 3 3 2 2 2 2 2 ffft
1111tf	12303333fftf	1 3 2 0 2 2 2 2 ffft
1111tf	12323333fftf	1 3 2 3 2 2 2 2 ffft
