121121fft	1102034444ffftf	1 3 1 1 4 4 3 4 2 5 2 6 1 1 fffffft
121121fft	1102134444ffftf	1 3 1 1 4 4 3 4 2 5 4 6 1 1 fffffft
121121fft	1102234444ffftf	1 3 1 1 4 4 3 4 2 5 5 6 1 1 fffffft
121121fft	1102304444ffftf	1 3 1 1 4 4 3 4 2 5 6 2 1 1 fffffft
121121fft	1102314444ffftf	1 3 1 1 4 4 3 4 2 5 6 4 1 1 fffffft
121121fft	1102324444ffftf	1 3 1 1 4 4 3 4 2 5 6 5 1 1 fffffft
121121fft	1102334444ffftf	1 3 1 1 4 4 3 4 2 5 6 6 1 1 fffffft
121121fft	1102343333fffft	1 3 1 1 4 4 3 4 2 5 1 6 1 1 fffffft
121121fft	1102344444ffftf	1 3 1 1 4 4 3 4 2 5 6 1 1 1 fffffft
121121fft	1112034444ffftf	1 3 1 1 4 4 3 4 4 5 2 6 1 1 fffffft
121121fft	1112304444ffftf	1 3 1 1 4 4 3 4 4 5 6 2 1 1 fffffft
121121fft	1122034444ffftf	1 3 1 1 4 4 3 4 5 5 2 6 1 1 fffffft
121121fft	1123004444ffftf	1 4 1 1 3 3 5 5 4 5 2 6 1 1 fffffft
121121fft	1123014444ffftf	1 3 1 1 5 5 3 5 2 5 4 6 1 1 fffffft
121121fft	1123024444ffftf	1 4 1 1 3 2 5 5 4 5 2 6 1 1 fffffft
121121fft	1123034444ffftf	1 3 1 1 4 4 3 4 5 6 2 6 1 1 fffffft
121121fft	1123043333fffft	1 3 1 1 4 4 3 4 5 1 2 6 1 1 fffffft
121121fft	1123044444ffftf	1 4 1 1 3 1 5 5 4 5 2 6 1 1 fffffft
121121fft	1123104444ffftf	1 3 1 1 5 5 3 5 5 2 4 6 1 1 fffffft
121121fft	1123204444ffftf	1 4 1 1 2 3 5 5 4 5 2 6 1 1 fffffft
121121fft	1123220422fffft	1 3 1 1 4 4 3 4 1 5 2 6 1 1 fffffft
121121fft	1123304444ffftf	1 3 1 1 4 4 3 4 5 6 6 2 1 1 fffffft
121121fft	1123404444ffftf	1 4 1 1 1 3 5 5 4 5 2 6 1 1 fffffft
121121fft	1200034444ffftf	1 4 1 1 3 3 2 5 4 5 3 6 1 1 fffffft
121121fft	1200134444ffftf	1 4 1 1 3 3 2 5 4 5 2 6 1 1 fffffft
121121fft	1200304444ffftf	1 4 1 1 3 3 2 5 4 5 6 3 1 1 fffffft
121121fft	1200314444ffftf	1 4 1 1 3 3 2 5 4 5 6 2 1 1 fffffft
121121fft	1201034444ffftf	1 4 1 1 3 2 2 5 4 5 3 6 1 1 fffffft
121121fft	1201134444ffftf	1 4 1 1 3 2 2 5 4 5 2 6 1 1 fffffft
121121fft	1201304444ffftf	1 4 1 1 3 2 2 5 4 5 6 3 1 1 fffffft
121121fft	1201314444ffftf	1 4 1 1 3 2 2 5 4 5 6 2 1 1 fffffft
121121fft	1203014444ffftf	1 2 1 1 2 4 5 4 3 5 3 6 1 1 fffffft
121121fft	1203024444ffftf	1 2 1 1 2 3 4 3 5 3 4 6 1 1 fffffft
121121fft	1203043333fffft	1 4 1 1 3 1 2 5 4 5 3 6 1 1 fffffft
121121fft	1203044444ffftf	1 2 1 1 2 3 4 1 5 3 4 6 1 1 fffffft
121121fft	1203114444ffftf	1 2 1 1 2 4 5 4 5 5 3 6 1 1 fffffft
121121fft	1203134444ffftf	1 3 1 1 4 5 3 5 2 6 4 6 1 1 fffffft
121121fft	1203143333fffft	1 4 1 1 3 1 2 5 4 5 2 6 1 1 fffffft
121121fft	1203144444ffftf	1 2 1 1 2 4 5 4 5 1 3 6 1 1 fffffft
121121fft	1203214444ffftf	1 2 1 1 2 4 5 4 4 5 3 6 1 1 fffffft
121121fft	1203304444ffftf	1 3 1 1 4 5 3 5 2 6 6 2 1 1 fffffft
121121fft	1203314444ffftf	1 3 1 1 4 5 3 5 2 6 6 4 1 1 fffffft
121121fft	1203403333fffft	1 4 1 1 3 1 2 5 4 5 6 3 1 1 fffffft
121121fft	1203413333fffft	1 4 1 1 3 1 2 5 4 5 6 2 1 1 fffffft
121121fft	1203414444ffftf	1 2 1 1 2 4 5 4 1 5 3 6 1 1 fffffft
121121fft	1210034444ffftf	2 4 1 3 2 2 1 5 4 5 3 6 2 2 fffffft
121121fft	1210134444ffftf	2 4 1 3 2 2 1 5 4 5 1 6 2 2 fffffft
121121fft	1210314444ffftf	2 4 1 3 2 2 1 5 4 5 6 1 2 2 fffffft
121121fft	1211030411fffft	1 3 1 1 1 4 3 4 2 5 2 6 1 1 fffffft
121121fft	1211031411fffft	1 3 1 1 1 4 3 4 2 5 1 6 1 1 fffffft
121121fft	1211032411fffft	1 3 1 1 1 4 3 4 2 5 4 6 1 1 fffffft
121121fft	1211033411fffft	1 3 1 1 1 4 3 4 2 5 5 6 1 1 fffffft
121121fft	1211034011fffft	1 3 1 1 1 4 3 4 2 5 6 2 1 1 fffffft
121121fft	1211034111fffft	1 3 1 1 1 4 3 4 2 5 6 1 1 1 fffffft
121121fft	1211034211fffft	1 3 1 1 1 4 3 4 2 5 6 4 1 1 fffffft
121121fft	1211034311fffft	1 3 1 1 1 4 3 4 2 5 6 5 1 1 fffffft
121121fft	1211034411fffft	1 3 1 1 1 4 3 4 2 5 6 6 1 1 fffffft
121121fft	1211130411fffft	1 3 1 1 1 4 3 4 1 5 2 6 1 1 fffffft
121121fft	1211134011fffft	1 3 1 1 1 4 3 4 1 5 6 2 1 1 fffffft
121121fft	1211230411fffft	1 3 1 1 1 4 3 4 4 5 2 6 1 1 fffffft
121121fft	1211234011fffft	1 3 1 1 1 4 3 4 4 5 6 2 1 1 fffffft
121121fft	1211310411fffft	1 3 1 1 1 4 3 4 5 1 2 6 1 1 fffffft
121121fft	1211314011fffft	1 3 1 1 1 4 3 4 5 1 6 2 1 1 fffffft
121121fft	1211320411fffft	1 3 1 1 1 4 3 4 5 4 2 6 1 1 fffffft
121121fft	1211324011fffft	1 3 1 1 1 4 3 4 5 4 6 2 1 1 fffffft
121121fft	1211330411fffft	1 3 1 1 1 4 3 4 5 5 2 6 1 1 fffffft
121121fft	1211334011fffft	1 3 1 1 1 4 3 4 5 5 6 2 1 1 fffffft
121121fft	1211340011fffft	1 4 1 1 3 3 1 5 4 5 2 6 1 1 fffffft
121121fft	1211340111fffft	1 4 1 1 3 1 1 5 4 5 2 6 1 1 fffffft
121121fft	1211340211fffft	1 3 1 1 1 5 3 5 2 5 4 6 1 1 fffffft
121121fft	1211340311fffft	1 4 1 1 3 2 1 5 4 5 2 6 1 1 fffffft
121121fft	1211340411fffft	1 3 1 1 1 4 3 4 5 6 2 6 1 1 fffffft
121121fft	1211341011fffft	2 4 2 3 2 2 2 5 4 5 1 6 2 2 fffffft
121121fft	1211341100ffftf	1 4 1 1 3 3 1 5 4 5 6 2 1 1 fffffft
121121fft	1211341101ffftf	1 4 1 1 3 1 1 5 4 5 6 2 1 1 fffffft
121121fft	1211341102ffftf	1 3 1 1 1 5 3 5 2 5 6 4 1 1 fffffft
121121fft	1211341103ffftf	1 3 1 1 1 4 3 4 6 5 2 6 1 1 fffffft
121121fft	1211341104ffftf	1 4 1 1 3 2 1 5 4 5 6 2 1 1 fffffft
121121fft	1211341110ffftf	2 4 2 3 2 2 2 5 4 5 6 1 2 2 fffffft
121121fft	1211341120ffftf	1 3 1 1 1 5 3 5 5 2 6 4 1 1 fffffft
121121fft	1211341130ffftf	1 3 1 1 1 4 3 4 6 5 6 2 1 1 fffffft
121121fft	1211341140ffftf	2 4 1 3 2 2 2 5 4 5 6 1 2 2 fffffft
121121fft	1211342011fffft	1 3 1 1 1 5 3 5 5 2 4 6 1 1 fffffft
121121fft	1211343011fffft	2 4 1 3 2 2 2 5 4 5 1 6 2 2 fffffft
121121fft	1211344011fffft	1 3 1 1 1 4 3 4 5 6 6 2 1 1 fffffft
121121fft	1213014444ffftf	1 2 1 1 2 4 5 4 3 5 5 6 1 1 fffffft
121121fft	1213034444ffftf	1 3 1 1 4 5 3 5 4 6 2 6 1 1 fffffft
121121fft	1213044444ffftf	1 2 1 1 2 3 4 1 5 3 5 6 1 1 fffffft
121121fft	1220034444ffftf	1 3 1 1 4 5 3 5 5 2 2 6 1 1 fffffft
121121fft	1220134444ffftf	1 3 1 1 4 5 3 5 5 2 4 6 1 1 fffffft
121121fft	1220314444ffftf	1 3 1 1 4 5 3 5 5 2 6 4 1 1 fffffft
121121fft	1221034444ffftf	1 3 1 1 4 5 3 5 5 4 2 6 1 1 fffffft
121121fft	1222034444ffftf	1 3 1 1 4 5 3 5 5 5 2 6 1 1 fffffft
121121fft	1223034444ffftf	1 3 1 1 4 5 3 5 5 6 2 6 1 1 fffffft
121121fft	1223043333fffft	1 3 1 1 4 5 3 5 5 1 2 6 1 1 fffffft
121121fft	1223044444ffftf	1 2 1 1 2 3 4 1 5 3 3 6 1 1 fffffft
121121fft	1230034444ffftf	1 3 1 1 4 5 3 5 6 2 2 6 1 1 fffffft
121121fft	1230043333fffft	2 4 2 3 2 2 1 5 4 5 3 6 2 2 fffffft
121121fft	1230134444ffftf	1 3 1 1 4 5 3 5 6 2 4 6 1 1 fffffft
121121fft	1230143333fffft	2 4 2 3 2 2 1 5 4 5 1 6 2 2 fffffft
121121fft	1230144444ffftf	1 2 1 1 2 4 5 4 5 1 6 3 1 1 fffffft
121121fft	1233343300ftfff	1 2 1 1 2 3 1 4 5 5 6 3 1 1 fffffft
121121fft	1233343301ftfff	1 2 1 1 2 3 1 5 6 3 4 6 1 1 fffffft
121121fft	1233343302ftfff	1 2 1 1 2 3 1 4 5 3 6 3 1 1 fffffft
121121fft	1233343303ftfff	1 2 1 1 2 3 1 4 5 1 6 3 1 1 fffffft
121121fft	1233343304ftfff	1 2 1 1 2 3 1 4 5 4 6 3 1 1 fffffft
121121fft	1233343310ftfff	1 2 1 1 2 3 1 5 6 3 6 4 1 1 fffffft
121121fft	1233343320ftfff	1 2 1 1 2 3 1 4 3 5 6 3 1 1 fffffft
121121fft	1233343330ftfff	1 2 1 1 2 3 1 4 1 5 6 3 1 1 fffffft
121121fft	1233343340ftfff	1 2 1 1 2 3 1 4 4 5 6 3 1 1 fffffft
121121fft	1233433300ftfff	1 2 1 1 2 3 4 1 5 5 6 3 1 1 fffffft
121121fft	1233433301ftfff	1 2 1 1 2 3 5 1 6 3 4 6 1 1 fffffft
121121fft	1233433302ftfff	1 2 1 1 2 3 4 1 5 3 6 3 1 1 fffffft
121121fft	1233433303ftfff	1 2 1 1 2 3 4 1 5 1 6 3 1 1 fffffft
121121fft	1233433304ftfff	1 2 1 1 2 3 4 1 5 4 6 3 1 1 fffffft
121121fft	1233433310ftfff	1 2 1 1 2 3 5 1 6 3 6 4 1 1 fffffft
121121fft	1233433320ftfff	1 2 1 1 2 3 4 1 3 5 6 3 1 1 fffffft
121121fft	1233433330ftfff	1 2 1 1 2 3 4 1 1 5 6 3 1 1 fffffft
121121fft	1233433340ftfff	1 2 1 1 2 3 4 1 4 5 6 3 1 1 fffffft
121121fft	1233443303ftfff	1 2 1 1 2 3 4 4 5 1 6 3 1 1 fffffft
