12113123fftf	0102034444ffftf	1 4 1 1 4 2 3 6 5 6 4 7 3 8 4 9 3 10 4 11 1 1 4 2 fffffffffftt
12113123fftf	0102134444ffftf	1 4 1 1 4 2 3 6 5 6 4 7 3 8 4 9 6 10 4 11 1 1 4 2 fffffffffftt
12113123fftf	0102234444ffftf	1 4 1 1 4 2 3 6 5 6 4 7 3 8 4 9 8 10 4 11 1 1 4 2 fffffffffftt
12113123fftf	0102334444ffftf	1 4 1 1 4 2 3 6 5 6 4 7 3 8 4 9 10 10 4 11 1 1 4 2 fffffffffftt
12113123fftf	0102343333fffft	1 4 1 1 4 2 3 6 5 6 4 7 3 8 4 9 1 10 4 11 1 1 4 2 fffffffffftt
12113123fftf	0112034444ffftf	1 4 1 1 4 2 3 6 5 6 4 7 6 8 4 9 3 10 4 11 1 1 4 2 fffffffffftt
12113123fftf	0122034444ffftf	1 4 1 1 4 2 3 6 5 6 4 7 8 8 4 9 3 10 4 11 1 1 4 2 fffffffffftt
12113123fftf	0123220422fffft	1 4 1 1 4 2 3 6 5 6 4 7 1 8 4 9 3 10 4 11 1 1 4 2 fffffffffftt
12113123fftf	0123440244fftff	1 5 1 1 5 6 5 3 4 7 2 7 5 9 10 8 4 10 5 11 1 1 5 3 fffffffffftt
12113123fftf	1200034444ffftf	1 6 1 1 5 5 6 7 6 4 2 8 3 8 6 9 5 10 6 11 1 1 6 4 fffffffffftt
12113123fftf	1200134444ffftf	1 6 1 1 5 5 6 7 6 4 2 8 3 8 6 9 2 10 6 11 1 1 6 4 fffffffffftt
12113123fftf	1210034444ffftf	2 6 1 5 2 2 6 7 6 4 1 8 3 8 6 9 5 10 6 11 2 2 6 4 fffffffffftt
12113123fftf	1210134444ffftf	2 6 1 5 2 2 6 7 6 4 1 8 3 8 6 9 1 10 6 11 2 2 6 4 fffffffffftt
12113123fftf	1220034444ffftf	1 5 1 1 5 6 5 3 7 8 2 8 5 9 8 4 4 10 5 11 1 1 5 3 fffffffffftt
12113123fftf	1220134444ffftf	1 5 1 1 5 6 5 3 7 8 2 8 5 9 8 4 7 10 5 11 1 1 5 3 fffffffffftt
12113123fftf	1230034444ffftf	1 5 1 1 5 6 5 3 7 8 2 8 5 9 10 4 4 10 5 11 1 1 5 3 fffffffffftt
12113123fftf	1230043333fffft	2 6 2 5 2 2 6 7 6 4 1 8 3 8 6 9 5 10 6 11 2 2 6 4 fffffffffftt
12113123fftf	1230134444ffftf	1 5 1 1 5 6 5 3 7 8 2 8 5 9 10 4 7 10 5 11 1 1 5 3 fffffffffftt
12113123fftf	1230143333fffft	2 6 2 5 2 2 6 7 6 4 1 8 3 8 6 9 1 10 6 11 2 2 6 4 fffffffffftt
