1211312443fftff	0102034444ffftf	2 5 5 3 2 2 3 1 4 8 6 8 5 9 7 10 4 11 7 12 5 13 4 14 5 15 7 16 2 2 3 1 5 3 ffffffffffffffttt
1211312443fftff	0102134444ffftf	2 6 6 3 2 2 3 1 4 8 5 9 7 8 6 10 4 11 6 12 5 13 8 14 10 16 6 15 2 2 3 1 6 3 ffffffffffffffttt
1211312443fftff	0102234444ffftf	2 6 6 3 2 2 3 1 4 8 5 9 7 8 6 10 4 11 6 12 5 13 11 14 12 16 6 15 2 2 3 1 6 3 ffffffffffffffttt
1211312443fftff	0102334444ffftf	2 6 6 3 2 2 3 1 4 8 5 9 7 8 6 10 4 11 6 12 5 13 14 14 15 16 6 15 2 2 3 1 6 3 ffffffffffffffttt
1211312443fftff	0102343333fffft	1 5 1 1 2 3 5 2 4 8 7 8 6 9 5 10 4 11 5 12 6 13 1 16 2 14 5 15 5 2 2 3 1 1 ffffffffffffffttt
1211312443fftff	0122034444ffftf	2 5 5 3 2 2 3 1 4 8 6 8 5 9 7 10 11 11 13 12 5 13 4 14 5 15 7 16 2 2 3 1 5 3 ffffffffffffffttt
1211312443fftff	0123024444ffftf	5 8 8 6 7 2 8 4 10 3 5 5 6 1 7 11 9 11 8 12 10 13 2 14 4 16 8 15 5 5 6 1 8 6 ffffffffffffffttt
1211312443fftff	1200034444ffftf	2 8 8 3 2 2 3 1 7 7 8 9 9 10 4 11 5 11 6 12 8 13 7 14 8 15 9 16 2 2 3 1 8 3 ffffffffffffffttt
1211312443fftff	1200134444ffftf	2 8 8 3 2 2 3 1 7 7 8 9 9 10 4 11 5 11 6 13 8 12 4 14 6 16 8 15 2 2 3 1 8 3 ffffffffffffffttt
1211312443fftff	1210034444ffftf	4 9 1 7 2 10 9 5 4 4 5 3 9 8 1 11 2 12 6 11 9 13 7 14 9 15 8 16 4 4 5 3 9 5 ffffffffffffffttt
1211312443fftff	1210134444ffftf	4 8 1 7 2 10 8 5 4 4 5 3 8 9 1 11 6 11 2 13 8 12 1 14 2 16 8 15 4 4 5 3 8 5 ffffffffffffffttt
1211312443fftff	1220034444ffftf	2 7 7 3 2 2 3 1 7 6 9 11 10 12 4 11 7 13 11 5 13 8 5 14 7 15 6 16 2 2 3 1 7 3 ffffffffffffffttt
1211312443fftff	1220134444ffftf	2 7 7 3 2 2 3 1 7 6 9 11 10 13 4 11 7 12 11 5 12 8 9 14 10 16 7 15 2 2 3 1 7 3 ffffffffffffffttt
1211312443fftff	1230034444ffftf	2 7 7 3 2 2 3 1 7 6 9 11 10 13 4 11 7 12 14 5 15 8 5 14 6 16 7 15 2 2 3 1 7 3 ffffffffffffffttt
1211312443fftff	1230043333fffft	3 9 3 7 4 10 3 3 4 6 9 8 9 4 1 11 2 12 5 11 9 13 7 16 9 15 8 14 9 4 4 6 3 3 ffffffffffffffttt
1211312443fftff	1230134444ffftf	2 7 7 3 2 2 3 1 7 6 9 11 10 13 4 11 7 12 14 5 15 8 9 14 10 16 7 15 2 2 3 1 7 3 ffffffffffffffttt
1211312443fftff	1230143333fffft	3 8 3 7 4 10 3 3 4 6 8 9 8 4 1 11 5 11 2 13 8 12 1 16 2 14 8 15 8 4 4 6 3 3 ffffffffffffffttt
1211314324fftff	0102034444ffftf	2 5 3 1 2 2 5 3 4 8 6 8 7 9 5 10 4 11 7 12 5 13 4 14 7 15 5 16 2 2 3 1 5 3 ffffffffffffffttt
1211314324fftff	0102134444ffftf	2 5 3 1 2 2 5 3 4 8 6 8 7 9 5 10 4 11 7 12 5 13 8 14 10 15 5 16 2 2 3 1 5 3 ffffffffffffffttt
1211314324fftff	0102234444ffftf	2 5 3 1 2 2 5 3 4 8 6 8 7 9 5 10 4 11 7 12 5 13 11 14 13 15 5 16 2 2 3 1 5 3 ffffffffffffffttt
1211314324fftff	0102334444ffftf	2 5 3 1 2 2 5 3 4 8 6 8 7 9 5 10 4 11 7 12 5 13 14 14 16 15 5 16 2 2 3 1 5 3 ffffffffffffffttt
1211314324fftff	0102343333fffft	1 5 1 1 3 2 5 3 4 8 6 8 7 9 5 10 4 11 7 12 5 13 1 15 3 14 5 16 3 2 1 1 5 3 ffffffffffffffttt
1211314324fftff	0112034444ffftf	2 5 3 1 2 2 5 3 4 8 6 8 7 9 5 10 8 11 10 12 5 13 4 14 7 15 5 16 2 2 3 1 5 3 ffffffffffffffttt
1211314324fftff	0122034444ffftf	2 5 3 1 2 2 5 3 4 8 6 8 7 9 5 10 11 11 12 13 5 12 4 14 5 16 7 15 2 2 3 1 5 3 ffffffffffffffttt
1211314324fftff	0123220422fffft	1 5 1 1 3 2 5 3 4 8 6 8 7 9 5 10 1 11 3 12 5 13 4 15 7 14 5 16 3 2 1 1 5 3 ffffffffffffffttt
1211314324fftff	0123440244fftff	2 6 3 1 2 2 6 3 6 8 5 9 7 9 4 10 6 12 14 11 16 13 5 14 6 16 4 15 2 2 3 1 6 3 ffffffffffffffttt
1211314324fftff	1200034444ffftf	2 8 3 1 2 2 8 3 7 7 10 9 8 10 4 11 5 11 6 12 8 13 7 14 10 15 8 16 2 2 3 1 8 3 ffffffffffffffttt
1211314324fftff	1200134444ffftf	2 8 3 1 2 2 8 3 7 7 10 9 8 10 4 11 5 11 6 12 8 13 4 14 6 15 8 16 2 2 3 1 8 3 ffffffffffffffttt
1211314324fftff	1210034444ffftf	4 8 1 7 6 9 5 3 4 4 8 5 8 10 1 11 2 11 6 12 8 13 7 14 10 15 8 16 4 4 5 3 8 5 ffffffffffffffttt
1211314324fftff	1210134444ffftf	4 8 1 7 6 9 5 3 4 4 8 5 8 10 1 11 2 11 6 12 8 13 1 14 6 15 8 16 4 4 5 3 8 5 ffffffffffffffttt
1211314324fftff	1220034444ffftf	2 6 3 1 2 2 6 3 6 8 9 11 10 11 4 12 6 13 11 5 13 7 5 14 8 15 6 16 2 2 3 1 6 3 ffffffffffffffttt
1211314324fftff	1220134444ffftf	2 6 3 1 2 2 6 3 6 8 9 11 10 11 4 12 6 13 11 5 13 7 9 14 4 15 6 16 2 2 3 1 6 3 ffffffffffffffttt
1211314324fftff	1230034444ffftf	2 6 3 1 2 2 6 3 6 8 9 11 10 11 4 13 6 12 14 5 16 7 5 14 6 16 8 15 2 2 3 1 6 3 ffffffffffffffttt
1211314324fftff	1230043333fffft	3 8 3 7 6 9 3 3 6 4 8 10 8 6 1 11 2 11 5 12 8 13 7 15 10 14 8 16 6 4 3 3 8 6 ffffffffffffffttt
1211314324fftff	1230134444ffftf	2 6 3 1 2 2 6 3 6 8 9 11 10 11 4 12 6 13 14 5 16 7 9 14 4 15 6 16 2 2 3 1 6 3 ffffffffffffffttt
1211314324fftff	1230143333fffft	3 8 3 7 6 9 3 3 6 4 8 10 8 6 1 11 2 11 5 12 8 13 1 15 5 14 8 16 6 4 3 3 8 6 ffffffffffffffttt
1211314423fftff	0102034444ffftf	2 5 3 3 2 2 5 1 4 8 7 8 5 9 6 10 4 11 6 12 5 13 4 14 5 15 6 16 2 2 3 3 5 1 ffffffffffffffttt
1211314423fftff	0102134444ffftf	2 5 3 3 2 2 5 1 4 8 6 8 7 9 5 10 4 11 5 12 7 13 8 14 9 16 5 15 2 2 3 3 5 1 ffffffffffffffttt
1211314423fftff	0102234444ffftf	2 5 3 3 2 2 5 1 4 8 6 8 7 9 5 10 4 11 5 12 7 13 11 14 13 16 5 15 2 2 3 3 5 1 ffffffffffffffttt
1211314423fftff	0102334444ffftf	2 5 3 3 2 2 5 1 4 8 6 8 7 9 5 10 4 11 5 12 7 13 14 14 16 16 5 15 2 2 3 3 5 1 ffffffffffffffttt
1211314423fftff	0102343333fffft	1 5 1 1 3 3 5 2 4 8 6 8 7 9 5 10 4 11 5 12 7 13 1 15 3 16 5 14 3 3 1 1 5 2 ffffffffffffffttt
1211314423fftff	0112034444ffftf	2 5 3 3 2 2 5 1 4 8 7 8 5 9 6 10 8 11 10 12 5 13 4 14 5 15 6 16 2 2 3 3 5 1 ffffffffffffffttt
1211314423fftff	0122034444ffftf	2 6 3 3 2 2 6 1 4 8 6 9 7 8 5 10 11 11 13 13 6 12 4 14 5 16 6 15 2 2 3 3 6 1 ffffffffffffffttt
1211314423fftff	0123024444ffftf	2 8 3 3 2 2 8 1 7 4 9 6 8 5 7 11 10 11 8 12 9 13 4 14 6 16 8 15 2 2 3 3 8 1 ffffffffffffffttt
1211314423fftff	0123220422fffft	1 5 1 1 3 3 5 2 4 8 7 8 5 9 6 10 1 11 3 12 5 13 4 15 5 14 6 16 3 3 1 1 5 2 ffffffffffffffttt
1211314423fftff	0123440244fftff	2 7 3 3 2 2 7 1 6 8 5 9 7 10 4 9 7 12 14 11 16 13 5 14 6 16 7 15 2 2 3 3 7 1 ffffffffffffffttt
1211314423fftff	1200134444ffftf	2 8 3 3 2 2 8 1 7 7 8 9 10 10 4 11 6 11 5 13 8 12 4 14 5 16 8 15 2 2 3 3 8 1 ffffffffffffffttt
1211314423fftff	1210034444ffftf	4 8 1 7 6 10 5 5 4 4 8 3 8 9 1 11 2 11 6 12 8 13 7 14 8 15 10 16 4 4 5 5 8 3 ffffffffffffffttt
1211314423fftff	1210134444ffftf	4 8 1 7 6 10 5 5 4 4 8 3 8 9 1 11 2 11 6 13 8 12 1 14 6 16 8 15 4 4 5 5 8 3 ffffffffffffffttt
1211314423fftff	1220134444ffftf	2 6 3 3 2 2 6 1 6 7 9 11 10 11 4 13 6 12 11 5 13 8 9 14 4 16 6 15 2 2 3 3 6 1 ffffffffffffffttt
1211314423fftff	1230134444ffftf	2 6 3 3 2 2 6 1 6 7 9 11 10 11 4 13 6 12 14 5 16 8 9 14 4 16 6 15 2 2 3 3 6 1 ffffffffffffffttt
1211314423fftff	1230143333fffft	3 8 3 7 6 10 3 3 6 6 8 9 8 4 1 11 2 11 5 13 8 12 1 15 5 16 8 14 6 6 3 3 8 4 ffffffffffffffttt
1211342143fftff	1230034444ffftf	2 7 7 2 2 2 3 1 7 5 9 11 10 13 4 12 7 11 14 5 15 8 5 14 6 16 7 14 2 2 3 1 7 2 ffffffffffffffttt
1211344123fftff	1203304444ffftf	2 7 3 2 2 2 7 1 7 6 9 12 11 12 10 4 7 13 5 14 8 14 7 15 14 5 16 5 2 2 3 2 7 1 ffffffffffffffttt
1211344123fftff	1233440044fftff	2 11 5 2 2 2 7 7 8 7 11 1 11 9 10 10 11 12 13 10 3 14 4 16 6 14 11 15 2 2 5 2 11 1 ffffffffffffffttt
1211344321fftff	1200334444ffftf	2 10 3 1 2 2 10 2 7 7 9 8 10 7 4 11 6 12 10 11 5 13 14 14 16 15 10 14 2 2 3 1 10 2 ffffffffffffffttt
1211344321fftff	1203443044fftff	4 12 1 10 9 11 5 3 4 4 12 4 10 1 12 1 13 2 12 10 6 14 7 15 8 16 12 14 4 4 5 3 12 4 ffffffffffffffttt
1211344321fftff	1230034444ffftf	2 6 3 1 2 2 6 2 6 5 9 11 10 12 4 13 6 11 14 5 16 7 5 14 6 14 8 15 2 2 3 1 6 2 ffffffffffffffttt
1211344321fftff	1233440044fftff	2 11 5 1 2 2 7 7 8 9 11 2 11 7 10 10 11 10 13 12 3 14 4 16 6 15 11 14 2 2 5 1 11 2 ffffffffffffffttt
