1211132431fffft	012222ftf	1 2 1 1 1 3 2 7 6 7 5 8 5 9 4 8 1 1 2 7 fffffffftt
1211134124ffftf	012222ftf	1 3 1 1 3 2 1 6 5 6 5 8 7 8 4 9 1 1 3 2 fffffffftt
1211311423fffft	012222ftf	1 2 1 1 3 1 1 6 5 6 5 8 7 9 4 8 1 1 1 6 fffffffftt
1211314324fftff	012222ftf	1 4 1 1 3 2 4 3 5 7 6 8 4 9 1 1 3 2 4 3 fffffffttt
1211314423fftff	012222ftf	1 4 1 1 3 3 4 2 6 7 4 8 5 9 1 1 3 3 4 2 fffffffttt
1211331421fffft	012222ftf	1 2 1 1 3 3 1 6 5 6 5 8 7 8 4 9 1 1 1 6 fffffffftt
1211344123fftff	012222ftf	1 4 1 1 3 1 4 2 5 9 6 7 4 8 1 1 3 1 4 2 fffffffttt
1211344321fftff	012222ftf	1 4 1 1 3 2 4 1 5 9 6 8 4 7 1 1 3 2 4 1 fffffffttt
1223344144ftfff	012222ftf	5 1 3 2 2 2 2 5 6 5 7 8 6 9 4 9 2 5 2 2 fffffffftt
1223443331ftfff	012222ftf	5 1 3 3 2 2 2 5 6 5 7 8 6 8 4 9 2 2 2 5 fffffffftt
