0102030414tffff	0121324344ttttf	0 5 0 2 0 3 0 4 1 4 0 6 0 7 0 8 9 8 0 10 0 11 0 12 13 12 0 14 0 15 0 16 1 16 tfffftttttttttttt
0102031424tffff	0121324344ttttf	0 5 2 4 0 3 0 1 3 4 0 6 0 7 9 8 10 8 0 10 0 11 13 12 14 12 0 14 0 15 2 16 3 16 tfffftttttttttttt
0102031434tffff	0121324344ttttf	0 5 2 4 0 3 0 1 1 4 0 6 0 7 8 9 0 10 11 9 0 11 12 13 0 14 15 13 0 15 2 16 1 16 tfffftttttttttttt
0102031444tffff	0121324344ttttf	0 5 2 4 0 3 0 1 4 4 0 6 0 8 0 9 7 10 0 11 13 10 12 13 0 14 16 13 0 15 2 16 4 16 tfffftttttttttttt
0102131424tffff	0121324344ttttf	0 5 3 2 3 4 0 1 1 4 0 6 9 7 9 8 10 8 0 10 13 11 13 12 14 12 0 14 3 15 3 16 1 16 tfffftttttttttttt
0102131434tffff	0121324344ttttf	0 5 3 2 3 4 0 1 2 4 0 6 9 7 9 8 11 8 0 10 13 11 13 12 15 12 0 14 3 15 3 16 2 16 tfffftttttttttttt
0102131444tffff	0121324344ttttf	0 5 3 2 3 4 0 1 4 4 0 6 8 7 8 9 0 10 12 9 13 11 13 12 16 12 0 14 3 15 3 16 4 16 tfffftttttttttttt
0102132434tffff	0121324344ttttf	0 5 2 4 3 1 0 2 1 4 0 6 8 7 10 9 0 10 11 9 13 11 14 12 15 12 0 14 3 15 2 16 1 16 tfffftttttttttttt
0102132444tffff	0121324344ttttf	0 5 2 4 3 1 0 2 4 4 0 6 8 7 10 9 0 10 12 9 13 11 14 12 16 12 0 14 3 15 2 16 4 16 tfffftttttttttttt
0121314101tffff	0112233444ttttf	0 5 2 1 3 1 4 1 0 1 6 9 7 9 8 9 0 9 10 13 11 13 12 13 0 13 14 1 15 1 16 1 0 1 tfffftttttttttttt
0121314101tffff	1112233444ttttf	0 5 2 1 3 1 4 1 0 1 6 9 7 9 8 9 0 9 10 13 11 13 12 13 0 13 14 1 15 1 16 1 0 1 tfffftttttttttttt
0121314124ttfff	0112233444ttttf	0 4 2 4 3 4 1 3 5 4 6 4 8 4 9 4 5 11 11 4 12 4 7 14 14 4 15 4 10 16 16 4 13 3 tfffttttttttttttt
0121314142ttfff	0112233444ttttf	0 4 2 4 3 4 3 1 5 4 6 4 7 4 7 8 9 4 10 4 10 11 12 4 13 4 13 14 15 4 16 4 16 1 tfffttttttttttttt
0121314243ttfff	0112233444ttttf	0 4 3 2 1 4 3 1 5 4 6 4 7 8 7 9 9 4 10 11 10 12 12 4 13 14 13 15 15 4 16 2 16 1 tfffttttttttttttt
0121314244ttfff	0112233444ttttf	0 4 3 2 1 4 3 3 5 4 6 4 8 7 9 4 8 11 11 10 12 4 11 13 13 14 13 16 15 4 16 2 16 3 tfffttttttttttttt
0121314424ttfff	0112233444ttttf	0 4 3 3 1 4 2 3 5 4 6 4 7 10 5 10 9 4 10 13 8 13 12 4 13 16 11 16 15 4 16 3 14 3 tfffttttttttttttt
0121344124ttfff	0112233444ttttf	0 4 2 3 3 4 1 3 6 4 7 4 5 10 6 10 10 4 8 13 9 13 13 4 11 16 12 16 16 4 14 3 15 3 tfffttttttttttttt
