1111tf	01020303tttf	0 2 0 1 0 3 0 1 tftt
1111tf	01020313tfff	0 3 0 2 3 2 0 1 tfff
1111tf	01020313ttff	0 3 3 1 0 1 0 2 tfft
1111tf	01020313tttf	0 2 2 1 0 3 0 1 tftt
1111tf	01020323tfff	0 3 0 2 1 2 0 1 tfff
1111tf	01020323ttff	0 3 2 1 0 1 0 2 tfft
1111tf	01020323tttf	0 2 3 1 0 3 0 1 tftt
1111tf	01020333tfff	0 3 0 2 2 2 0 1 tfff
1111tf	01020333ttff	0 3 1 1 0 1 0 2 tfft
1111tf	01020333tttf	0 2 1 1 0 3 0 1 tftt
1111tf	01021313tttf	0 2 2 1 0 3 2 1 tftt
1111tf	01021323tfff	0 3 3 2 1 2 0 1 tfff
1111tf	01021323ttff	0 3 2 1 3 1 0 2 tfft
1111tf	01021323tttf	0 2 3 1 0 3 2 1 tftt
1111tf	01021333tfff	0 3 3 2 2 2 0 1 tfff
1111tf	01021333ttff	0 3 1 1 3 1 0 2 tfft
1111tf	01021333tttf	0 2 1 1 0 3 2 1 tftt
1111tf	01022323tttf	0 2 3 1 0 3 3 1 tftt
1111tf	01022333tttf	0 2 1 1 0 3 3 1 tftt
1111tf	01023201tfff	0 3 0 3 1 2 0 2 tfff
1111tf	01023201ttff	0 3 0 3 1 2 0 2 tfft
1111tf	01023201tttf	0 2 0 2 0 3 1 3 tftt
1111tf	01023202ttff	0 3 0 2 1 2 0 2 tfft
1111tf	01023202tttf	0 2 0 3 0 3 1 3 tftt
1111tf	01023211tfff	0 3 2 1 3 3 0 1 tfff
1111tf	01023211tfft	0 2 3 1 0 1 2 2 tfft
1111tf	01023211ttff	0 3 3 3 1 2 0 2 tfft
1111tf	01023211ttft	0 3 2 1 3 3 0 1 tftt
1111tf	01023211tttf	0 2 2 2 0 3 1 3 tftt
1111tf	01023212tfff	0 3 2 1 3 1 0 1 tfff
1111tf	01023212tfft	0 2 3 1 0 1 2 1 tfft
1111tf	01023212ttff	0 3 3 2 1 2 0 2 tfft
1111tf	01023212ttft	0 2 3 1 0 1 2 1 tftt
1111tf	01023212tttf	0 2 2 3 0 3 1 3 tftt
1111tf	01023221tfff	0 3 2 1 1 3 0 1 tfff
1111tf	01023221tfft	0 2 3 1 0 1 1 2 tfft
1111tf	01023221ttff	0 3 2 3 1 2 0 2 tfft
1111tf	01023221ttft	0 2 3 1 0 1 1 2 tftt
1111tf	01023221tttf	0 2 3 2 0 3 1 3 tftt
1111tf	01023222tfft	0 2 3 1 0 1 1 1 tfft
1111tf	01023222ttft	0 2 3 1 0 1 1 1 tftt
1111tf	01023222tttf	0 2 3 3 0 3 1 3 tftt
1111tf	01023231tfff	0 3 2 1 2 3 0 1 tfff
1111tf	01023231ttff	0 3 1 3 1 2 0 2 tfft
1111tf	01023231tttf	0 2 1 2 0 3 1 3 tftt
1111tf	01023232ttft	0 2 3 1 0 1 3 1 tftt
1111tf	01023232tttf	0 2 1 3 0 3 1 3 tftt
1111tf	01023233tttf	0 2 1 1 0 3 1 3 tftt
1111tf	01023333tttf	0 2 1 1 0 3 1 1 tftt
1111tf	01121313tttf	0 2 2 1 2 3 2 1 tftt
1111tf	01121323ttff	0 3 2 1 3 1 3 2 tfft
1111tf	01121323tttf	0 2 3 1 2 3 2 1 tftt
1111tf	01121333ttff	0 3 1 1 3 1 3 2 tfft
1111tf	01121333tttf	0 2 1 1 2 3 2 1 tftt
1111tf	01122323tttf	0 2 3 1 2 3 3 1 tftt
1111tf	01122333tttf	0 2 1 1 2 3 3 1 tftt
1111tf	01123212ttff	0 3 3 2 1 2 3 2 tfft
1111tf	01123212tttf	0 2 2 3 2 3 1 3 tftt
1111tf	01123222ttft	0 2 3 1 2 1 1 1 tftt
1111tf	01123222tttf	0 2 3 3 2 3 1 3 tftt
1111tf	01123232tttf	0 2 1 3 2 3 1 3 tftt
1111tf	01123233tttf	0 2 1 1 2 3 1 3 tftt
1111tf	01123333tttf	0 2 1 1 2 3 1 1 tftt
1111tf	01210321ttff	0 3 2 3 0 1 2 3 tfft
1111tf	01210321tttf	0 2 3 2 3 2 0 1 tftt
1111tf	01210323ttff	0 3 2 1 0 1 2 3 tfft
1111tf	01210323tttf	0 2 3 1 3 2 0 1 tftt
1111tf	01210333tfff	0 3 1 1 0 1 2 3 tfff
1111tf	01210333tftf	0 2 1 1 3 2 0 1 tfft
1111tf	01210333ttff	0 3 1 1 0 1 2 3 tfft
1111tf	01210333tttf	0 2 1 1 3 2 0 1 tftt
1111tf	01211321ttff	0 3 2 3 3 1 2 3 tfft
1111tf	01211321tttf	0 2 3 2 3 2 2 1 tftt
1111tf	01211323ttff	0 3 2 1 3 1 2 3 tfft
1111tf	01211323tttf	0 2 3 1 3 2 2 1 tftt
1111tf	01211333tftf	0 2 1 1 3 2 2 1 tfft
1111tf	01211333ttff	0 3 1 1 3 1 2 3 tfft
1111tf	01211333tttf	0 2 1 1 3 2 2 1 tftt
1111tf	01212321ttff	0 3 2 3 2 1 2 3 tfft
1111tf	01212321tttf	0 2 3 2 3 2 3 1 tftt
1111tf	01212322ttft	0 2 1 3 1 2 1 1 tftt
1111tf	01212322tttf	0 2 3 3 3 2 3 1 tftt
1111tf	01212323tttf	0 2 3 1 3 2 3 1 tftt
1111tf	01212333tftf	0 2 1 1 3 2 3 1 tfft
1111tf	01212333tttf	0 2 1 1 3 2 3 1 tftt
1111tf	01213101tfff	0 3 2 3 0 3 1 3 tfff
1111tf	01213101tftf	0 2 0 2 3 2 1 2 tfft
1111tf	01213101ttff	0 3 0 3 1 3 2 3 tfft
1111tf	01213101tttf	0 2 0 2 3 2 1 2 tftt
1111tf	01213111tfft	0 2 3 2 1 2 2 2 tfft
1111tf	01213111tftf	0 2 2 2 3 2 1 2 tfft
1111tf	01213111tftt	0 1 2 1 3 1 1 1 tftt
1111tf	01213111ttff	0 3 3 3 1 3 2 3 tfft
1111tf	01213111ttft	0 3 2 3 3 3 1 3 tftt
1111tf	01213111tttf	0 2 2 2 3 2 1 2 tftt
1111tf	01213121tfft	0 2 3 2 1 2 1 2 tfft
1111tf	01213121tttf	0 2 3 2 3 2 1 2 tftt
1111tf	01213123ttff	0 3 2 1 1 3 2 3 tfft
1111tf	01213123tttf	0 2 3 1 3 2 1 2 tftt
1111tf	01213131tftf	0 2 1 2 3 2 1 2 tfft
1111tf	01213131tttf	0 2 1 2 3 2 1 2 tftt
1111tf	01213132ttff	0 3 1 2 1 3 2 3 tfft
1111tf	01213132tttf	0 2 1 3 3 2 1 2 tftt
1111tf	01213133tftf	0 2 1 1 3 2 1 2 tfft
1111tf	01213133ttff	0 3 1 1 1 3 2 3 tfft
1111tf	01213133tttf	0 2 1 1 3 2 1 2 tftt
1111tf	01213232tttf	0 2 1 3 3 2 1 3 tftt
1111tf	01213233tttf	0 2 1 1 3 2 1 3 tftt
1111tf	01213321ttff	0 3 2 3 1 1 2 3 tfft
1111tf	01213321tttf	0 2 3 2 3 2 1 1 tftt
1111tf	01213323tttf	0 2 3 1 3 2 1 1 tftt
1111tf	01213333tftf	0 2 1 1 3 2 1 1 tfft
1111tf	01213333tttf	0 2 1 1 3 2 1 1 tftt
1111tf	01222323tttf	0 2 3 1 3 3 3 1 tftt
1111tf	01222333tttf	0 2 1 1 3 3 3 1 tftt
1111tf	01223232tttf	0 2 1 3 3 3 1 3 tftt
1111tf	01223233tttf	0 2 1 1 3 3 1 3 tftt
1111tf	01223333tttf	0 2 1 1 3 3 1 1 tftt
1111tf	01230113tfff	0 3 3 1 0 3 2 1 tfff
1111tf	01230123ttff	0 3 2 1 0 3 2 1 tfft
1111tf	01230133tfff	0 3 1 1 0 3 2 1 tfff
1111tf	01230133ttff	0 3 1 1 0 3 2 1 tfft
1111tf	01230313tfff	0 3 3 1 0 1 2 1 tfff
1111tf	01230313tftf	0 2 2 1 3 1 0 1 tfft
1111tf	01230313tttf	0 2 2 1 3 1 0 1 tftt
1111tf	01230323ttff	0 3 2 1 0 1 2 1 tfft
1111tf	01230323tttf	0 2 3 1 3 1 0 1 tftt
1111tf	01230333tfff	0 3 1 1 0 1 2 1 tfff
1111tf	01230333tftf	0 2 1 1 3 1 0 1 tfft
1111tf	01230333ttff	0 3 1 1 0 1 2 1 tfft
1111tf	01230333tttf	0 2 1 1 3 1 0 1 tftt
1111tf	01231123ttff	0 3 2 1 3 3 2 1 tfft
1111tf	01231123tttf	0 3 2 1 3 3 2 1 tftt
1111tf	01231133tftf	0 2 1 1 3 1 2 2 tfft
1111tf	01231133ttff	0 3 1 1 3 3 2 1 tfft
1111tf	01231133tttf	0 3 1 1 3 3 2 1 tftt
1111tf	01231323ttff	0 3 2 1 3 1 2 1 tfft
1111tf	01231333tftf	0 2 1 1 3 1 2 1 tfft
1111tf	01231333ttff	0 3 1 1 3 1 2 1 tfft
1111tf	01232123ttff	0 3 2 1 2 3 2 1 tfft
1111tf	01232133ttff	0 3 1 1 2 3 2 1 tfft
1111tf	01232222ttft	0 2 1 1 1 3 1 1 tftt
1111tf	01232313tftf	0 2 2 1 3 1 3 1 tfft
1111tf	01232333tftf	0 2 1 1 3 1 3 1 tfft
1111tf	01233123ttff	0 3 2 1 1 3 2 1 tfft
1111tf	01233123tttf	0 2 3 1 3 1 1 2 tftt
1111tf	01233133tftf	0 2 1 1 3 1 1 2 tfft
1111tf	01233133ttff	0 3 1 1 1 3 2 1 tfft
1111tf	01233133tttf	0 2 1 1 3 1 1 2 tftt
1111tf	01233323tttf	0 2 3 1 3 1 1 1 tftt
1111tf	01233333tftf	0 2 1 1 3 1 1 1 tfft
1111tf	01233333tttf	0 2 1 1 3 1 1 1 tftt
1111tf	11121313tttf	2 2 2 1 2 3 2 1 tftt
1111tf	11121323ttff	3 3 2 1 3 1 3 2 tfft
1111tf	11121323tttf	2 2 3 1 2 3 2 1 tftt
1111tf	11121333ttff	3 3 1 1 3 1 3 2 tfft
1111tf	11121333tttf	2 2 1 1 2 3 2 1 tftt
1111tf	11122323tttf	2 2 3 1 2 3 3 1 tftt
1111tf	11122333tttf	2 2 1 1 2 3 3 1 tftt
1111tf	11123212ttff	3 3 3 2 1 2 3 2 tfft
1111tf	11123212tttf	2 2 2 3 2 3 1 3 tftt
1111tf	11123222ttft	2 2 3 1 2 1 1 1 tftt
1111tf	11123222tttf	2 2 3 3 2 3 1 3 tftt
1111tf	11123232tttf	2 2 1 3 2 3 1 3 tftt
1111tf	11123233tttf	2 2 1 1 2 3 1 3 tftt
1111tf	11123333tttf	2 2 1 1 2 3 1 1 tftt
1111tf	11222323tttf	2 2 3 1 3 3 3 1 tftt
1111tf	11222333tttf	2 2 1 1 3 3 3 1 tftt
1111tf	11223333tttf	2 2 1 1 3 3 1 1 tftt
1111tf	11232222ttft	2 2 1 1 1 3 1 1 tftt
1111tf	12111311tftt	1 2 1 1 1 3 1 1 tftt
1111tf	12121313tftf	2 3 2 1 2 3 2 1 tfft
1111tf	12121333tftf	2 3 1 1 2 3 2 1 tfft
1111tf	12123233tftf	2 3 1 1 2 3 1 3 tfft
1111tf	12123333tftf	2 3 1 1 2 3 1 1 tfft
1111tf	12131113tttf	3 2 3 1 3 3 3 1 tftt
1111tf	12131133tttf	3 2 1 1 3 3 3 1 tftt
1111tf	12131323ttff	3 2 2 1 3 1 3 1 tfft
1111tf	12131333ttff	3 2 1 1 3 1 3 1 tfft
1111tf	12133233tttf	2 3 1 1 2 1 1 3 tftt
1111tf	12133333tttf	2 3 1 1 2 1 1 1 tftt
1111tf	12222323tttf	2 3 3 1 3 3 3 1 tftt
1111tf	12222333tttf	2 3 1 1 3 3 3 1 tftt
1111tf	12223333tttf	2 3 1 1 3 3 1 1 tftt
1111tf	12233333tttf	2 3 1 1 3 1 1 1 tftt
1111tf	12321333tftf	2 3 1 1 1 3 2 1 tfft
1111tf	12321333tttf	2 3 1 1 1 3 2 1 tftt
1111tf	12323333tftf	2 3 1 1 1 3 1 1 tfft
1111tf	12323333tttf	2 3 1 1 1 3 1 1 tftt
