121111fft	010202ttf	1 3 1 1 3 2 3 4 3 2 ffftt
121111fft	010212tff	1 4 1 1 3 2 4 2 4 3 fffft
121111fft	010212ttf	1 3 1 1 4 2 3 4 3 2 ffftt
121111fft	011212ttf	1 3 1 1 4 2 3 4 4 2 ffftt
121111fft	012101tff	1 4 1 1 3 2 4 2 4 2 fffft
121111fft	012101ttf	1 3 1 1 3 4 3 4 2 4 ffftt
121111fft	012111tft	1 3 1 1 4 2 3 2 2 2 ffftt
121111fft	012111ttf	1 3 1 1 4 4 3 4 2 4 ffftt
121111fft	012121ttf	2 3 1 4 2 2 3 4 1 4 ffftt
121111fft	111212ttf	1 3 1 1 4 2 4 4 4 2 ffftt
121121fft	010202ttf	1 3 1 1 3 2 3 4 3 2 ffftt
121121fft	010212tff	1 4 1 1 3 2 4 2 4 3 fffft
121121fft	010212ttf	1 3 1 1 4 2 3 4 3 2 ffftt
121121fft	011212ttf	1 3 1 1 4 2 3 4 4 2 ffftt
121121fft	012101tff	1 4 1 1 3 2 4 2 4 2 fffft
121121fft	012101ttf	1 3 1 1 3 4 3 4 2 4 ffftt
121121fft	012111tft	1 3 1 1 4 2 3 2 2 2 ffftt
121121fft	012111ttf	1 3 1 1 4 4 3 4 2 4 ffftt
121121fft	012121ttf	2 3 1 4 2 2 3 4 1 4 ffftt
121121fft	111212ttf	1 3 1 1 4 2 3 4 4 2 ffftt
