121111fft	01020303tttf	1 3 1 1 3 2 3 4 3 5 3 2 fffttt
121111fft	01020313tfff	1 5 1 1 3 2 5 4 5 2 5 3 ffffft
121111fft	01020313ttff	1 4 1 1 4 3 5 3 4 5 4 2 fffftt
121111fft	01020313tttf	1 3 1 1 4 2 3 4 3 5 3 2 fffttt
121111fft	01020323tfff	1 5 1 1 4 2 5 4 5 2 5 3 ffffft
121111fft	01020323ttff	1 4 1 1 3 2 4 2 4 5 4 3 fffftt
121111fft	01020323tttf	1 3 1 1 5 2 3 4 3 5 3 2 fffttt
121111fft	01021313tttf	1 3 1 1 4 2 3 4 3 5 4 2 fffttt
121111fft	01021323tfff	1 5 1 1 3 2 4 2 5 3 5 4 ffffft
121111fft	01021323ttff	1 4 1 1 3 2 5 2 4 5 4 3 fffftt
121111fft	01021323tttf	1 3 1 1 5 2 3 4 3 5 4 2 fffttt
121111fft	01022323tttf	1 3 1 1 5 2 3 4 3 5 5 2 fffttt
121111fft	01023201tfff	1 5 1 1 4 2 5 2 5 3 5 3 ffffft
121111fft	01023201ttff	1 4 1 1 3 2 4 5 4 5 4 2 fffftt
121111fft	01023201tttf	1 3 1 1 3 4 3 4 3 5 2 5 fffttt
121111fft	01023202ttff	1 4 1 1 3 2 4 2 4 5 4 2 fffftt
121111fft	01023202tttf	1 3 1 1 3 5 3 4 3 5 2 5 fffttt
121111fft	01023211tfff	1 5 1 1 3 2 4 4 5 2 5 4 ffffft
121111fft	01023211tfft	1 4 1 1 4 3 5 3 4 2 2 2 fffftt
121111fft	01023211ttff	1 4 1 1 3 2 5 5 4 5 4 2 fffftt
121111fft	01023211ttft	1 3 1 1 4 2 3 5 5 5 3 2 fffttt
121111fft	01023211tttf	1 3 1 1 4 4 3 4 3 5 2 5 fffttt
121111fft	01023212tfff	1 5 1 1 3 2 4 2 5 2 5 4 ffffft
121111fft	01023212tfft	1 4 1 1 4 3 5 3 4 2 2 3 fffftt
121111fft	01023212ttff	1 4 1 1 3 2 5 2 4 5 4 2 fffftt
121111fft	01023212ttft	1 3 1 1 5 2 3 4 3 2 4 2 fffttt
121111fft	01023212tttf	1 3 1 1 4 5 3 4 3 5 2 5 fffttt
121111fft	01023221tfff	1 5 1 1 3 2 2 4 5 2 5 4 ffffft
121111fft	01023221tfft	1 4 1 1 4 3 5 3 4 2 3 2 fffftt
121111fft	01023221ttff	2 4 3 5 2 2 1 3 4 5 4 3 fffftt
121111fft	01023221ttft	1 3 1 1 5 2 3 4 3 2 2 4 fffttt
121111fft	01023221tttf	1 3 1 1 5 4 3 4 3 5 2 5 fffttt
121111fft	01023222tfft	1 4 1 1 4 3 5 3 4 2 3 3 fffftt
121111fft	01023222ttft	1 3 1 1 5 2 3 4 3 2 2 2 fffttt
121111fft	01023222tttf	1 3 1 1 5 5 3 4 3 5 2 5 fffttt
121111fft	01023231tfff	1 5 1 1 3 2 3 4 5 2 5 4 ffffft
121111fft	01023231ttff	2 4 1 5 2 2 1 3 4 5 4 3 fffftt
121111fft	01023231tttf	2 3 1 4 2 2 3 4 3 5 1 5 fffttt
121111fft	01023232ttft	1 3 1 1 5 2 3 4 3 2 5 2 fffttt
121111fft	01023232tttf	2 3 1 5 2 2 3 4 3 5 1 5 fffttt
121111fft	01121313tttf	1 3 1 1 4 2 3 4 4 5 4 2 fffttt
121111fft	01121323ttff	1 4 1 1 3 2 5 2 4 5 5 3 fffftt
121111fft	01121323tttf	1 3 1 1 5 2 3 4 4 5 4 2 fffttt
121111fft	01122323tttf	1 3 1 1 5 2 3 4 4 5 5 2 fffttt
121111fft	01123212ttff	1 4 1 1 3 2 5 2 4 5 5 2 fffftt
121111fft	01123212tttf	1 3 1 1 4 5 3 4 4 5 2 5 fffttt
121111fft	01123222ttft	1 3 1 1 5 2 3 4 4 2 2 2 fffttt
121111fft	01123222tttf	1 3 1 1 5 5 3 4 4 5 2 5 fffttt
121111fft	01123232tttf	2 3 1 5 2 2 3 4 4 5 1 5 fffttt
121111fft	01210321ttff	2 4 3 5 2 2 4 1 4 5 3 5 fffftt
121111fft	01210321tttf	1 3 1 1 5 4 3 4 5 4 3 2 fffttt
121111fft	01210323ttff	1 4 1 1 3 2 4 2 4 5 3 5 fffftt
121111fft	01210323tttf	1 3 1 1 5 2 3 4 5 4 3 2 fffttt
121111fft	01211321ttff	2 4 3 5 2 2 5 1 4 5 3 5 fffftt
121111fft	01211321tttf	1 3 1 1 5 4 3 4 5 4 4 2 fffttt
121111fft	01211323ttff	1 4 1 1 3 2 5 2 4 5 3 5 fffftt
121111fft	01211323tttf	1 3 1 1 5 2 3 4 5 4 4 2 fffttt
121111fft	01212321ttff	2 4 3 5 2 2 3 1 4 5 3 5 fffftt
121111fft	01212321tttf	1 3 1 1 5 4 3 4 5 4 5 2 fffttt
121111fft	01212322ttft	2 3 1 5 2 2 3 4 1 4 1 1 fffttt
121111fft	01212322tttf	1 3 1 1 5 5 3 4 5 4 5 2 fffttt
121111fft	01212323tttf	1 3 1 1 5 2 3 4 5 4 5 2 fffttt
121111fft	01213101tfff	1 5 1 1 3 2 4 2 5 2 5 2 ffffft
121111fft	01213101tftf	1 4 1 1 5 2 4 2 4 2 3 2 fffftt
121111fft	01213101ttff	2 4 3 5 2 2 4 5 4 5 1 5 fffftt
121111fft	01213101tttf	1 3 1 1 3 4 3 4 5 4 2 4 fffttt
121111fft	01213111tfft	1 4 1 1 3 2 5 2 4 2 2 2 fffftt
121111fft	01213111tftf	1 4 1 1 3 3 5 3 4 3 2 3 fffftt
121111fft	01213111tftt	1 3 1 1 4 2 3 2 5 2 2 2 fffttt
121111fft	01213111ttff	2 4 3 5 2 2 5 5 4 5 1 5 fffftt
121111fft	01213111ttft	1 3 1 1 4 5 3 5 5 5 2 5 fffttt
121111fft	01213111tttf	1 3 1 1 4 4 3 4 5 4 2 4 fffttt
121111fft	01213121tfft	1 4 1 1 3 2 5 2 4 2 3 2 fffftt
121111fft	01213121tttf	1 3 1 1 5 4 3 4 5 4 2 4 fffttt
121111fft	01213123ttff	2 4 3 5 2 2 1 3 4 5 1 5 fffftt
121111fft	01213123tttf	1 3 1 1 5 2 3 4 5 4 2 4 fffttt
121111fft	01213131tftf	1 4 1 1 2 3 5 3 4 3 2 3 fffftt
121111fft	01213131tttf	2 3 1 4 2 2 3 4 5 4 1 4 fffttt
121111fft	01213132ttff	2 4 3 5 2 2 3 1 4 5 1 5 fffftt
121111fft	01213132tttf	2 3 1 5 2 2 3 4 5 4 1 4 fffttt
121111fft	01213232tttf	2 3 1 5 2 2 3 4 5 4 1 5 fffttt
121111fft	01213321ttff	2 4 3 5 2 2 1 1 4 5 3 5 fffftt
121111fft	01213321tttf	1 3 1 1 5 4 3 4 5 4 2 2 fffttt
121111fft	01213323tttf	1 3 1 1 5 2 3 4 5 4 2 2 fffttt
121111fft	01222323tttf	1 3 1 1 5 2 3 4 5 5 5 2 fffttt
121111fft	01223232tttf	2 3 1 5 2 2 3 4 5 5 1 5 fffttt
121111fft	01230113tfff	1 5 1 1 3 2 4 2 5 3 5 3 ffffft
121111fft	01230123ttff	1 4 1 1 3 2 4 5 4 5 3 2 fffftt
121111fft	01230313tfff	1 5 1 1 3 2 4 2 5 2 5 3 ffffft
121111fft	01230313tftf	1 4 1 1 3 2 5 2 4 3 4 2 fffftt
121111fft	01230313tttf	1 3 1 1 4 2 3 4 5 2 3 2 fffttt
121111fft	01230323ttff	1 4 1 1 3 2 4 2 4 5 3 2 fffftt
121111fft	01230323tttf	1 3 1 1 5 2 3 4 5 2 3 2 fffttt
121111fft	01231123ttff	1 4 1 1 3 2 5 5 4 5 3 2 fffftt
121111fft	01231123tttf	1 3 1 1 4 2 3 5 5 5 4 2 fffttt
121111fft	01231323ttff	1 4 1 1 3 2 5 2 4 5 3 2 fffftt
121111fft	01232123ttff	2 4 1 5 2 2 1 3 4 5 1 3 fffftt
121111fft	01232313tftf	1 4 1 1 3 2 5 2 4 3 5 2 fffftt
121111fft	01233123ttff	2 4 3 5 2 2 1 3 4 5 1 3 fffftt
121111fft	01233123tttf	1 3 1 1 5 2 3 4 5 2 2 4 fffttt
121111fft	01233323tttf	1 3 1 1 5 2 3 4 5 2 2 2 fffttt
121111fft	11121313tttf	1 3 1 1 4 2 4 4 4 5 4 2 fffttt
121111fft	11121323ttff	1 4 1 1 3 2 5 2 5 5 5 3 fffftt
121111fft	11121323tttf	1 3 1 1 5 2 4 4 4 5 4 2 fffttt
121111fft	11122323tttf	1 3 1 1 5 2 4 4 4 5 5 2 fffttt
121111fft	11123212ttff	1 4 1 1 3 2 5 2 5 5 5 2 fffftt
121111fft	11123212tttf	1 3 1 1 4 5 4 4 4 5 2 5 fffttt
121111fft	11123222ttft	1 3 1 1 5 2 4 4 4 2 2 2 fffttt
121111fft	11123222tttf	1 3 1 1 5 5 4 4 4 5 2 5 fffttt
121111fft	11123232tttf	2 3 1 5 2 2 4 4 4 5 1 5 fffttt
121111fft	11222323tttf	1 3 1 1 5 2 4 4 5 5 5 2 fffttt
121111fft	12121313tftf	2 4 1 5 2 2 1 3 1 5 1 3 fffftt
121111fft	12131113tttf	1 3 1 1 5 2 5 4 5 5 5 2 fffttt
121111fft	12131323ttff	1 4 1 1 3 2 5 2 5 3 5 2 fffftt
121111fft	12222323tttf	1 3 1 1 5 2 4 5 5 5 5 2 fffttt
121121fft	01020303tttf	1 3 1 1 3 2 3 4 3 5 3 2 fffttt
121121fft	01020313tfff	1 5 1 1 3 2 5 4 5 2 5 3 ffffft
121121fft	01020313ttff	1 4 1 1 4 3 5 3 4 5 4 2 fffftt
121121fft	01020313tttf	1 3 1 1 4 2 3 4 3 5 3 2 fffttt
121121fft	01020323tfff	1 5 1 1 4 2 5 4 5 2 5 3 ffffft
121121fft	01020323ttff	1 4 1 1 3 2 4 2 4 5 4 3 fffftt
121121fft	01020323tttf	1 3 1 1 5 2 3 4 3 5 3 2 fffttt
121121fft	01021313tttf	1 3 1 1 4 2 3 4 3 5 4 2 fffttt
121121fft	01021323tfff	1 5 1 1 3 2 4 2 5 3 5 4 ffffft
121121fft	01021323ttff	1 4 1 1 3 2 5 2 4 5 4 3 fffftt
121121fft	01021323tttf	1 3 1 1 5 2 3 4 3 5 4 2 fffttt
121121fft	01022323tttf	1 3 1 1 5 2 3 4 3 5 5 2 fffttt
121121fft	01023201tfff	1 5 1 1 4 2 5 2 5 3 5 3 ffffft
121121fft	01023201ttff	1 4 1 1 3 2 4 5 4 5 4 2 fffftt
121121fft	01023201tttf	1 3 1 1 3 4 3 4 3 5 2 5 fffttt
121121fft	01023202ttff	1 4 1 1 3 2 4 2 4 5 4 2 fffftt
121121fft	01023202tttf	1 3 1 1 3 5 3 4 3 5 2 5 fffttt
121121fft	01023211tfff	1 5 1 1 3 2 4 4 5 2 5 4 ffffft
121121fft	01023211tfft	1 4 1 1 4 3 5 3 4 2 2 2 fffftt
121121fft	01023211ttff	1 4 1 1 3 2 5 5 4 5 4 2 fffftt
121121fft	01023211ttft	1 3 1 1 4 2 3 5 5 5 3 2 fffttt
121121fft	01023211tttf	1 3 1 1 4 4 3 4 3 5 2 5 fffttt
121121fft	01023212tfff	1 5 1 1 3 2 4 2 5 2 5 4 ffffft
121121fft	01023212tfft	1 4 1 1 4 3 5 3 4 2 2 3 fffftt
121121fft	01023212ttff	1 4 1 1 3 2 5 2 4 5 4 2 fffftt
121121fft	01023212ttft	1 3 1 1 5 2 3 4 3 2 4 2 fffttt
121121fft	01023212tttf	1 3 1 1 4 5 3 4 3 5 2 5 fffttt
121121fft	01023221tfff	1 5 1 1 3 2 2 4 5 2 5 4 ffffft
121121fft	01023221tfft	1 4 1 1 4 3 5 3 4 2 3 2 fffftt
121121fft	01023221ttff	2 4 3 5 2 2 1 3 4 5 4 3 fffftt
121121fft	01023221ttft	1 3 1 1 5 2 3 4 3 2 2 4 fffttt
121121fft	01023221tttf	1 3 1 1 5 4 3 4 3 5 2 5 fffttt
121121fft	01023222tfft	1 4 1 1 4 3 5 3 4 2 3 3 fffftt
121121fft	01023222ttft	1 3 1 1 5 2 3 4 3 2 2 2 fffttt
121121fft	01023222tttf	1 3 1 1 5 5 3 4 3 5 2 5 fffttt
121121fft	01023231tfff	1 5 1 1 3 2 3 4 5 2 5 4 ffffft
121121fft	01023231ttff	2 4 1 5 2 2 1 3 4 5 4 3 fffftt
121121fft	01023231tttf	2 3 1 4 2 2 3 4 3 5 1 5 fffttt
121121fft	01023232ttft	1 3 1 1 5 2 3 4 3 2 5 2 fffttt
121121fft	01023232tttf	2 3 1 5 2 2 3 4 3 5 1 5 fffttt
121121fft	01121313tttf	1 3 1 1 4 2 3 4 4 5 4 2 fffttt
121121fft	01121323ttff	1 4 1 1 3 2 5 2 4 5 5 3 fffftt
121121fft	01121323tttf	1 3 1 1 5 2 3 4 4 5 4 2 fffttt
121121fft	01122323tttf	1 3 1 1 5 2 3 4 4 5 5 2 fffttt
121121fft	01123212ttff	1 4 1 1 3 2 5 2 4 5 5 2 fffftt
121121fft	01123212tttf	1 3 1 1 4 5 3 4 4 5 2 5 fffttt
121121fft	01123222ttft	1 3 1 1 5 2 3 4 4 2 2 2 fffttt
121121fft	01123222tttf	1 3 1 1 5 5 3 4 4 5 2 5 fffttt
121121fft	01123232tttf	2 3 1 5 2 2 3 4 4 5 1 5 fffttt
121121fft	01210321ttff	2 4 3 5 2 2 4 1 4 5 3 5 fffftt
121121fft	01210321tttf	1 3 1 1 5 4 3 4 5 4 3 2 fffttt
121121fft	01210323ttff	1 4 1 1 3 2 4 2 4 5 3 5 fffftt
121121fft	01210323tttf	1 3 1 1 5 2 3 4 5 4 3 2 fffttt
121121fft	01211321ttff	2 4 3 5 2 2 5 1 4 5 3 5 fffftt
121121fft	01211321tttf	1 3 1 1 5 4 3 4 5 4 4 2 fffttt
121121fft	01211323ttff	1 4 1 1 3 2 5 2 4 5 3 5 fffftt
121121fft	01211323tttf	1 3 1 1 5 2 3 4 5 4 4 2 fffttt
121121fft	01212321ttff	2 4 3 5 2 2 3 1 4 5 3 5 fffftt
121121fft	01212321tttf	1 3 1 1 5 4 3 4 5 4 5 2 fffttt
121121fft	01212322ttft	2 3 1 5 2 2 3 4 1 4 1 1 fffttt
121121fft	01212322tttf	1 3 1 1 5 5 3 4 5 4 5 2 fffttt
121121fft	01212323tttf	1 3 1 1 5 2 3 4 5 4 5 2 fffttt
121121fft	01213101tfff	1 5 1 1 3 2 4 2 5 2 5 2 ffffft
121121fft	01213101tftf	1 4 1 1 5 2 4 2 4 2 3 2 fffftt
121121fft	01213101ttff	2 4 3 5 2 2 4 5 4 5 1 5 fffftt
121121fft	01213101tttf	1 3 1 1 3 4 3 4 5 4 2 4 fffttt
121121fft	01213111tfft	1 4 1 1 3 2 5 2 4 2 2 2 fffftt
121121fft	01213111tftf	1 4 1 1 3 3 5 3 4 3 2 3 fffftt
121121fft	01213111tftt	1 3 1 1 4 2 3 2 5 2 2 2 fffttt
121121fft	01213111ttff	2 4 3 5 2 2 5 5 4 5 1 5 fffftt
121121fft	01213111ttft	1 3 1 1 4 5 3 5 5 5 2 5 fffttt
121121fft	01213111tttf	1 3 1 1 4 4 3 4 5 4 2 4 fffttt
121121fft	01213121tfft	1 4 1 1 3 2 5 2 4 2 3 2 fffftt
121121fft	01213121tttf	1 3 1 1 5 4 3 4 5 4 2 4 fffttt
121121fft	01213123ttff	2 4 3 5 2 2 1 3 4 5 1 5 fffftt
121121fft	01213123tttf	1 3 1 1 5 2 3 4 5 4 2 4 fffttt
121121fft	01213131tftf	1 4 1 1 2 3 5 3 4 3 2 3 fffftt
121121fft	01213131tttf	2 3 1 4 2 2 3 4 5 4 1 4 fffttt
121121fft	01213132ttff	2 4 3 5 2 2 3 1 4 5 1 5 fffftt
121121fft	01213132tttf	2 3 1 5 2 2 3 4 5 4 1 4 fffttt
121121fft	01213232tttf	2 3 1 5 2 2 3 4 5 4 1 5 fffttt
121121fft	01213321ttff	2 4 3 5 2 2 1 1 4 5 3 5 fffftt
121121fft	01213321tttf	1 3 1 1 5 4 3 4 5 4 2 2 fffttt
121121fft	01213323tttf	1 3 1 1 5 2 3 4 5 4 2 2 fffttt
121121fft	01222323tttf	1 3 1 1 5 2 3 4 5 5 5 2 fffttt
121121fft	01223232tttf	2 3 1 5 2 2 3 4 5 5 1 5 fffttt
121121fft	01230113tfff	1 5 1 1 3 2 4 2 5 3 5 3 ffffft
121121fft	01230123ttff	1 4 1 1 3 2 4 5 4 5 3 2 fffftt
121121fft	01230313tfff	1 5 1 1 3 2 4 2 5 2 5 3 ffffft
121121fft	01230313tftf	1 4 1 1 3 2 5 2 4 3 4 2 fffftt
121121fft	01230313tttf	1 3 1 1 4 2 3 4 5 2 3 2 fffttt
121121fft	01230323ttff	1 4 1 1 3 2 4 2 4 5 3 2 fffftt
121121fft	01230323tttf	1 3 1 1 5 2 3 4 5 2 3 2 fffttt
121121fft	01231123ttff	1 4 1 1 3 2 5 5 4 5 3 2 fffftt
121121fft	01231123tttf	1 3 1 1 4 2 3 5 5 5 4 2 fffttt
121121fft	01231323ttff	1 4 1 1 3 2 5 2 4 5 3 2 fffftt
121121fft	01232123ttff	2 4 1 5 2 2 1 3 4 5 1 3 fffftt
121121fft	01232313tftf	1 4 1 1 3 2 5 2 4 3 5 2 fffftt
121121fft	01233123ttff	2 4 3 5 2 2 1 3 4 5 1 3 fffftt
121121fft	01233123tttf	1 3 1 1 5 2 3 4 5 2 2 4 fffttt
121121fft	01233323tttf	1 3 1 1 5 2 3 4 5 2 2 2 fffttt
121121fft	11121313tttf	1 3 1 1 4 2 3 4 4 5 4 2 fffttt
121121fft	11121323ttff	1 4 1 1 3 2 5 2 4 5 5 3 fffftt
121121fft	11121323tttf	1 3 1 1 5 2 3 4 4 5 4 2 fffttt
121121fft	11122323tttf	1 3 1 1 5 2 3 4 4 5 5 2 fffttt
121121fft	11123212ttff	1 4 1 1 3 2 5 2 4 5 5 2 fffftt
121121fft	11123212tttf	1 3 1 1 4 5 3 4 4 5 2 5 fffttt
121121fft	11123222ttft	1 3 1 1 5 2 3 4 4 2 2 2 fffttt
121121fft	11123222tttf	1 3 1 1 5 5 3 4 4 5 2 5 fffttt
121121fft	11123232tttf	2 3 1 5 2 2 3 4 4 5 1 5 fffttt
121121fft	11222323tttf	1 3 1 1 5 2 3 4 5 5 5 2 fffttt
121121fft	12121313tftf	2 4 1 5 2 2 1 3 4 5 1 3 fffftt
121121fft	12131113tttf	1 3 1 1 5 2 3 4 5 5 5 2 fffttt
121121fft	12131323ttff	1 4 1 1 3 2 5 2 4 3 5 2 fffftt
