12113123fftf	0102030414ttttf	1 5 1 1 7 2 5 3 4 7 6 7 5 8 4 9 5 10 4 11 5 12 4 2 5 3 ffffttttttttt
12113123fftf	0102030424ttttf	1 5 1 1 9 2 5 3 4 7 6 7 5 8 4 9 5 10 4 11 5 12 4 2 5 3 ffffttttttttt
12113123fftf	0102030434ttttf	1 5 1 1 11 2 5 3 4 7 6 7 5 8 4 9 5 10 4 11 5 12 4 2 5 3 ffffttttttttt
12113123fftf	0102031414ttttf	1 5 1 1 7 2 5 3 4 7 6 7 5 8 4 9 5 10 4 11 5 12 7 2 5 3 ffffttttttttt
12113123fftf	0102031424ttttf	1 5 1 1 9 2 5 3 4 7 6 7 5 8 4 9 5 10 4 11 5 12 7 2 5 3 ffffttttttttt
12113123fftf	0102031434ttttf	1 5 1 1 11 2 5 3 4 7 6 7 5 8 4 9 5 10 4 11 5 12 7 2 5 3 ffffttttttttt
12113123fftf	0102032424ttttf	1 5 1 1 9 2 5 3 4 7 6 7 5 8 4 9 5 10 4 11 5 12 9 2 5 3 ffffttttttttt
12113123fftf	0102032434ttttf	1 5 1 1 11 2 5 3 4 7 6 7 5 8 4 9 5 10 4 11 5 12 9 2 5 3 ffffttttttttt
12113123fftf	0102033434ttttf	1 5 1 1 11 2 5 3 4 7 6 7 5 8 4 9 5 10 4 11 5 12 11 2 5 3 ffffttttttttt
12113123fftf	0102131414ttttf	1 5 1 1 7 2 5 3 4 7 6 7 5 8 4 9 5 10 7 11 5 12 7 2 5 3 ffffttttttttt
12113123fftf	0102131424ttttf	1 5 1 1 9 2 5 3 4 7 6 7 5 8 4 9 5 10 7 11 5 12 7 2 5 3 ffffttttttttt
12113123fftf	0102131434ttttf	1 5 1 1 11 2 5 3 4 7 6 7 5 8 4 9 5 10 7 11 5 12 7 2 5 3 ffffttttttttt
12113123fftf	0102132424ttttf	1 5 1 1 9 2 5 3 4 7 6 7 5 8 4 9 5 10 7 11 5 12 9 2 5 3 ffffttttttttt
12113123fftf	0102132434ttttf	1 5 1 1 11 2 5 3 4 7 6 7 5 8 4 9 5 10 7 11 5 12 9 2 5 3 ffffttttttttt
12113123fftf	0102133434ttttf	1 5 1 1 11 2 5 3 4 7 6 7 5 8 4 9 5 10 7 11 5 12 11 2 5 3 ffffttttttttt
12113123fftf	0102232424ttttf	1 5 1 1 9 2 5 3 4 7 6 7 5 8 4 9 5 10 9 11 5 12 9 2 5 3 ffffttttttttt
12113123fftf	0102232434ttttf	1 5 1 1 11 2 5 3 4 7 6 7 5 8 4 9 5 10 9 11 5 12 9 2 5 3 ffffttttttttt
12113123fftf	0102233434ttttf	1 5 1 1 11 2 5 3 4 7 6 7 5 8 4 9 5 10 9 11 5 12 11 2 5 3 ffffttttttttt
12113123fftf	0102333434ttttf	1 5 1 1 11 2 5 3 4 7 6 7 5 8 4 9 5 10 11 11 5 12 11 2 5 3 ffffttttttttt
