1211132431fffft	0101tf	1 2 1 1 1 3 2 8 6 4 7 8 6 4 6 5 9 4 7 8 fffffftttt
1211133421fffft	0101tf	1 2 1 1 1 3 3 7 6 4 9 7 6 4 8 4 6 5 9 7 fffffftttt
1211311423fffft	0101tf	1 2 1 1 3 1 1 8 6 4 6 8 6 4 9 4 7 5 6 8 fffffftttt
1211312413fffft	0101tf	1 2 1 1 3 1 2 8 6 4 7 8 6 4 9 4 6 5 7 8 fffffftttt
1211312423fffft	0101tf	1 2 1 1 3 1 2 8 6 4 7 8 6 4 9 4 7 5 7 8 fffffftttt
1211312443fffft	0101tf	1 2 1 1 3 1 2 8 6 4 7 8 6 4 9 4 8 5 7 8 fffffftttt
1211331421fffft	0101tf	1 2 1 1 3 3 1 7 6 4 6 7 6 4 8 4 9 5 6 7 fffffftttt
1211334124fffft	0101tf	1 2 1 1 3 3 9 1 6 4 9 4 6 4 8 5 9 4 7 9 fffffftttt
1211342113fffft	0101tf	1 3 1 1 3 1 2 7 6 4 9 4 6 4 6 5 9 4 8 7 fffffftttt
1211342143fffft	0101tf	1 3 1 1 3 1 2 7 6 4 9 4 6 4 7 5 9 4 8 7 fffffftttt
1211342143ffftf	0101tf	1 2 1 1 7 4 6 3 4 7 9 7 6 3 8 3 7 5 9 7 fffffftttt
1211344123fffft	0101tf	1 2 1 1 3 8 8 1 6 4 8 4 6 4 8 4 9 5 7 8 fffffftttt
1211344123ffftf	0101tf	1 2 1 1 8 4 6 3 2 8 7 8 6 3 8 5 9 3 7 8 fffffftttt
1211344321ffftf	0101tf	1 3 1 1 3 1 9 2 6 4 8 4 6 4 8 4 9 5 7 9 fffffftttt
1223343341ftfff	0101tf	6 2 7 1 3 4 3 3 4 6 9 6 8 1 7 1 7 5 9 6 fffffftttt
1223344144ftfff	0101tf	6 2 8 1 4 3 3 3 3 6 8 6 7 5 9 1 8 1 8 6 fffffftttt
1223443331ftfff	0101tf	6 2 7 1 4 4 3 3 3 6 7 6 8 1 7 1 9 5 7 6 fffffftttt
