0101ft	01020303ffft	1 0 1 2 1 3 1 4 1 4 fffft
0101ft	01020313ffft	1 0 1 2 1 3 1 4 1 4 fffft
0101ft	01020323ffft	1 0 1 2 1 3 1 4 1 4 fffft
0101ft	01020333ffft	1 0 1 2 1 3 1 4 1 4 fffft
0101ft	01021313ffft	1 0 1 2 1 3 1 4 1 4 fffft
0101ft	01021323ffft	1 0 1 2 1 3 1 4 1 4 fffft
0101ft	01021333ffft	1 0 1 2 1 3 1 4 1 4 fffft
0101ft	01022323ffft	1 0 1 2 1 3 1 4 1 4 fffft
0101ft	01022333ffft	1 0 1 2 1 3 1 4 1 4 fffft
0101ft	01023333ffft	1 0 1 2 1 3 1 4 1 4 fffft
0101ft	01121313ffft	1 0 1 2 1 3 1 4 1 4 fffft
0101ft	01121323ffft	1 0 1 2 1 3 1 4 1 4 fffft
0101ft	01121333ffft	1 0 1 2 1 3 1 4 1 4 fffft
0101ft	01122323ffft	1 0 1 2 1 3 1 4 1 4 fffft
0101ft	01122333ffft	1 0 1 2 1 3 1 4 1 4 fffft
0101ft	01123333ffft	1 0 1 2 1 3 1 4 1 4 fffft
0101ft	01222323ffft	1 0 1 2 1 3 1 4 1 4 fffft
0101ft	01222333ffft	1 0 1 2 1 3 1 4 1 4 fffft
0101ft	01223333ffft	1 0 1 2 1 3 1 4 1 4 fffft
0101ft	01232222fftf	1 0 1 2 1 3 1 4 1 4 fffft
0101ft	11121313ffft	1 0 1 2 1 3 1 4 1 4 fffft
0101ft	11121323ffft	1 0 1 2 1 3 1 4 1 4 fffft
0101ft	11121333ffft	1 0 1 2 1 3 1 4 1 4 fffft
0101ft	11122323ffft	1 0 1 2 1 3 1 4 1 4 fffft
0101ft	11122333ffft	1 0 1 2 1 3 1 4 1 4 fffft
0101ft	11123333ffft	1 0 1 2 1 3 1 4 1 4 fffft
0101ft	11222323ffft	1 0 1 2 1 3 1 4 1 4 fffft
0101ft	11222333ffft	1 0 1 2 1 3 1 4 1 4 fffft
0101ft	11223333ffft	1 0 1 2 1 3 1 4 1 4 fffft
0101ft	11232222fftf	1 0 1 2 1 3 1 4 1 4 fffft
0101ft	12111311ftff	1 0 1 2 1 3 1 4 1 4 fffft
0101ft	12131113ffft	1 0 1 2 1 3 1 4 1 4 fffft
0101ft	12131133ffft	1 0 1 2 1 3 1 4 1 4 fffft
