0101ft	0102030404fffft	1 0 1 2 1 3 1 4 1 5 1 5 ffffft
0101ft	0102030414fffft	1 0 1 2 1 3 1 4 1 5 1 5 ffffft
0101ft	0102030424fffft	1 0 1 2 1 3 1 4 1 5 1 5 ffffft
0101ft	0102030434fffft	1 0 1 2 1 3 1 4 1 5 1 5 ffffft
0101ft	0102030444fffft	1 0 1 2 1 3 1 4 1 5 1 5 ffffft
0101ft	0102031414fffft	1 0 1 2 1 3 1 4 1 5 1 5 ffffft
0101ft	0102031424fffft	1 0 1 2 1 3 1 4 1 5 1 5 ffffft
0101ft	0102031434fffft	1 0 1 2 1 3 1 4 1 5 1 5 ffffft
0101ft	0102031444fffft	1 0 1 2 1 3 1 4 1 5 1 5 ffffft
0101ft	0102032424fffft	1 0 1 2 1 3 1 4 1 5 1 5 ffffft
0101ft	0102032434fffft	1 0 1 2 1 3 1 4 1 5 1 5 ffffft
0101ft	0102032444fffft	1 0 1 2 1 3 1 4 1 5 1 5 ffffft
0101ft	0102033434fffft	1 0 1 2 1 3 1 4 1 5 1 5 ffffft
0101ft	0102033444fffft	1 0 1 2 1 3 1 4 1 5 1 5 ffffft
0101ft	0102034444fffft	1 0 1 2 1 3 1 4 1 5 1 5 ffffft
0101ft	0102131414fffft	1 0 1 2 1 3 1 4 1 5 1 5 ffffft
0101ft	0102131424fffft	1 0 1 2 1 3 1 4 1 5 1 5 ffffft
0101ft	0102131434fffft	1 0 1 2 1 3 1 4 1 5 1 5 ffffft
0101ft	0102131444fffft	1 0 1 2 1 3 1 4 1 5 1 5 ffffft
0101ft	0102132424fffft	1 0 1 2 1 3 1 4 1 5 1 5 ffffft
0101ft	0102132434fffft	1 0 1 2 1 3 1 4 1 5 1 5 ffffft
0101ft	0102132444fffft	1 0 1 2 1 3 1 4 1 5 1 5 ffffft
0101ft	0102133434fffft	1 0 1 2 1 3 1 4 1 5 1 5 ffffft
0101ft	0102133444fffft	1 0 1 2 1 3 1 4 1 5 1 5 ffffft
0101ft	0102134444fffft	1 0 1 2 1 3 1 4 1 5 1 5 ffffft
0101ft	0102232424fffft	1 0 1 2 1 3 1 4 1 5 1 5 ffffft
0101ft	0102232434fffft	1 0 1 2 1 3 1 4 1 5 1 5 ffffft
0101ft	0102232444fffft	1 0 1 2 1 3 1 4 1 5 1 5 ffffft
0101ft	0102233434fffft	1 0 1 2 1 3 1 4 1 5 1 5 ffffft
0101ft	0102233444fffft	1 0 1 2 1 3 1 4 1 5 1 5 ffffft
0101ft	0102234444fffft	1 0 1 2 1 3 1 4 1 5 1 5 ffffft
0101ft	0102333434fffft	1 0 1 2 1 3 1 4 1 5 1 5 ffffft
0101ft	0102333444fffft	1 0 1 2 1 3 1 4 1 5 1 5 ffffft
0101ft	0102334444fffft	1 0 1 2 1 3 1 4 1 5 1 5 ffffft
0101ft	0102343333ffftf	1 0 1 2 1 3 1 4 1 5 1 5 ffffft
0101ft	0112131414fffft	1 0 1 2 1 3 1 4 1 5 1 5 ffffft
0101ft	0112131424fffft	1 0 1 2 1 3 1 4 1 5 1 5 ffffft
0101ft	0112131434fffft	1 0 1 2 1 3 1 4 1 5 1 5 ffffft
0101ft	0112131444fffft	1 0 1 2 1 3 1 4 1 5 1 5 ffffft
0101ft	0112132424fffft	1 0 1 2 1 3 1 4 1 5 1 5 ffffft
0101ft	0112132434fffft	1 0 1 2 1 3 1 4 1 5 1 5 ffffft
0101ft	0112132444fffft	1 0 1 2 1 3 1 4 1 5 1 5 ffffft
0101ft	0112133434fffft	1 0 1 2 1 3 1 4 1 5 1 5 ffffft
0101ft	0112133444fffft	1 0 1 2 1 3 1 4 1 5 1 5 ffffft
0101ft	0112134444fffft	1 0 1 2 1 3 1 4 1 5 1 5 ffffft
0101ft	0112232424fffft	1 0 1 2 1 3 1 4 1 5 1 5 ffffft
0101ft	0112232434fffft	1 0 1 2 1 3 1 4 1 5 1 5 ffffft
0101ft	0112232444fffft	1 0 1 2 1 3 1 4 1 5 1 5 ffffft
0101ft	0112233434fffft	1 0 1 2 1 3 1 4 1 5 1 5 ffffft
0101ft	0112233444fffft	1 0 1 2 1 3 1 4 1 5 1 5 ffffft
0101ft	0112234444fffft	1 0 1 2 1 3 1 4 1 5 1 5 ffffft
0101ft	0112333434fffft	1 0 1 2 1 3 1 4 1 5 1 5 ffffft
0101ft	0112333444fffft	1 0 1 2 1 3 1 4 1 5 1 5 ffffft
0101ft	0112334444fffft	1 0 1 2 1 3 1 4 1 5 1 5 ffffft
0101ft	0112343333ffftf	1 0 1 2 1 3 1 4 1 5 1 5 ffffft
0101ft	0122232424fffft	1 0 1 2 1 3 1 4 1 5 1 5 ffffft
0101ft	0122232434fffft	1 0 1 2 1 3 1 4 1 5 1 5 ffffft
0101ft	0122232444fffft	1 0 1 2 1 3 1 4 1 5 1 5 ffffft
0101ft	0122233434fffft	1 0 1 2 1 3 1 4 1 5 1 5 ffffft
0101ft	0122233444fffft	1 0 1 2 1 3 1 4 1 5 1 5 ffffft
0101ft	0122234444fffft	1 0 1 2 1 3 1 4 1 5 1 5 ffffft
0101ft	0122333434fffft	1 0 1 2 1 3 1 4 1 5 1 5 ffffft
0101ft	0122333444fffft	1 0 1 2 1 3 1 4 1 5 1 5 ffffft
0101ft	0122334444fffft	1 0 1 2 1 3 1 4 1 5 1 5 ffffft
0101ft	0122343333ffftf	1 0 1 2 1 3 1 4 1 5 1 5 ffffft
0101ft	0123222422fftff	1 0 1 2 1 3 1 4 1 5 1 5 ffffft
0101ft	0123242224fffft	1 0 1 2 1 3 1 4 1 5 1 5 ffffft
0101ft	0123242244fffft	1 0 1 2 1 3 1 4 1 5 1 5 ffffft
0101ft	0123442244fffft	1 0 1 2 1 3 1 4 1 5 1 5 ffffft
0101ft	0123444244fffft	1 0 1 2 1 3 1 4 1 5 1 5 ffffft
0101ft	1112131414fffft	1 0 1 2 1 3 1 4 1 5 1 5 ffffft
0101ft	1112131424fffft	1 0 1 2 1 3 1 4 1 5 1 5 ffffft
0101ft	1112131434fffft	1 0 1 2 1 3 1 4 1 5 1 5 ffffft
0101ft	1112131444fffft	1 0 1 2 1 3 1 4 1 5 1 5 ffffft
0101ft	1112132424fffft	1 0 1 2 1 3 1 4 1 5 1 5 ffffft
0101ft	1112132434fffft	1 0 1 2 1 3 1 4 1 5 1 5 ffffft
0101ft	1112132444fffft	1 0 1 2 1 3 1 4 1 5 1 5 ffffft
0101ft	1112133434fffft	1 0 1 2 1 3 1 4 1 5 1 5 ffffft
0101ft	1112133444fffft	1 0 1 2 1 3 1 4 1 5 1 5 ffffft
0101ft	1112134444fffft	1 0 1 2 1 3 1 4 1 5 1 5 ffffft
0101ft	1112232424fffft	1 0 1 2 1 3 1 4 1 5 1 5 ffffft
0101ft	1112232434fffft	1 0 1 2 1 3 1 4 1 5 1 5 ffffft
0101ft	1112232444fffft	1 0 1 2 1 3 1 4 1 5 1 5 ffffft
0101ft	1112233434fffft	1 0 1 2 1 3 1 4 1 5 1 5 ffffft
0101ft	1112233444fffft	1 0 1 2 1 3 1 4 1 5 1 5 ffffft
0101ft	1112234444fffft	1 0 1 2 1 3 1 4 1 5 1 5 ffffft
0101ft	1112333434fffft	1 0 1 2 1 3 1 4 1 5 1 5 ffffft
0101ft	1112333444fffft	1 0 1 2 1 3 1 4 1 5 1 5 ffffft
0101ft	1112334444fffft	1 0 1 2 1 3 1 4 1 5 1 5 ffffft
0101ft	1112343333ffftf	1 0 1 2 1 3 1 4 1 5 1 5 ffffft
0101ft	1122232424fffft	1 0 1 2 1 3 1 4 1 5 1 5 ffffft
0101ft	1122232434fffft	1 0 1 2 1 3 1 4 1 5 1 5 ffffft
0101ft	1122232444fffft	1 0 1 2 1 3 1 4 1 5 1 5 ffffft
0101ft	1122233434fffft	1 0 1 2 1 3 1 4 1 5 1 5 ffffft
0101ft	1122233444fffft	1 0 1 2 1 3 1 4 1 5 1 5 ffffft
0101ft	1122234444fffft	1 0 1 2 1 3 1 4 1 5 1 5 ffffft
0101ft	1122333434fffft	1 0 1 2 1 3 1 4 1 5 1 5 ffffft
0101ft	1122333444fffft	1 0 1 2 1 3 1 4 1 5 1 5 ffffft
0101ft	1122334444fffft	1 0 1 2 1 3 1 4 1 5 1 5 ffffft
0101ft	1122343333ffftf	1 0 1 2 1 3 1 4 1 5 1 5 ffffft
0101ft	1123222422fftff	1 0 1 2 1 3 1 4 1 5 1 5 ffffft
0101ft	1123242224fffft	1 0 1 2 1 3 1 4 1 5 1 5 ffffft
0101ft	1123242244fffft	1 0 1 2 1 3 1 4 1 5 1 5 ffffft
0101ft	1211131411ftfff	1 0 1 2 1 3 1 4 1 5 1 5 ffffft
0101ft	1213111414fffft	1 0 1 2 1 3 1 4 1 5 1 5 ffffft
0101ft	1213111434fffft	1 0 1 2 1 3 1 4 1 5 1 5 ffffft
0101ft	1213111444fffft	1 0 1 2 1 3 1 4 1 5 1 5 ffffft
0101ft	1213113434fffft	1 0 1 2 1 3 1 4 1 5 1 5 ffffft
0101ft	1213113444fffft	1 0 1 2 1 3 1 4 1 5 1 5 ffffft
0101ft	1213114444fffft	1 0 1 2 1 3 1 4 1 5 1 5 ffffft
0101ft	1213141311ffftf	1 0 1 2 1 3 1 4 1 5 1 5 ffffft
0101ft	1213143311ffftf	1 0 1 2 1 3 1 4 1 5 1 5 ffffft
0101ft	1233343331ffftf	1 0 1 2 1 3 1 4 1 5 1 5 ffffft
