0102034301fffft	0111ft	1 0 2 0 3 0 3 5 6 7 4 7 3 7 8 7 9 7 10 7 10 5 ffffffftttt
0102034311fffft	0111ft	1 0 2 0 3 0 3 5 6 7 4 8 3 7 8 7 9 7 10 7 10 5 ffffffftttt
0102034321fffft	0111ft	1 0 2 0 3 0 3 5 6 7 4 9 3 7 8 7 9 7 10 7 10 5 ffffffftttt
0102034331fffft	0111ft	1 0 2 0 3 0 3 6 5 7 3 7 4 10 8 7 9 7 10 7 10 6 ffffffftttt
0102034341fffft	0111ft	1 0 2 0 3 0 3 4 5 4 6 7 3 7 8 7 9 7 10 7 10 4 ffffffftttt
0102324101fffft	0111ft	1 0 2 0 2 3 1 5 6 7 4 7 6 10 8 7 9 7 9 10 8 5 ffffffftttt
0102324111fffft	0111ft	1 0 2 0 2 3 1 5 6 7 4 8 6 10 8 7 9 7 9 10 8 5 ffffffftttt
0102324121fffft	0111ft	1 0 2 0 2 3 1 5 6 7 4 9 6 10 8 7 9 7 9 10 8 5 ffffffftttt
0102324131fffft	0111ft	1 0 2 0 2 3 1 6 5 7 5 10 4 10 8 7 9 7 9 10 8 6 ffffffftttt
0102324141fffft	0111ft	1 0 2 0 2 3 1 4 5 4 6 7 6 10 8 7 9 7 9 10 8 4 ffffffftttt
0102324201fffft	0111ft	1 0 2 0 2 3 2 5 6 7 4 7 6 10 8 7 9 7 9 10 9 5 ffffffftttt
0102324203fffft	0111ft	1 0 2 0 2 3 2 6 5 6 5 10 4 7 8 7 9 7 9 10 9 6 ffffffftttt
0102324211fffft	0111ft	1 0 2 0 2 3 2 5 6 7 4 8 6 10 8 7 9 7 9 10 9 5 ffffffftttt
0102324213fffft	0101ft	1 0 2 0 2 3 2 7 6 7 6 8 6 10 4 9 5 8 6 8 6 7 ffffffffttt
0102324213fffft	0111ft	1 0 2 0 2 3 2 6 5 6 5 10 4 8 8 7 9 7 9 10 9 6 ffffffftttt
0102324221fffft	0111ft	1 0 2 0 2 3 2 5 6 7 4 9 6 10 8 7 9 7 9 10 9 5 ffffffftttt
0102324231fffft	0111ft	1 0 2 0 2 3 2 6 5 7 5 10 4 10 8 7 9 7 9 10 9 6 ffffffftttt
0102324241fffft	0111ft	1 0 2 0 2 3 2 4 5 4 6 7 6 10 8 7 9 7 9 10 9 4 ffffffftttt
0121034103fffft	0111ft	1 0 1 2 3 0 1 6 5 6 5 9 4 7 8 7 8 9 10 7 8 6 ffffffftttt
0121034113fffft	0111ft	1 0 1 2 3 0 1 6 5 6 5 9 4 8 8 7 8 9 10 7 8 6 ffffffftttt
0121034123fffft	0111ft	1 0 1 2 3 0 1 6 5 6 5 9 4 9 8 7 8 9 10 7 8 6 ffffffftttt
0121034133fffft	0111ft	1 0 1 2 3 0 1 6 5 6 5 9 4 10 8 7 8 9 10 7 8 6 ffffffftttt
0121034143fffft	0111ft	1 0 1 2 3 0 1 4 5 4 6 4 6 9 8 7 8 9 10 7 8 4 ffffffftttt
0121314243fffft	0111ft	1 0 1 2 1 3 2 4 5 4 7 4 6 9 6 10 8 9 8 10 9 4 ffffffffttt
0121343231ffftf	0111ft	1 0 1 2 3 4 1 4 5 4 6 4 7 4 7 9 8 9 10 4 8 4 ffffffffttt
