0102132434fffft	0102033444fffft	1 0 2 0 3 1 7 2 5 8 6 9 7 10 7 11 4 12 5 12 6 13 7 14 4 16 5 16 6 15 17 19 15 19 18 20 7 21 20 19 21 19 22 20 7 21 ffffffffffffffffffftttt
0102132434fffft	0102342144ffftt	1 0 2 0 3 1 7 2 5 8 6 9 7 10 7 11 4 12 5 12 6 13 7 14 16 19 17 19 18 20 7 21 14 8 15 9 7 10 20 19 21 19 22 20 7 21 ffffffffffffffffttttttt
0102324101fffft	0112233444fffft	1 0 2 0 2 3 1 6 4 8 4 9 5 9 7 12 10 6 10 13 7 13 11 15 14 6 14 17 11 17 16 6 18 19 16 19 18 22 20 19 21 19 21 22 20 6 ffffffffffffffffffftttt
0102324111fffft	0112233444fffft	1 0 2 0 2 3 1 6 4 8 4 9 5 10 7 12 10 6 10 13 7 13 11 15 14 6 14 17 11 17 16 6 18 19 16 19 18 22 20 19 21 19 21 22 20 6 ffffffffffffffffffftttt
0102324121fffft	0112233444fffft	1 0 2 0 2 3 1 5 4 8 6 7 4 9 7 12 10 5 10 13 7 13 11 15 14 5 14 17 11 17 16 5 18 19 16 19 18 22 20 19 21 19 21 22 20 5 ffffffffffffffffffftttt
0102324131fffft	0112233444fffft	1 0 2 0 2 3 1 5 4 8 6 8 4 9 7 12 10 5 10 13 7 13 11 15 14 5 14 17 11 17 16 5 18 19 16 19 18 22 20 19 21 19 21 22 20 5 ffffffffffffffffffftttt
0102324141fffft	0112233444fffft	1 0 2 0 2 3 1 5 4 8 6 5 4 9 7 12 10 5 10 13 7 13 11 15 14 5 14 17 11 17 16 5 18 19 16 19 18 22 20 19 21 19 21 22 20 5 ffffffffffffffffffftttt
0102324201fffft	0112233444fffft	1 0 2 0 2 4 3 5 2 8 6 8 6 9 3 10 7 10 12 8 11 13 6 13 12 15 14 17 12 17 18 8 18 19 16 19 18 22 20 19 21 19 21 22 21 8 ffffffffffffffffffftttt
0102324203fffft	0112233444fffft	1 0 2 0 2 4 3 6 2 8 3 8 7 8 7 9 5 10 12 8 11 13 7 13 12 15 14 17 12 17 18 8 18 19 16 19 18 22 20 19 21 19 21 22 21 8 ffffffffffffffffffftttt
0102324211fffft	0112233444fffft	1 0 2 0 2 4 3 5 2 8 6 8 6 9 3 10 7 11 12 8 11 13 6 13 12 15 14 17 12 17 18 8 18 19 16 19 18 22 20 19 21 19 21 22 21 8 ffffffffffffffffffftttt
0102324221fffft	0112233444fffft	1 0 2 0 2 4 3 5 2 6 7 6 8 7 7 9 3 10 12 6 11 13 7 13 12 15 14 17 12 17 18 6 18 19 16 19 18 22 20 19 21 19 21 22 21 6 ffffffffffffffffffftttt
0102324231fffft	0112233444fffft	1 0 2 0 2 4 3 5 2 6 7 6 8 5 7 9 3 10 12 6 11 13 7 13 12 15 14 17 12 17 18 6 18 19 16 19 18 22 20 19 21 19 21 22 21 6 ffffffffffffffffffftttt
0102324241fffft	0112233444fffft	1 0 2 0 2 4 3 5 2 6 7 6 8 6 7 9 3 10 12 6 11 13 7 13 12 15 14 17 12 17 18 6 18 19 16 19 18 22 20 19 21 19 21 22 21 6 ffffffffffffffffffftttt
0121034103fffft	0112233444fffft	1 0 1 2 3 0 1 6 5 6 5 10 4 8 9 6 9 12 9 14 7 12 13 6 13 17 13 18 11 17 16 6 16 21 16 19 15 19 20 19 20 21 22 19 20 6 ffffffffffffffffffftttt
