121121fft	01122333ffft	2 1 1 1 3 2 3 4 4 5 5 6 6 6 fffffft
121121fft	01123233ffft	2 1 1 1 3 2 3 4 4 5 6 5 6 6 fffffft
121121fft	01123333ffft	2 1 1 1 3 2 3 4 4 5 6 6 6 6 fffffft
121121fft	01212333ffft	2 1 1 1 3 2 3 4 5 4 5 6 6 6 fffffft
121121fft	01213233ffft	2 1 1 1 3 2 3 4 5 4 6 5 6 6 fffffft
121121fft	01213333ffft	2 1 1 1 3 2 3 4 5 4 6 6 6 6 fffffft
121121fft	01222333ffft	2 1 1 1 3 2 3 4 5 5 5 6 6 6 fffffft
121121fft	01223233ffft	2 1 1 1 3 2 3 4 5 5 6 5 6 6 fffffft
121121fft	01223333ffft	2 1 1 1 3 2 3 4 5 5 6 6 6 6 fffffft
121121fft	01232222fftf	2 1 1 1 3 2 3 4 6 5 6 6 6 6 fffffft
121121fft	01233333ffft	2 1 1 1 3 2 3 4 5 6 6 6 6 6 fffffft
