121121fft	0112233444fffft	2 1 1 1 3 2 3 4 4 5 5 6 6 7 7 7 ffffffft
121121fft	0112234344fffft	2 1 1 1 3 2 3 4 4 5 5 6 7 6 7 7 ffffffft
121121fft	0112234444fffft	2 1 1 1 3 2 3 4 4 5 5 6 7 7 7 7 ffffffft
121121fft	0112323444fffft	2 1 1 1 3 2 3 4 4 5 6 5 6 7 7 7 ffffffft
121121fft	0112324344fffft	2 1 1 1 3 2 3 4 4 5 6 5 7 6 7 7 ffffffft
121121fft	0112324444fffft	2 1 1 1 3 2 3 4 4 5 6 5 7 7 7 7 ffffffft
121121fft	0112333444fffft	2 1 1 1 3 2 3 4 4 5 6 6 6 7 7 7 ffffffft
121121fft	0112334344fffft	2 1 1 1 3 2 3 4 4 5 6 6 7 6 7 7 ffffffft
121121fft	0112334444fffft	2 1 1 1 3 2 3 4 4 5 6 6 7 7 7 7 ffffffft
121121fft	0112343333ffftf	2 1 1 1 3 2 3 4 4 5 7 6 7 7 7 7 ffffffft
121121fft	0112344444fffft	2 1 1 1 3 2 3 4 4 5 6 7 7 7 7 7 ffffffft
121121fft	0121233444fffft	2 1 1 1 3 2 3 4 5 4 5 6 6 7 7 7 ffffffft
121121fft	0121234344fffft	2 1 1 1 3 2 3 4 5 4 5 6 7 6 7 7 ffffffft
121121fft	0121234444fffft	2 1 1 1 3 2 3 4 5 4 5 6 7 7 7 7 ffffffft
121121fft	0121323444fffft	2 1 1 1 3 2 3 4 5 4 6 5 6 7 7 7 ffffffft
121121fft	0121324344fffft	2 1 1 1 3 2 3 4 5 4 6 5 7 6 7 7 ffffffft
121121fft	0121324444fffft	2 1 1 1 3 2 3 4 5 4 6 5 7 7 7 7 ffffffft
121121fft	0121333444fffft	2 1 1 1 3 2 3 4 5 4 6 6 6 7 7 7 ffffffft
121121fft	0121334344fffft	2 1 1 1 3 2 3 4 5 4 6 6 7 6 7 7 ffffffft
121121fft	0121334444fffft	2 1 1 1 3 2 3 4 5 4 6 6 7 7 7 7 ffffffft
121121fft	0121343333ffftf	2 1 1 1 3 2 3 4 5 4 7 6 7 7 7 7 ffffffft
121121fft	0121344444fffft	2 1 1 1 3 2 3 4 5 4 6 7 7 7 7 7 ffffffft
121121fft	0122233444fffft	2 1 1 1 3 2 3 4 5 5 5 6 6 7 7 7 ffffffft
121121fft	0122234344fffft	2 1 1 1 3 2 3 4 5 5 5 6 7 6 7 7 ffffffft
121121fft	0122234444fffft	2 1 1 1 3 2 3 4 5 5 5 6 7 7 7 7 ffffffft
121121fft	0122323444fffft	2 1 1 1 3 2 3 4 5 5 6 5 6 7 7 7 ffffffft
121121fft	0122324344fffft	2 1 1 1 3 2 3 4 5 5 6 5 7 6 7 7 ffffffft
121121fft	0122324444fffft	2 1 1 1 3 2 3 4 5 5 6 5 7 7 7 7 ffffffft
121121fft	0122333444fffft	2 1 1 1 3 2 3 4 5 5 6 6 6 7 7 7 ffffffft
121121fft	0122334344fffft	2 1 1 1 3 2 3 4 5 5 6 6 7 6 7 7 ffffffft
121121fft	0122334444fffft	2 1 1 1 3 2 3 4 5 5 6 6 7 7 7 7 ffffffft
121121fft	0122343333ffftf	2 1 1 1 3 2 3 4 5 5 7 6 7 7 7 7 ffffffft
121121fft	0122344444fffft	2 1 1 1 3 2 3 4 5 5 6 7 7 7 7 7 ffffffft
121121fft	0123222422fftff	2 1 1 1 3 2 3 4 7 5 7 6 7 7 7 7 ffffffft
121121fft	0123242244fffft	2 1 1 1 3 2 3 4 6 5 6 6 6 7 7 7 ffffffft
121121fft	0123244344fffft	2 1 1 1 3 2 3 4 5 6 5 7 7 6 7 7 ffffffft
121121fft	0123244444fffft	2 1 1 1 3 2 3 4 5 6 5 7 7 7 7 7 ffffffft
121121fft	0123333444fffft	2 1 1 1 3 2 3 4 5 6 6 6 6 7 7 7 ffffffft
121121fft	0123334344fffft	2 1 1 1 3 2 3 4 5 6 6 6 7 6 7 7 ffffffft
121121fft	0123334444fffft	2 1 1 1 3 2 3 4 5 6 6 6 7 7 7 7 ffffffft
121121fft	0123344444fffft	2 1 1 1 3 2 3 4 5 6 6 7 7 7 7 7 ffffffft
121121fft	0123422244fffft	2 1 1 1 3 2 3 4 6 5 6 6 7 6 7 7 ffffffft
121121fft	0123433333ffftf	2 1 1 1 3 2 3 4 5 7 6 7 7 7 7 7 ffffffft
121121fft	0123434444fffft	2 1 1 1 3 2 3 4 5 6 7 6 7 7 7 7 ffffffft
121121fft	0123442244fffft	2 1 1 1 3 2 3 4 6 5 6 6 7 7 7 7 ffffffft
121121fft	0123442444fffft	2 1 1 1 3 2 3 4 5 6 7 7 5 7 7 7 ffffffft
121121fft	0123444244fffft	2 1 1 1 3 2 3 4 5 6 7 7 7 5 7 7 ffffffft
121121fft	0123444344fffft	2 1 1 1 3 2 3 4 5 6 7 7 7 6 7 7 ffffffft
