12111321ffft	011222fft	2 1 1 1 4 1 3 5 3 6 5 7 4 7 7 7 ffffffft
12111321ffft	012122fft	2 1 1 1 3 1 4 5 4 6 3 6 7 6 7 7 ffffffft
12111321ffft	012222fft	2 1 1 1 4 1 3 5 3 6 7 7 4 7 7 7 ffffffft
12113121ffft	011222fft	2 1 1 1 1 3 4 5 4 6 6 3 6 7 7 7 ffffffft
12113121ffft	012122fft	2 1 1 1 1 4 3 5 3 6 7 5 7 4 7 7 ffffffft
12113121ffft	012222fft	2 1 1 1 1 4 3 5 3 6 7 7 7 4 7 7 ffffffft
12113123fftf	012122fft	3 1 1 1 2 4 2 5 6 4 7 3 6 6 7 3 fffffftt
12113123fftf	012222fft	3 1 1 1 2 4 2 5 6 6 7 3 6 6 7 3 fffffftt
12113321fftf	011222fft	2 1 1 1 3 5 4 2 4 6 6 2 6 7 7 7 ffffffft
12113321fftf	012122fft	4 1 1 1 3 4 3 5 2 6 7 5 7 4 7 7 ffffffft
12113321fftf	012222fft	4 1 1 1 3 4 3 5 2 6 7 7 7 4 7 7 ffffffft
12233133fftf	011222fft	4 1 2 4 2 2 5 4 3 6 5 6 6 7 7 7 ffffffft
12233133fftf	012122fft	4 1 2 4 2 2 5 4 3 6 5 6 7 6 7 7 ffffffft
12233133fftf	012222fft	4 1 2 4 2 2 5 4 3 6 5 6 7 7 7 7 ffffffft
