12113123fftf	0121324344fffft	3 1 1 1 2 4 2 5 6 4 7 3 8 6 9 3 10 8 11 3 10 10 11 3 fffffffffftt
12113123fftf	0121324444fffft	3 1 1 1 2 4 2 5 6 4 7 3 8 6 9 3 10 10 11 3 10 10 11 3 fffffffffftt
12113123fftf	0121334344fffft	3 1 1 1 2 4 2 5 6 4 7 3 8 8 9 3 10 8 11 3 10 10 11 3 fffffffffftt
12113123fftf	0121334444fffft	3 1 1 1 2 4 2 5 6 4 7 3 8 8 9 3 10 10 11 3 10 10 11 3 fffffffffftt
12113123fftf	0121344444fffft	2 1 1 1 3 4 3 5 6 2 7 5 9 2 8 10 10 10 11 2 10 10 11 2 fffffffffftt
12113123fftf	0122324344fffft	3 1 1 1 2 4 2 5 6 6 7 3 8 6 9 3 10 8 11 3 10 10 11 3 fffffffffftt
12113123fftf	0122324444fffft	3 1 1 1 2 4 2 5 6 6 7 3 8 6 9 3 10 10 11 3 10 10 11 3 fffffffffftt
12113123fftf	0122334344fffft	3 1 1 1 2 4 2 5 6 6 7 3 8 8 9 3 10 8 11 3 10 10 11 3 fffffffffftt
12113123fftf	0122334444fffft	3 1 1 1 2 4 2 5 6 6 7 3 8 8 9 3 10 10 11 3 10 10 11 3 fffffffffftt
12113123fftf	0122344444fffft	2 1 1 1 3 4 3 5 6 2 7 7 9 2 8 10 10 10 11 2 10 10 11 2 fffffffffftt
12113123fftf	0123334344fffft	2 1 1 1 3 4 3 5 7 2 6 8 8 8 9 2 10 8 11 2 10 10 11 2 fffffffffftt
12113123fftf	0123334444fffft	2 1 1 1 3 4 3 5 7 2 6 8 8 8 9 2 10 10 11 2 10 10 11 2 fffffffffftt
12113123fftf	0123344444fffft	2 1 1 1 3 4 3 5 6 2 7 8 9 2 8 10 10 10 11 2 10 10 11 2 fffffffffftt
12113123fftf	0123433333ffftf	2 1 1 1 4 3 5 2 4 6 9 2 7 10 8 10 10 10 11 2 10 10 11 2 fffffffffftt
