0111tf	0102034444ffftf	2 0 1 1 2 3 2 4 2 5 1 1 ffffft
0111tf	0102134444ffftf	2 0 1 1 2 3 2 4 3 5 1 1 ffffft
0111tf	0102234444ffftf	2 0 1 1 2 3 2 4 4 5 1 1 ffffft
0111tf	0102304444ffftf	2 0 1 1 2 3 2 4 5 2 1 1 ffffft
0111tf	0102314444ffftf	2 0 1 1 2 3 2 4 5 3 1 1 ffffft
0111tf	0102324444ffftf	2 0 1 1 2 3 2 4 5 4 1 1 ffffft
0111tf	0102334444ffftf	2 0 1 1 2 3 2 4 5 5 1 1 ffffft
0111tf	0102343333fffft	2 0 1 1 2 3 2 4 1 5 1 1 ffffft
0111tf	0102344444ffftf	2 0 1 1 2 3 2 4 5 1 1 1 ffffft
0111tf	0112034444ffftf	2 0 1 1 2 3 3 4 2 5 1 1 ffffft
0111tf	0112134444ffftf	2 0 1 1 2 3 3 4 3 5 1 1 ffffft
0111tf	0112234444ffftf	2 0 1 1 2 3 3 4 4 5 1 1 ffffft
0111tf	0112304444ffftf	2 0 1 1 2 3 3 4 5 2 1 1 ffffft
0111tf	0112314444ffftf	2 0 1 1 2 3 3 4 5 3 1 1 ffffft
0111tf	0112324444ffftf	2 0 1 1 2 3 3 4 5 4 1 1 ffffft
0111tf	0112334444ffftf	2 0 1 1 2 3 3 4 5 5 1 1 ffffft
0111tf	0112343333fffft	2 0 1 1 2 3 3 4 1 5 1 1 ffffft
0111tf	0112344444ffftf	2 0 1 1 2 3 3 4 5 1 1 1 ffffft
0111tf	0120034444ffftf	2 0 1 1 2 3 4 2 2 5 1 1 ffffft
0111tf	0120134444ffftf	2 0 1 1 2 3 4 2 3 5 1 1 ffffft
0111tf	0120234444ffftf	2 0 1 1 2 3 4 2 4 5 1 1 ffffft
0111tf	0120304444ffftf	2 0 1 1 2 3 4 2 5 2 1 1 ffffft
0111tf	0120314444ffftf	2 0 1 1 2 3 4 2 5 3 1 1 ffffft
0111tf	0120324444ffftf	2 0 1 1 2 3 4 2 5 4 1 1 ffffft
0111tf	0120334444ffftf	2 0 1 1 2 3 4 2 5 5 1 1 ffffft
0111tf	0120343333fffft	2 0 1 1 2 3 4 2 1 5 1 1 ffffft
0111tf	0120344444ffftf	2 0 1 1 2 3 4 2 5 1 1 1 ffffft
0111tf	0121034444ffftf	2 0 1 1 2 3 4 3 2 5 1 1 ffffft
0111tf	0121134444ffftf	2 0 1 1 2 3 4 3 3 5 1 1 ffffft
0111tf	0121234444ffftf	2 0 1 1 2 3 4 3 4 5 1 1 ffffft
0111tf	0121304444ffftf	2 0 1 1 2 3 4 3 5 2 1 1 ffffft
0111tf	0121314444ffftf	2 0 1 1 2 3 4 3 5 3 1 1 ffffft
0111tf	0121324444ffftf	2 0 1 1 2 3 4 3 5 4 1 1 ffffft
0111tf	0121334444ffftf	2 0 1 1 2 3 4 3 5 5 1 1 ffffft
0111tf	0121343333fffft	2 0 1 1 2 3 4 3 1 5 1 1 ffffft
0111tf	0121344444ffftf	2 0 1 1 2 3 4 3 5 1 1 1 ffffft
0111tf	0122034444ffftf	2 0 1 1 2 3 4 4 2 5 1 1 ffffft
0111tf	0122134444ffftf	2 0 1 1 2 3 4 4 3 5 1 1 ffffft
0111tf	0122234444ffftf	2 0 1 1 2 3 4 4 4 5 1 1 ffffft
0111tf	0122304444ffftf	2 0 1 1 2 3 4 4 5 2 1 1 ffffft
0111tf	0122314444ffftf	2 0 1 1 2 3 4 4 5 3 1 1 ffffft
0111tf	0122324444ffftf	2 0 1 1 2 3 4 4 5 4 1 1 ffffft
0111tf	0122334444ffftf	2 0 1 1 2 3 4 4 5 5 1 1 ffffft
0111tf	0122343333fffft	2 0 1 1 2 3 4 4 1 5 1 1 ffffft
0111tf	0122344444ffftf	2 0 1 1 2 3 4 4 5 1 1 1 ffffft
0111tf	0123004444ffftf	3 0 3 3 2 2 3 4 1 5 2 2 ffffft
0111tf	0123034444ffftf	2 0 1 1 2 3 4 5 2 5 1 1 ffffft
0111tf	0123043333fffft	2 0 1 1 2 3 4 1 2 5 1 1 ffffft
0111tf	0123044444ffftf	3 0 3 2 2 2 3 4 1 5 2 2 ffffft
0111tf	0123104444ffftf	2 0 1 1 2 4 4 2 3 5 1 1 ffffft
0111tf	0123114444ffftf	2 0 1 1 2 4 4 4 3 5 1 1 ffffft
0111tf	0123124444ffftf	2 0 1 1 2 4 4 3 3 5 1 1 ffffft
0111tf	0123143333fffft	2 0 1 1 2 3 4 1 3 5 1 1 ffffft
0111tf	0123144444ffftf	2 0 1 1 2 4 4 1 3 5 1 1 ffffft
0111tf	0123204444ffftf	3 0 1 3 2 2 3 4 1 5 2 2 ffffft
0111tf	0123220422fffft	2 0 1 1 2 3 1 4 2 5 1 1 ffffft
0111tf	0123221422fffft	2 0 1 1 2 3 1 4 3 5 1 1 ffffft
0111tf	0123222422fffft	2 0 1 1 2 3 1 4 1 5 1 1 ffffft
0111tf	0123223422fffft	2 0 1 1 2 3 1 4 4 5 1 1 ffffft
0111tf	0123224022fffft	2 0 1 1 2 3 1 4 5 2 1 1 ffffft
0111tf	0123224122fffft	2 0 1 1 2 3 1 4 5 3 1 1 ffffft
0111tf	0123224222fffft	2 0 1 1 2 3 1 4 5 1 1 1 ffffft
0111tf	0123224322fffft	2 0 1 1 2 3 1 4 5 4 1 1 ffffft
0111tf	0123224422fffft	2 0 1 1 2 3 1 4 5 5 1 1 ffffft
0111tf	0123243333fffft	2 0 1 1 2 3 4 1 4 5 1 1 ffffft
0111tf	0123304444ffftf	2 0 1 1 2 3 4 5 5 2 1 1 ffffft
0111tf	0123314444ffftf	2 0 1 1 2 3 4 5 5 3 1 1 ffffft
0111tf	0123324444ffftf	2 0 1 1 2 3 4 5 5 4 1 1 ffffft
0111tf	0123334444ffftf	2 0 1 1 2 3 4 5 5 5 1 1 ffffft
0111tf	0123343333fffft	2 0 1 1 2 3 4 1 1 5 1 1 ffffft
0111tf	0123344444ffftf	2 0 1 1 2 3 4 5 5 1 1 1 ffffft
0111tf	0123403333fffft	2 0 1 1 2 3 4 1 5 2 1 1 ffffft
0111tf	0123404444ffftf	3 0 2 3 2 2 3 4 1 5 2 2 ffffft
0111tf	0123413333fffft	2 0 1 1 2 3 4 1 5 3 1 1 ffffft
0111tf	0123414444ffftf	2 0 1 1 2 4 1 4 3 5 1 1 ffffft
0111tf	0123423333fffft	2 0 1 1 2 3 4 1 5 4 1 1 ffffft
0111tf	0123433333fffft	2 0 1 1 2 3 4 1 5 1 1 1 ffffft
0111tf	0123434444ffftf	2 0 1 1 2 3 4 5 1 5 1 1 ffffft
0111tf	0123440044fftff	3 0 3 3 2 2 3 4 5 1 2 2 ffffft
0111tf	0123440244fftff	2 0 1 1 2 3 5 4 2 5 1 1 ffffft
0111tf	0123440444fftff	3 0 3 2 2 2 3 4 5 1 2 2 ffffft
0111tf	0123441044fftff	2 0 1 1 2 4 4 2 5 3 1 1 ffffft
0111tf	0123441144fftff	2 0 1 1 2 4 4 4 5 3 1 1 ffffft
0111tf	0123441244fftff	2 0 1 1 2 3 5 4 3 5 1 1 ffffft
0111tf	0123441344fftff	2 0 1 1 2 4 4 3 5 3 1 1 ffffft
0111tf	0123441444fftff	2 0 1 1 2 4 4 1 5 3 1 1 ffffft
0111tf	0123442044fftff	2 0 1 1 2 3 5 4 5 2 1 1 ffffft
0111tf	0123442244fftff	2 0 1 1 2 3 5 4 5 5 1 1 ffffft
0111tf	0123442444fftff	2 0 1 1 2 3 5 4 5 1 1 1 ffffft
0111tf	0123443044fftff	3 0 1 3 2 2 3 4 5 1 2 2 ffffft
0111tf	0123443244fftff	2 0 1 1 2 3 5 4 4 5 1 1 ffffft
0111tf	0123443333fffft	2 0 1 1 2 3 4 1 5 5 1 1 ffffft
0111tf	0123444044fftff	3 0 2 3 2 2 3 4 5 1 2 2 ffffft
0111tf	0123444144fftff	2 0 1 1 2 4 1 4 5 3 1 1 ffffft
0111tf	0123444244fftff	2 0 1 1 2 3 5 4 1 5 1 1 ffffft
0111tf	1102034444ffftf	3 0 3 3 2 2 1 4 1 5 2 2 ffffft
0111tf	1102134444ffftf	3 0 3 3 2 2 1 4 3 5 2 2 ffffft
0111tf	1102234444ffftf	3 0 3 3 2 2 1 4 4 5 2 2 ffffft
0111tf	1102304444ffftf	3 0 3 3 2 2 1 4 5 1 2 2 ffffft
0111tf	1102314444ffftf	3 0 3 3 2 2 1 4 5 3 2 2 ffffft
0111tf	1102324444ffftf	3 0 3 3 2 2 1 4 5 4 2 2 ffffft
0111tf	1102334444ffftf	3 0 3 3 2 2 1 4 5 5 2 2 ffffft
0111tf	1102343333fffft	3 0 3 3 2 2 1 4 2 5 2 2 ffffft
0111tf	1102344444ffftf	3 0 3 3 2 2 1 4 5 2 2 2 ffffft
0111tf	1112034444ffftf	3 0 3 3 2 2 3 4 1 5 2 2 ffffft
0111tf	1112304444ffftf	3 0 3 3 2 2 3 4 5 1 2 2 ffffft
0111tf	1122034444ffftf	3 0 3 3 2 2 4 4 1 5 2 2 ffffft
0111tf	1123004444ffftf	4 0 4 4 1 1 3 3 2 5 3 3 ffffft
0111tf	1123014444ffftf	4 0 4 4 1 4 3 3 2 5 3 3 ffffft
0111tf	1123024444ffftf	4 0 4 4 1 2 3 3 2 5 3 3 ffffft
0111tf	1123034444ffftf	3 0 3 3 2 2 4 5 1 5 2 2 ffffft
0111tf	1123043333fffft	3 0 3 3 2 2 4 2 1 5 2 2 ffffft
0111tf	1123044444ffftf	4 0 4 4 1 3 3 3 2 5 3 3 ffffft
0111tf	1123104444ffftf	4 0 4 2 4 4 3 3 1 5 3 3 ffffft
0111tf	1123204444ffftf	4 0 4 4 2 1 3 3 2 5 3 3 ffffft
0111tf	1123220422fffft	3 0 3 3 2 2 2 4 1 5 2 2 ffffft
0111tf	1123304444ffftf	3 0 3 3 2 2 4 5 5 1 2 2 ffffft
0111tf	1123404444ffftf	4 0 4 4 3 1 3 3 2 5 3 3 ffffft
0111tf	1200034444ffftf	2 0 1 1 3 3 2 4 3 5 1 1 ffffft
0111tf	1200134444ffftf	2 0 1 1 3 3 2 4 2 5 1 1 ffffft
0111tf	1200234444ffftf	2 0 1 1 3 3 2 4 4 5 1 1 ffffft
0111tf	1200304444ffftf	2 0 1 1 3 3 2 4 5 3 1 1 ffffft
0111tf	1200314444ffftf	2 0 1 1 3 3 2 4 5 2 1 1 ffffft
0111tf	1200324444ffftf	2 0 1 1 3 3 2 4 5 4 1 1 ffffft
0111tf	1200334444ffftf	2 0 1 1 3 3 2 4 5 5 1 1 ffffft
0111tf	1200343333fffft	2 0 1 1 3 3 2 4 1 5 1 1 ffffft
0111tf	1200344444ffftf	2 0 1 1 3 3 2 4 5 1 1 1 ffffft
0111tf	1201034444ffftf	2 0 1 1 3 2 2 4 3 5 1 1 ffffft
0111tf	1201134444ffftf	2 0 1 1 3 2 2 4 2 5 1 1 ffffft
0111tf	1201234444ffftf	2 0 1 1 3 2 2 4 4 5 1 1 ffffft
0111tf	1201304444ffftf	2 0 1 1 3 2 2 4 5 3 1 1 ffffft
0111tf	1201314444ffftf	2 0 1 1 3 2 2 4 5 2 1 1 ffffft
0111tf	1201324444ffftf	2 0 1 1 3 2 2 4 5 4 1 1 ffffft
0111tf	1201334444ffftf	2 0 1 1 3 2 2 4 5 5 1 1 ffffft
0111tf	1201343333fffft	2 0 1 1 3 2 2 4 1 5 1 1 ffffft
0111tf	1201344444ffftf	2 0 1 1 3 2 2 4 5 1 1 1 ffffft
0111tf	1203014444ffftf	4 0 4 2 1 4 3 3 1 5 3 3 ffffft
0111tf	1203024444ffftf	4 0 4 2 1 2 3 3 1 5 3 3 ffffft
0111tf	1203043333fffft	2 0 1 1 3 1 2 4 3 5 1 1 ffffft
0111tf	1203044444ffftf	4 0 4 2 1 3 3 3 1 5 3 3 ffffft
0111tf	1203114444ffftf	4 0 4 2 4 4 3 3 1 5 3 3 ffffft
0111tf	1203134444ffftf	3 0 3 4 2 2 1 5 3 5 2 2 ffffft
0111tf	1203143333fffft	2 0 1 1 3 1 2 4 2 5 1 1 ffffft
0111tf	1203144444ffftf	4 0 4 2 4 3 3 3 1 5 3 3 ffffft
0111tf	1203214444ffftf	4 0 4 2 2 4 3 3 1 5 3 3 ffffft
0111tf	1203220422fffft	3 0 3 2 2 2 1 4 1 5 2 2 ffffft
0111tf	1203221422fffft	3 0 3 2 2 2 1 4 3 5 2 2 ffffft
0111tf	1203222422fffft	3 0 3 2 2 2 1 4 2 5 2 2 ffffft
0111tf	1203223422fffft	3 0 3 2 2 2 1 4 4 5 2 2 ffffft
0111tf	1203224022fffft	3 0 3 2 2 2 1 4 5 1 2 2 ffffft
0111tf	1203224122fffft	3 0 3 2 2 2 1 4 5 3 2 2 ffffft
0111tf	1203224222fffft	3 0 3 2 2 2 1 4 5 2 2 2 ffffft
0111tf	1203224322fffft	3 0 3 2 2 2 1 4 5 4 2 2 ffffft
0111tf	1203224422fffft	3 0 3 2 2 2 1 4 5 5 2 2 ffffft
0111tf	1203234444ffftf	3 0 3 4 2 2 1 5 4 5 2 2 ffffft
0111tf	1203243333fffft	2 0 1 1 3 1 2 4 4 5 1 1 ffffft
0111tf	1203304444ffftf	3 0 3 4 2 2 1 5 5 1 2 2 ffffft
0111tf	1203314444ffftf	3 0 3 4 2 2 1 5 5 3 2 2 ffffft
0111tf	1203324444ffftf	3 0 3 4 2 2 1 5 5 4 2 2 ffffft
0111tf	1203334444ffftf	3 0 3 4 2 2 1 5 5 5 2 2 ffffft
0111tf	1203343333fffft	2 0 1 1 3 1 2 4 1 5 1 1 ffffft
0111tf	1203344444ffftf	3 0 3 4 2 2 1 5 5 2 2 2 ffffft
0111tf	1203403333fffft	2 0 1 1 3 1 2 4 5 3 1 1 ffffft
0111tf	1203413333fffft	2 0 1 1 3 1 2 4 5 2 1 1 ffffft
0111tf	1203414444ffftf	4 0 4 2 3 4 3 3 1 5 3 3 ffffft
0111tf	1203423333fffft	2 0 1 1 3 1 2 4 5 4 1 1 ffffft
0111tf	1203433333fffft	2 0 1 1 3 1 2 4 5 1 1 1 ffffft
0111tf	1203434444ffftf	3 0 3 4 2 2 1 5 2 5 2 2 ffffft
0111tf	1203440044fftff	2 0 1 1 4 3 4 4 2 5 1 1 ffffft
0111tf	1203440244fftff	2 0 1 1 3 4 2 5 3 5 1 1 ffffft
0111tf	1203440444fftff	2 0 1 1 4 3 4 1 2 5 1 1 ffffft
0111tf	1203441044fftff	2 0 1 1 4 3 2 4 2 5 1 1 ffffft
0111tf	1203441144fftff	3 0 3 3 2 2 4 1 3 5 2 2 ffffft
0111tf	1203441444fftff	3 0 3 2 2 2 4 1 3 5 2 2 ffffft
0111tf	1203442044fftff	2 0 1 1 3 4 2 5 5 3 1 1 ffffft
0111tf	1203442144fftff	2 0 1 1 3 4 2 5 5 2 1 1 ffffft
0111tf	1203442244fftff	2 0 1 1 3 4 2 5 5 5 1 1 ffffft
0111tf	1203442344fftff	2 0 1 1 3 4 2 5 5 4 1 1 ffffft
0111tf	1203442444fftff	2 0 1 1 3 4 2 5 5 1 1 1 ffffft
0111tf	1203443044fftff	2 0 1 1 4 3 3 4 2 5 1 1 ffffft
0111tf	1203443144fftff	3 0 1 3 2 2 4 1 3 5 2 2 ffffft
0111tf	1203443244fftff	2 0 1 1 3 4 2 5 4 5 1 1 ffffft
0111tf	1203443333fffft	2 0 1 1 3 1 2 4 5 5 1 1 ffffft
0111tf	1203444044fftff	2 0 1 1 4 3 1 4 2 5 1 1 ffffft
0111tf	1203444144fftff	3 0 2 3 2 2 4 1 3 5 2 2 ffffft
0111tf	1203444244fftff	2 0 1 1 3 4 2 5 1 5 1 1 ffffft
0111tf	1210034444ffftf	2 0 1 1 2 3 2 4 3 5 1 1 ffffft
0111tf	1210134444ffftf	2 0 1 1 2 3 2 4 2 5 1 1 ffffft
0111tf	1210234444ffftf	2 0 1 1 2 3 2 4 4 5 1 1 ffffft
0111tf	1210314444ffftf	2 0 1 1 2 3 2 4 5 2 1 1 ffffft
0111tf	1210324444ffftf	2 0 1 1 2 3 2 4 5 4 1 1 ffffft
0111tf	1210334444ffftf	2 0 1 1 2 3 2 4 5 5 1 1 ffffft
0111tf	1210343333fffft	2 0 1 1 2 3 2 4 1 5 1 1 ffffft
0111tf	1210344444ffftf	2 0 1 1 2 3 2 4 5 1 1 1 ffffft
0111tf	1213440044fftff	2 0 1 1 2 3 4 4 2 5 1 1 ffffft
0111tf	1213440144fftff	2 0 1 1 2 3 4 2 2 5 1 1 ffffft
0111tf	1213440244fftff	2 0 1 1 2 4 2 5 3 5 1 1 ffffft
0111tf	1213440344fftff	2 0 1 1 2 3 4 3 2 5 1 1 ffffft
0111tf	1213440444fftff	2 0 1 1 2 3 4 1 2 5 1 1 ffffft
0111tf	1213441044fftff	2 0 1 1 2 3 2 4 2 5 1 1 ffffft
0111tf	1213442044fftff	2 0 1 1 2 4 2 5 5 3 1 1 ffffft
0111tf	1213443044fftff	2 0 1 1 2 3 3 4 2 5 1 1 ffffft
0111tf	1213444044fftff	2 0 1 1 2 3 1 4 2 5 1 1 ffffft
0111tf	1220034444ffftf	3 0 1 1 3 4 4 2 2 5 1 1 ffffft
0111tf	1220134444ffftf	3 0 1 1 3 4 4 2 3 5 1 1 ffffft
0111tf	1220234444ffftf	3 0 1 1 3 4 4 2 4 5 1 1 ffffft
0111tf	1220314444ffftf	3 0 1 1 3 4 4 2 5 3 1 1 ffffft
0111tf	1220334444ffftf	3 0 1 1 3 4 4 2 5 5 1 1 ffffft
0111tf	1220343333fffft	3 0 1 1 3 4 4 2 1 5 1 1 ffffft
0111tf	1220344444ffftf	3 0 1 1 3 4 4 2 5 1 1 1 ffffft
0111tf	1221034444ffftf	3 0 1 1 3 4 4 3 2 5 1 1 ffffft
0111tf	1222034444ffftf	3 0 1 1 3 4 4 4 2 5 1 1 ffffft
0111tf	1223034444ffftf	3 0 3 4 2 2 4 5 1 5 2 2 ffffft
0111tf	1223043333fffft	3 0 1 1 3 4 4 1 2 5 1 1 ffffft
0111tf	1223044444ffftf	4 0 4 2 1 3 3 3 2 5 3 3 ffffft
0111tf	1223440044fftff	4 0 3 3 2 2 4 5 5 1 2 2 ffffft
0111tf	1223440144fftff	4 0 3 4 2 2 4 5 5 1 2 2 ffffft
0111tf	1223440244fftff	4 0 1 1 4 5 2 5 5 3 1 1 ffffft
0111tf	1223440344fftff	4 0 3 1 2 2 4 5 5 1 2 2 ffffft
0111tf	1223440444fftff	4 0 3 2 2 2 4 5 5 1 2 2 ffffft
0111tf	1223441044fftff	4 0 4 3 2 2 4 5 5 1 2 2 ffffft
0111tf	1223442044fftff	3 0 1 1 3 5 5 4 5 2 1 1 ffffft
0111tf	1223443044fftff	4 0 1 3 2 2 4 5 5 1 2 2 ffffft
0111tf	1223444044fftff	4 0 2 3 2 2 4 5 5 1 2 2 ffffft
0111tf	1230034444ffftf	3 0 3 4 2 2 5 1 1 5 2 2 ffffft
0111tf	1230043333fffft	2 0 1 1 1 3 2 4 3 5 1 1 ffffft
0111tf	1230134444ffftf	3 0 3 4 2 2 5 1 3 5 2 2 ffffft
0111tf	1230143333fffft	2 0 1 1 1 3 2 4 2 5 1 1 ffffft
0111tf	1230144444ffftf	4 0 4 2 4 3 3 3 5 1 3 3 ffffft
0111tf	1230234444ffftf	3 0 3 4 2 2 5 1 4 5 2 2 ffffft
0111tf	1230243333fffft	2 0 1 1 1 3 2 4 4 5 1 1 ffffft
0111tf	1230334444ffftf	3 0 3 4 2 2 5 1 5 5 2 2 ffffft
0111tf	1230343333fffft	2 0 1 1 1 3 2 4 1 5 1 1 ffffft
0111tf	1230344444ffftf	3 0 3 4 2 2 5 1 5 2 2 2 ffffft
0111tf	1230433333fffft	2 0 1 1 1 3 2 4 5 1 1 1 ffffft
0111tf	1230434444ffftf	3 0 3 4 2 2 5 1 2 5 2 2 ffffft
0111tf	1230440044fftff	2 0 1 1 3 4 4 4 2 5 1 1 ffffft
0111tf	1230440144fftff	2 0 1 1 3 4 4 2 2 5 1 1 ffffft
0111tf	1230440244fftff	2 0 1 1 4 3 2 5 3 5 1 1 ffffft
0111tf	1230440344fftff	2 0 1 1 3 4 4 3 2 5 1 1 ffffft
0111tf	1230440444fftff	2 0 1 1 3 4 4 1 2 5 1 1 ffffft
0111tf	1230441144fftff	3 0 3 3 2 2 1 4 3 5 2 2 ffffft
0111tf	1230441444fftff	3 0 3 2 2 2 1 4 3 5 2 2 ffffft
0111tf	1230442044fftff	2 0 1 1 4 3 2 5 5 3 1 1 ffffft
0111tf	1230442144fftff	2 0 1 1 4 3 2 5 5 2 1 1 ffffft
0111tf	1230442244fftff	2 0 1 1 4 3 2 5 5 5 1 1 ffffft
0111tf	1230442344fftff	2 0 1 1 4 3 2 5 5 4 1 1 ffffft
0111tf	1230442444fftff	2 0 1 1 4 3 2 5 5 1 1 1 ffffft
0111tf	1230443144fftff	3 0 1 3 2 2 1 4 3 5 2 2 ffffft
0111tf	1230443244fftff	2 0 1 1 4 3 2 5 4 5 1 1 ffffft
0111tf	1230443333fffft	2 0 1 1 1 3 2 4 5 5 1 1 ffffft
0111tf	1230444044fftff	2 0 1 1 3 4 1 4 2 5 1 1 ffffft
0111tf	1230444144fftff	3 0 2 3 2 2 1 4 3 5 2 2 ffffft
0111tf	1230444244fftff	2 0 1 1 4 3 2 5 1 5 1 1 ffffft
0111tf	1231440044fftff	2 0 1 1 3 2 4 4 2 5 1 1 ffffft
0111tf	1231440144fftff	2 0 1 1 3 2 4 2 2 5 1 1 ffffft
0111tf	1231440244fftff	2 0 1 1 4 2 2 5 3 5 1 1 ffffft
0111tf	1231440344fftff	2 0 1 1 3 2 4 3 2 5 1 1 ffffft
0111tf	1231440444fftff	2 0 1 1 3 2 4 1 2 5 1 1 ffffft
0111tf	1231441044fftff	2 0 1 1 3 2 2 4 2 5 1 1 ffffft
0111tf	1231442044fftff	2 0 1 1 4 2 2 5 5 3 1 1 ffffft
0111tf	1231443044fftff	2 0 1 1 3 2 3 4 2 5 1 1 ffffft
0111tf	1231444044fftff	2 0 1 1 3 2 1 4 2 5 1 1 ffffft
0111tf	1232440044fftff	4 0 3 3 2 2 4 5 1 5 2 2 ffffft
0111tf	1232440144fftff	4 0 3 4 2 2 4 5 1 5 2 2 ffffft
0111tf	1232440344fftff	4 0 3 1 2 2 4 5 1 5 2 2 ffffft
0111tf	1232440444fftff	4 0 3 2 2 2 4 5 1 5 2 2 ffffft
0111tf	1232441044fftff	4 0 4 3 2 2 4 5 1 5 2 2 ffffft
0111tf	1232442044fftff	3 0 1 1 3 5 4 5 5 2 1 1 ffffft
0111tf	1232443044fftff	4 0 1 3 2 2 4 5 1 5 2 2 ffffft
0111tf	1232444044fftff	4 0 2 3 2 2 4 5 1 5 2 2 ffffft
0111tf	1233440044fftff	2 0 1 1 3 3 4 4 2 5 1 1 ffffft
0111tf	1233440144fftff	2 0 1 1 3 3 4 2 2 5 1 1 ffffft
0111tf	1233440244fftff	2 0 1 1 4 4 2 5 3 5 1 1 ffffft
0111tf	1233440344fftff	2 0 1 1 3 3 4 3 2 5 1 1 ffffft
0111tf	1233440444fftff	2 0 1 1 3 3 4 1 2 5 1 1 ffffft
0111tf	1233441044fftff	2 0 1 1 3 3 2 4 2 5 1 1 ffffft
0111tf	1233442044fftff	2 0 1 1 4 4 2 5 5 3 1 1 ffffft
0111tf	1233443044fftff	2 0 1 1 3 3 3 4 2 5 1 1 ffffft
