0111tf	01023333fftf	2 0 1 1 2 3 2 4 1 1 fffft
0111tf	01123333fftf	2 0 1 1 2 3 3 4 1 1 fffft
0111tf	01203333fftf	2 0 1 1 2 3 4 2 1 1 fffft
0111tf	01213333fftf	2 0 1 1 2 3 4 3 1 1 fffft
0111tf	01223333fftf	2 0 1 1 2 3 4 4 1 1 fffft
0111tf	01232222ffft	2 0 1 1 2 3 1 4 1 1 fffft
0111tf	01233333fftf	2 0 1 1 2 3 4 1 1 1 fffft
0111tf	11023333fftf	3 0 3 3 2 2 1 4 2 2 fffft
0111tf	12003333fftf	2 0 1 1 3 3 2 4 1 1 fffft
0111tf	12013333fftf	2 0 1 1 3 2 2 4 1 1 fffft
0111tf	12032222ffft	3 0 3 2 2 2 1 4 2 2 fffft
0111tf	12033333fftf	2 0 1 1 3 1 2 4 1 1 fffft
0111tf	12103333fftf	2 0 1 1 2 3 2 4 1 1 fffft
0111tf	12203333fftf	3 0 1 1 3 4 4 2 1 1 fffft
0111tf	12303333fftf	2 0 1 1 1 3 2 4 1 1 fffft
