01021323tfff	0112234444ffftf	4 0 2 0 3 1 3 2 5 0 6 7 6 8 8 0 9 10 9 11 11 0 12 13 12 14 2 0 3 1 ffffffffffffftt
01021323tfff	0112334444ffftf	4 0 2 0 3 1 3 2 5 0 6 7 6 8 8 0 9 10 9 11 13 0 14 12 2 0 3 1 3 2 ffffffffffffttt
01021323tfff	0122134444ffftf	4 0 2 0 3 1 3 2 5 0 6 8 6 9 9 0 11 0 12 7 12 11 10 13 10 14 2 0 3 1 ffffffffffffftt
01021323tfff	0122334444ffftf	4 0 2 0 3 1 3 2 5 0 6 7 6 8 10 0 11 9 13 0 14 12 14 13 2 0 3 1 3 2 ffffffffffffttt
01021323tfff	0123124444ffftf	4 0 2 0 3 1 3 2 5 0 7 6 9 0 7 11 11 0 12 8 12 9 10 13 10 14 2 0 3 1 ffffffffffffftt
01021323tfff	0123324444ffftf	4 0 2 0 3 1 3 2 5 0 6 7 6 8 10 0 11 12 13 0 14 9 14 10 2 0 3 1 3 2 ffffffffffffttt
01021323tfff	0123443244fftff	4 0 2 0 3 1 3 2 5 0 6 8 6 9 10 0 13 0 14 7 11 12 11 13 2 0 3 1 3 2 ffffffffffffttt
01021323tfff	1203304444ffftf	4 0 2 0 3 1 3 2 6 0 8 0 9 10 9 11 7 12 7 13 13 0 14 5 2 0 3 1 3 2 ffffffffffffttt
01021323tfff	1203442044fftff	5 0 6 0 3 0 4 2 4 3 8 0 9 10 9 11 7 12 7 13 13 0 14 1 3 0 4 2 4 3 ffffffffffffttt
01021323tfff	1203443044fftff	7 0 8 0 6 0 4 0 5 3 5 4 10 1 11 0 12 2 12 6 10 11 9 13 9 14 4 0 5 3 ffffffffffffftt
01021323tfff	1233440044fftff	5 0 6 0 3 0 4 2 4 3 9 0 10 8 10 9 11 0 12 1 12 11 7 13 7 14 3 0 4 2 ffffffffffffftt
01021323tfff	1233442044fftff	5 0 6 0 3 0 4 2 4 3 10 0 11 9 11 10 7 12 13 0 14 1 14 8 3 0 4 2 4 3 ffffffffffffttt
01021333tfff	0112234444ffftf	4 0 2 0 3 1 3 3 5 0 7 6 8 0 7 9 9 10 9 12 11 0 12 13 12 14 2 0 3 3 ffffffffffffftt
01021333tfff	0123124444ffftf	4 0 2 0 3 1 3 3 5 0 7 6 9 0 7 12 11 0 12 8 12 10 10 13 10 14 2 0 3 3 ffffffffffffftt
01021333tfff	1233440044fftff	5 0 6 0 3 0 4 2 4 4 9 0 10 8 10 10 11 0 12 1 12 12 7 13 7 14 3 0 4 4 ffffffffffffftt
