0102132434tffff	0112234444ffftf	5 0 2 0 3 1 4 2 4 3 6 0 7 8 9 10 10 0 9 11 11 13 12 14 12 15 14 0 15 17 16 18 16 19 2 0 3 1 4 2 fffffffffffffffffttt
0102132434tffff	0112334444ffftf	5 0 2 0 3 1 4 2 4 3 6 0 7 9 8 10 8 11 10 0 11 13 12 14 12 15 17 0 18 16 19 17 2 0 3 1 4 2 4 3 fffffffffffffffftttt
0102132434tffff	0122134444ffftf	5 0 2 0 3 1 4 2 4 3 6 0 7 10 8 11 8 12 11 0 14 0 15 9 16 14 16 15 12 17 13 18 13 19 2 0 3 1 4 2 fffffffffffffffffttt
0102132434tffff	0122334444ffftf	5 0 2 0 3 1 4 2 4 3 6 0 7 9 8 10 8 11 13 0 14 12 15 13 17 0 18 16 19 17 19 18 2 0 3 1 4 2 4 3 fffffffffffffffftttt
0102132434tffff	0123124444ffftf	5 0 2 0 3 1 4 2 4 3 6 0 8 7 11 0 9 14 9 15 14 0 15 10 16 11 16 12 12 17 13 18 13 19 2 0 3 1 4 2 fffffffffffffffffttt
0102132434tffff	0123324444ffftf	5 0 2 0 3 1 4 2 4 3 6 0 7 9 8 10 8 11 13 0 14 16 15 17 17 0 18 12 19 13 19 14 2 0 3 1 4 2 4 3 fffffffffffffffftttt
0102132434tffff	0123443244fftff	5 0 2 0 3 1 4 2 4 3 6 0 7 10 8 11 8 12 13 0 17 0 18 9 19 13 14 16 15 17 15 18 2 0 3 1 4 2 4 3 fffffffffffffffftttt
0102132434tffff	1203442044fftff	6 0 2 0 3 1 4 2 4 3 7 0 10 0 11 13 12 14 12 15 8 16 9 17 9 18 17 0 18 5 19 10 2 0 3 1 4 2 4 3 fffffffffffffffftttt
0102132434tffff	1203443044fftff	8 0 9 0 3 0 4 2 5 3 5 4 7 0 12 1 14 0 15 6 16 7 16 12 13 14 13 15 10 17 11 18 11 19 3 0 4 2 5 3 fffffffffffffffffttt
0102132434tffff	1233440044fftff	6 0 2 0 3 1 4 2 4 3 7 0 11 0 12 10 13 11 13 12 14 0 15 5 16 14 16 15 8 17 9 18 9 19 2 0 3 1 4 2 fffffffffffffffffttt
0102132434tffff	1233442044fftff	6 0 2 0 3 1 4 2 4 3 7 0 13 0 14 12 15 13 15 14 8 16 9 17 17 0 18 5 19 10 19 11 2 0 3 1 4 2 4 3 fffffffffffffffftttt
0102132444tffff	0112234444ffftf	5 0 2 0 3 1 4 2 4 4 6 0 7 8 9 10 10 0 9 12 11 13 12 14 12 16 14 0 15 17 16 18 16 19 2 0 3 1 4 4 fffffffffffffffffttt
0102132444tffff	0112334444ffftf	5 0 2 0 3 1 4 2 4 4 6 0 7 9 8 10 8 12 10 0 11 13 12 14 12 15 17 0 18 16 19 19 2 0 3 1 4 2 4 4 fffffffffffffffftttt
0102132444tffff	0122134444ffftf	5 0 2 0 3 1 4 2 4 4 6 0 7 10 8 11 8 13 11 0 14 0 15 9 16 14 16 16 12 17 13 18 13 19 2 0 3 1 4 4 fffffffffffffffffttt
0102132444tffff	0122334444ffftf	5 0 2 0 3 1 4 2 4 4 6 0 7 9 8 10 8 11 13 0 14 12 15 15 17 0 18 16 19 17 19 19 2 0 3 1 4 2 4 4 fffffffffffffffftttt
0102132444tffff	0123124444ffftf	5 0 2 0 3 1 4 2 4 4 6 0 8 7 11 0 9 14 9 16 14 0 15 10 16 11 16 13 12 17 13 18 13 19 2 0 3 1 4 4 fffffffffffffffffttt
0102132444tffff	0123324444ffftf	5 0 2 0 3 1 4 2 4 4 6 0 7 9 8 10 8 11 13 0 14 16 15 19 17 0 18 12 19 13 19 15 2 0 3 1 4 2 4 4 fffffffffffffffftttt
0102132444tffff	0123443244fftff	5 0 2 0 3 1 4 2 4 4 6 0 7 10 8 11 8 12 13 0 17 0 18 9 19 15 14 16 15 17 15 19 2 0 3 1 4 2 4 4 fffffffffffffffftttt
0102132444tffff	1203442044fftff	6 0 2 0 3 1 4 2 4 4 7 0 10 0 11 13 12 14 12 15 8 16 9 17 9 19 17 0 18 5 19 12 2 0 3 1 4 2 4 4 fffffffffffffffftttt
0102132444tffff	1203443044fftff	8 0 9 0 3 0 4 2 5 3 5 5 7 0 12 1 14 0 15 6 16 7 16 13 13 14 13 16 10 17 11 18 11 19 3 0 4 2 5 5 fffffffffffffffffttt
0102132444tffff	1233440044fftff	6 0 2 0 3 1 4 2 4 4 7 0 11 0 12 10 13 11 13 13 14 0 15 5 16 14 16 16 8 17 9 18 9 19 2 0 3 1 4 4 fffffffffffffffffttt
0102132444tffff	1233442044fftff	6 0 2 0 3 1 4 2 4 4 7 0 13 0 14 12 15 13 15 15 8 16 9 19 17 0 18 5 19 10 19 11 2 0 3 1 4 2 4 4 fffffffffffffffftttt
