0101ft	1122334444ffftf	0 1 2 1 3 1 4 1 0 1 fffft
0101ft	1123324444ffftf	0 1 2 1 3 1 4 1 0 1 fffft
0101ft	1123344244ffftf	0 1 2 1 3 1 4 1 0 1 fffft
0101ft	1123344444ffftf	0 1 2 1 3 1 4 1 0 1 fffft
0101ft	1221334444ffftf	0 1 2 1 3 1 4 1 0 1 fffft
0101ft	1221344344ffftf	0 1 2 1 3 1 4 1 0 1 fffft
0101ft	1221344444ffftf	0 1 2 1 3 1 4 1 0 1 fffft
0101ft	1223314444ffftf	0 1 2 1 3 1 4 1 0 1 fffft
0101ft	1223344144ffftf	0 1 2 1 3 1 4 1 0 1 fffft
0101ft	1223344444ffftf	0 1 2 1 3 1 4 1 0 1 fffft
0101ft	1223413333fffft	0 1 2 1 3 1 4 1 0 1 fffft
0101ft	1223413334fffft	0 1 2 1 3 1 4 1 0 1 fffft
0101ft	1223433331fffft	0 1 2 1 3 1 4 1 0 1 fffft
0101ft	1223433333fffft	0 1 2 1 3 1 4 1 0 1 fffft
0101ft	1223433334fffft	0 1 2 1 3 1 4 1 0 1 fffft
0101ft	1223443331fffft	0 1 2 1 3 1 4 1 0 1 fffft
0101ft	1223443333fffft	0 1 2 1 3 1 4 1 0 1 fffft
0101ft	1231432444fftff	0 1 2 1 3 1 4 1 0 1 fffft
0101ft	1231442344fftff	0 1 2 1 3 1 4 1 0 1 fffft
0101ft	1231442444fftff	0 1 2 1 3 1 4 1 0 1 fffft
0101ft	1233442144fftff	0 1 2 1 3 1 4 1 0 1 fffft
0101ft	1233442444fftff	0 1 2 1 3 1 4 1 0 1 fffft
0101ft	1234432144fftff	0 1 2 1 3 1 4 1 0 1 fffft
0101ft	1234432444fftff	0 1 2 1 3 1 4 1 0 1 fffft
