01210321ffft	1211233441fffft	0 1 2 1 0 3 2 6 5 3 5 9 4 9 8 3 8 11 7 11 10 1 12 1 10 3 ffffffffffttt
01210321ffft	1211234134fffft	0 1 2 1 0 3 2 6 5 3 5 9 4 9 10 1 10 3 12 1 7 11 8 11 7 3 ffffffffffttt
01210321ffft	1211234134ffftf	0 1 2 1 0 3 2 6 5 3 5 11 4 11 10 8 12 8 10 3 7 1 9 1 7 3 ffffffffffttt
01210321ffft	1211234431fffft	0 1 2 1 0 3 2 6 5 3 5 8 4 8 10 12 11 12 10 3 7 1 7 3 9 1 ffffffffffttt
01210321ffft	1211234431ffftf	0 1 2 1 0 3 2 6 5 3 5 11 4 11 10 1 12 1 10 3 7 8 9 8 7 3 ffffffffffttt
01210321ffft	1211312443fffft	0 1 2 1 0 3 2 4 5 1 6 3 8 1 8 3 6 11 7 11 10 9 12 9 10 3 ffffffffffttt
01210321ffft	1211312443ffftf	0 1 2 1 0 3 2 6 8 3 10 1 12 1 10 3 8 11 4 11 5 9 7 9 5 3 ffffffffffttt
01210321ffft	1211312443fftff	0 1 2 1 0 6 4 6 4 8 3 8 2 11 10 5 12 5 10 6 7 1 9 1 7 6 ffffffffffttt
01210321ffft	1211314324fffft	0 1 2 1 0 3 2 6 7 1 7 3 9 1 10 8 12 8 10 3 4 11 5 11 4 3 ffffffffffttt
01210321ffft	1211314324ffftf	0 1 2 1 0 3 2 9 7 5 8 5 7 3 10 1 10 3 12 1 4 11 6 11 4 3 ffffffffffttt
01210321ffft	1211314324fftff	0 1 2 1 0 6 7 4 9 4 7 6 2 11 10 8 12 8 10 6 3 1 5 1 3 6 ffffffffffttt
01210321ffft	1211314423fffft	0 1 2 1 0 3 2 6 7 1 7 3 9 1 10 11 12 11 10 3 4 8 5 8 4 3 ffffffffffttt
01210321ffft	1211314423ffftf	0 1 2 1 0 3 2 6 5 3 10 1 12 1 10 3 5 11 7 11 8 9 4 9 8 3 ffffffffffttt
01210321ffft	1211314423fftff	0 1 2 1 0 6 7 8 9 8 7 6 2 11 10 4 12 4 10 6 3 1 5 1 3 6 ffffffffffttt
01210321ffft	1211332441fffft	0 1 2 1 0 3 2 6 5 3 8 9 4 9 8 3 5 11 7 11 10 1 12 1 10 3 ffffffffffttt
01210321ffft	1211334124fffft	0 1 2 1 0 3 2 5 7 9 8 9 7 3 10 1 10 3 12 1 4 11 6 11 4 3 ffffffffffttt
01210321ffft	1211334124ffftf	0 1 2 1 0 3 2 8 7 6 7 3 9 6 10 11 12 11 10 3 4 1 5 1 4 3 ffffffffffttt
01210321ffft	1211334124fftff	0 1 2 1 0 6 7 1 9 1 7 6 2 11 10 8 12 8 10 6 3 4 5 4 3 6 ffffffffffttt
01210321ffft	1211334421fffft	0 1 2 1 0 3 2 5 7 8 9 8 7 3 10 12 11 12 10 3 4 1 4 3 6 1 ffffffffffttt
01210321ffft	1211334421ffftf	0 1 2 1 0 3 2 8 7 1 7 3 9 1 10 11 12 11 10 3 4 6 5 6 4 3 ffffffffffttt
01210321ffft	1211334421fftff	0 1 2 1 0 6 7 8 9 8 7 6 2 11 10 1 12 1 10 6 3 4 5 4 3 6 ffffffffffttt
01210321ffft	1211342143fffft	0 1 3 1 4 1 0 5 6 5 3 9 8 1 8 5 6 11 7 11 10 2 12 2 10 5 ffffffffffttt
01210321ffft	1211342143ffftf	0 1 2 1 0 3 2 6 8 3 10 9 12 9 10 3 8 11 4 11 5 1 7 1 5 3 ffffffffffttt
01210321ffft	1211342143fftff	0 1 2 1 0 6 4 6 4 8 3 8 2 11 10 1 12 1 10 6 7 5 9 5 7 6 ffffffffffttt
01210321ffft	1211342341fffft	0 1 3 1 4 2 0 5 6 5 3 9 8 2 8 5 6 11 7 11 10 1 12 1 10 5 ffffffffffttt
01210321ffft	1211344123fffft	0 1 2 1 0 3 2 6 7 3 7 11 9 11 10 1 12 1 10 3 5 8 4 8 5 3 ffffffffffttt
01210321ffft	1211344123ffftf	0 1 2 1 0 3 2 6 5 3 10 9 11 9 10 3 5 12 7 12 8 1 8 3 4 1 ffffffffffttt
01210321ffft	1211344123fftff	0 1 2 1 0 6 7 1 9 1 7 6 2 11 10 4 12 4 10 6 3 8 5 8 3 6 ffffffffffttt
01210321ffft	1211344321fffft	0 1 2 1 0 3 2 6 7 3 7 12 9 12 10 8 11 8 10 3 5 1 5 3 4 1 ffffffffffttt
01210321ffft	1211344321ffftf	0 1 2 1 0 3 2 9 7 1 8 1 7 3 10 5 10 3 12 5 4 11 6 11 4 3 ffffffffffttt
01210321ffft	1211344321fftff	0 1 2 1 0 6 7 4 9 4 7 6 2 11 10 1 12 1 10 6 3 8 5 8 3 6 ffffffffffttt
