0102321402fffft	12112331ffft	0 1 0 2 3 2 1 4 0 8 7 4 6 11 6 12 5 12 11 4 10 1 10 2 9 2 ffffffffftttt
0102321402fffft	12113123ffft	0 1 0 2 3 2 1 4 0 8 10 1 10 2 11 4 9 2 6 4 5 11 5 12 7 12 ffffffffftttt
0102321402fffft	12113123fftf	0 1 0 2 3 2 1 4 0 11 10 4 9 7 9 8 12 8 6 1 6 2 5 2 7 4 ffffffffftttt
0102321402fffft	12113321ffft	0 1 0 2 3 2 1 4 0 7 10 11 10 12 9 12 11 4 6 4 5 1 5 2 8 2 ffffffffftttt
0102321402fffft	12113321fftf	0 1 0 2 3 2 1 4 0 11 10 4 9 1 9 2 12 2 6 7 6 8 5 8 7 4 ffffffffftttt
0102321412fffft	12112331ffft	0 1 0 2 3 2 1 4 1 8 7 4 6 11 6 12 5 12 11 4 10 1 10 2 9 2 ffffffffftttt
0102321412fffft	12113123ffft	0 1 0 2 3 2 1 4 1 8 10 1 10 2 11 4 9 2 6 4 5 11 5 12 7 12 ffffffffftttt
0102321412fffft	12113123fftf	0 1 0 2 3 2 1 4 1 11 10 4 9 7 9 8 12 8 6 1 6 2 5 2 7 4 ffffffffftttt
0102321412fffft	12113321ffft	0 1 0 2 3 2 1 4 1 7 10 11 10 12 9 12 11 4 6 4 5 1 5 2 8 2 ffffffffftttt
0102321412fffft	12113321fftf	0 1 0 2 3 2 1 4 1 11 10 4 9 1 9 2 12 2 6 7 6 8 5 8 7 4 ffffffffftttt
0102321422fffft	12112331ffft	0 1 0 2 3 2 1 4 2 8 7 4 6 11 6 12 5 12 11 4 10 1 10 2 9 2 ffffffffftttt
0102321422fffft	12113123ffft	0 1 0 2 3 2 1 4 2 8 10 1 10 2 11 4 9 2 6 4 5 11 5 12 7 12 ffffffffftttt
0102321422fffft	12113123fftf	0 1 0 2 3 2 1 4 2 11 10 4 9 7 9 8 12 8 6 1 6 2 5 2 7 4 ffffffffftttt
0102321422fffft	12113321ffft	0 1 0 2 3 2 1 4 2 7 10 11 10 12 9 12 11 4 6 4 5 1 5 2 8 2 ffffffffftttt
0102321422fffft	12113321fftf	0 1 0 2 3 2 1 4 2 11 10 4 9 1 9 2 12 2 6 7 6 8 5 8 7 4 ffffffffftttt
0102321432fffft	12112331ffft	0 1 0 2 3 2 1 4 3 8 7 4 6 11 6 12 5 12 11 4 10 1 10 2 9 2 ffffffffftttt
0102321432fffft	12113123ffft	0 1 0 2 3 2 1 4 3 8 10 1 10 2 11 4 9 2 6 4 5 11 5 12 7 12 ffffffffftttt
0102321432fffft	12113123fftf	0 1 0 2 3 2 1 4 3 11 10 4 9 7 9 8 12 8 6 1 6 2 5 2 7 4 ffffffffftttt
0102321432fffft	12113321ffft	0 1 0 2 3 2 1 4 3 7 10 11 10 12 9 12 11 4 6 4 5 1 5 2 8 2 ffffffffftttt
0102321432fffft	12113321fftf	0 1 0 2 3 2 1 4 3 11 10 4 9 1 9 2 12 2 6 7 6 8 5 8 7 4 ffffffffftttt
0102321442fffft	12112331ffft	0 1 0 2 3 2 1 4 4 8 7 4 6 11 6 12 5 12 11 4 10 1 10 2 9 2 ffffffffftttt
0102321442fffft	12113123ffft	0 1 0 2 3 2 1 4 4 8 10 1 10 2 11 4 9 2 6 4 5 11 5 12 7 12 ffffffffftttt
0102321442fffft	12113123fftf	0 1 0 2 3 2 1 4 4 11 10 4 9 7 9 8 12 8 6 1 6 2 5 2 7 4 ffffffffftttt
0102321442fffft	12113321ffft	0 1 0 2 3 2 1 4 4 7 10 11 10 12 9 12 11 4 6 4 5 1 5 2 8 2 ffffffffftttt
0102321442fffft	12113321fftf	0 1 0 2 3 2 1 4 4 11 10 4 9 1 9 2 12 2 6 7 6 8 5 8 7 4 ffffffffftttt
0121310421fffft	12112331ffft	0 1 2 1 3 1 0 4 2 7 6 4 6 11 8 11 5 11 10 4 10 1 12 1 9 1 ffffffffftttt
0121310421fffft	12113123ffft	0 1 2 1 3 1 0 4 2 6 10 1 11 1 10 4 9 1 5 4 5 12 7 12 8 12 ffffffffftttt
0121310421fffft	12113123fftf	0 1 2 1 3 1 0 4 2 10 9 4 9 7 11 7 12 7 6 1 8 1 5 1 6 4 ffffffffftttt
0121310421fffft	12113321ffft	0 1 2 1 3 1 0 4 2 7 10 11 9 11 12 11 10 4 5 4 5 1 6 1 8 1 ffffffffftttt
0121310421fffft	12113321fftf	0 1 2 1 3 1 0 4 2 10 9 4 9 1 11 1 12 1 6 7 8 7 5 7 6 4 ffffffffftttt
0121340421fffft	12112331ffft	0 1 2 1 3 5 0 5 6 5 2 8 7 5 7 12 4 12 11 5 9 5 11 1 10 1 ffffffffftttt
0121340421fffft	12113123ffft	0 1 2 1 3 4 0 4 2 7 11 1 11 4 10 1 9 4 5 4 6 4 5 12 8 12 ffffffffftttt
0121340421fffft	12113123fftf	0 1 2 1 3 4 0 4 2 10 9 4 12 4 9 8 11 8 7 1 6 1 5 4 7 4 ffffffffftttt
0121340421fffft	12113321ffft	0 1 2 1 3 4 0 4 2 6 10 11 12 11 9 4 10 4 5 4 5 1 7 1 8 4 ffffffffftttt
0121340421fffft	12113321fftf	0 1 2 1 3 4 0 4 2 10 9 4 12 4 9 1 11 1 7 8 6 8 5 4 7 4 ffffffffftttt
