0102321402fffft	1211233441fffft	0 1 0 2 3 2 1 4 0 8 7 4 6 11 6 12 5 12 11 4 10 14 10 15 9 15 13 1 13 2 16 2 14 4 ffffffffffffftttt
0102321402fffft	1211234134fffft	0 1 0 2 3 2 1 4 0 8 7 4 6 11 6 12 5 12 14 4 13 1 13 2 16 2 10 14 10 15 9 15 11 4 ffffffffffffftttt
0102321402fffft	1211234134ffftf	0 1 0 2 3 2 1 4 0 8 7 4 6 15 6 16 5 16 14 10 14 11 13 11 15 4 10 4 9 1 9 2 12 2 ffffffffffffftttt
0102321402fffft	1211234431fffft	0 1 0 2 3 2 1 4 0 8 7 4 6 10 6 11 5 11 13 14 13 16 15 16 14 4 9 1 9 2 10 4 12 2 ffffffffffffftttt
0102321402fffft	1211234431ffftf	0 1 0 2 3 2 1 4 0 8 7 4 6 15 6 16 5 16 14 1 14 2 13 2 15 4 10 4 9 10 9 11 12 11 ffffffffffffftttt
0102321402fffft	1211312443fffft	0 1 0 2 3 2 1 4 0 5 6 2 8 4 10 1 10 2 11 4 7 14 7 15 9 15 13 11 13 12 16 12 14 4 ffffffffffffftttt
0102321402fffft	1211312443ffftf	0 1 0 2 3 2 1 4 0 8 11 4 14 1 14 2 13 2 15 4 10 15 10 16 5 16 7 4 6 11 6 12 9 12 ffffffffffffftttt
0102321402fffft	1211312443fftff	0 1 0 2 6 2 3 11 3 12 7 12 1 8 4 8 0 15 14 8 13 4 13 5 16 5 10 1 10 2 9 2 11 8 ffffffffffffftttt
0102321402fffft	1211314324fffft	0 1 0 2 3 2 1 4 0 8 10 1 10 2 11 4 9 2 14 4 13 11 13 12 16 12 5 14 5 15 7 15 6 4 ffffffffffffftttt
0102321402fffft	1211314324ffftf	0 1 0 2 3 2 1 4 0 12 9 6 9 7 11 7 10 4 14 1 14 2 15 4 13 2 6 4 5 15 5 16 8 16 ffffffffffffftttt
0102321402fffft	1211314324fftff	0 1 0 2 4 2 10 8 1 8 9 6 9 7 12 7 0 15 13 10 13 11 16 11 14 8 5 1 5 2 3 2 6 8 ffffffffffffftttt
0102321402fffft	1211314423fffft	0 1 0 2 3 2 1 4 0 8 9 1 9 2 10 4 12 2 13 14 13 15 16 15 14 4 5 10 5 11 7 11 6 4 ffffffffffffftttt
0102321402fffft	1211314423ffftf	0 1 0 2 3 2 1 4 0 8 7 4 14 1 14 2 13 2 15 4 6 15 6 16 9 16 11 4 10 11 10 12 5 12 ffffffffffffftttt
0102321402fffft	1211314423fftff	0 1 0 2 4 2 10 8 1 8 9 10 9 11 12 11 0 15 13 6 13 7 16 7 14 8 5 1 5 2 3 2 6 8 ffffffffffffftttt
0102321402fffft	1211332441fffft	0 1 0 2 3 2 1 5 7 5 0 8 10 11 10 12 4 12 11 5 6 14 6 15 9 15 13 1 13 2 16 2 14 5 ffffffffffffftttt
0102321402fffft	1211334124fffft	0 1 0 2 3 2 1 4 0 7 10 11 10 12 9 12 11 4 14 4 13 1 13 2 16 2 5 14 5 15 8 15 6 4 ffffffffffffftttt
0102321402fffft	1211334124ffftf	0 1 0 2 3 2 1 4 0 11 9 6 9 8 10 4 12 8 14 15 14 16 13 16 15 4 6 4 5 1 5 2 7 2 ffffffffffffftttt
0102321402fffft	1211334124fftff	0 1 0 2 4 2 10 8 1 8 9 1 9 2 12 2 0 15 13 10 13 11 16 11 14 8 5 6 5 7 3 7 6 8 ffffffffffffftttt
0102321402fffft	1211334421fffft	0 1 0 2 3 2 1 4 0 7 9 10 9 11 12 11 10 4 13 14 13 16 15 16 14 4 5 1 5 2 6 4 8 2 ffffffffffffftttt
0102321402fffft	1211334421ffftf	0 1 0 2 3 2 1 4 0 11 9 1 9 2 10 4 12 2 14 15 14 16 13 16 15 4 6 4 5 6 5 8 7 8 ffffffffffffftttt
0102321402fffft	1211334421fftff	0 1 0 2 4 2 10 8 1 8 9 10 9 11 12 11 0 15 13 1 13 2 16 2 14 8 5 6 5 7 3 7 6 8 ffffffffffffftttt
0102321402fffft	1211342143fffft	0 1 0 2 4 2 5 2 1 6 9 6 0 12 11 6 10 1 10 2 8 14 8 15 7 15 13 9 13 3 16 3 14 6 ffffffffffffftttt
0102321402fffft	1211342143ffftf	0 1 0 2 3 2 1 4 0 8 11 4 14 11 14 12 13 12 15 4 10 15 10 16 5 16 7 4 6 1 6 2 9 2 ffffffffffffftttt
0102321402fffft	1211342143fftff	0 1 0 2 6 2 3 11 3 12 7 12 1 8 4 8 0 15 14 8 13 1 13 2 16 2 10 4 10 5 9 5 11 8 ffffffffffffftttt
0102321402fffft	1211342341fffft	0 1 0 2 4 2 5 3 1 6 9 6 0 12 11 6 10 9 10 3 8 14 8 15 7 15 13 1 13 2 16 2 14 6 ffffffffffffftttt
0102321402fffft	1211344123fffft	0 1 0 2 3 2 1 4 0 8 11 4 10 14 10 15 9 15 14 4 13 1 13 2 16 2 6 11 6 12 5 12 7 4 ffffffffffffftttt
0102321402fffft	1211344123ffftf	0 1 0 2 3 2 1 4 0 8 7 4 14 11 14 12 13 12 15 4 6 15 6 16 9 16 11 4 10 1 10 2 5 2 ffffffffffffftttt
0102321402fffft	1211344123fftff	0 1 0 2 4 2 10 8 1 8 9 1 9 2 12 2 0 15 13 6 13 7 16 7 14 8 5 10 5 11 3 11 6 8 ffffffffffffftttt
0102321402fffft	1211344321fffft	0 1 0 2 3 2 1 4 0 8 11 4 10 14 10 16 9 16 14 4 13 11 13 12 15 12 6 1 6 2 7 4 5 2 ffffffffffffftttt
0102321402fffft	1211344321ffftf	0 1 0 2 3 2 1 4 0 12 9 1 9 2 11 2 10 4 14 6 14 7 15 4 13 7 6 4 5 15 5 16 8 16 ffffffffffffftttt
0102321402fffft	1211344321fftff	0 1 0 2 4 2 10 8 1 8 9 6 9 7 12 7 0 15 13 1 13 2 16 2 14 8 5 10 5 11 3 11 6 8 ffffffffffffftttt
0102321412fffft	1211233441fffft	0 1 0 2 3 2 1 4 1 8 7 4 6 11 6 12 5 12 11 4 10 14 10 15 9 15 13 1 13 2 16 2 14 4 ffffffffffffftttt
0102321412fffft	1211234134fffft	0 1 0 2 3 2 1 4 1 8 7 4 6 11 6 12 5 12 14 4 13 1 13 2 16 2 10 14 10 15 9 15 11 4 ffffffffffffftttt
0102321412fffft	1211234134ffftf	0 1 0 2 3 2 1 4 1 8 7 4 6 15 6 16 5 16 14 10 14 11 13 11 15 4 10 4 9 1 9 2 12 2 ffffffffffffftttt
0102321412fffft	1211234431fffft	0 1 0 2 3 2 1 4 1 8 7 4 6 10 6 11 5 11 13 14 13 16 15 16 14 4 9 1 9 2 10 4 12 2 ffffffffffffftttt
0102321412fffft	1211234431ffftf	0 1 0 2 3 2 1 4 1 8 7 4 6 15 6 16 5 16 14 1 14 2 13 2 15 4 10 4 9 10 9 11 12 11 ffffffffffffftttt
0102321412fffft	1211312443fffft	0 1 0 2 3 2 1 4 1 5 6 2 8 4 10 1 10 2 11 4 7 14 7 15 9 15 13 11 13 12 16 12 14 4 ffffffffffffftttt
0102321412fffft	1211312443ffftf	0 1 0 2 3 2 1 4 1 8 11 4 14 1 14 2 13 2 15 4 10 15 10 16 5 16 7 4 6 11 6 12 9 12 ffffffffffffftttt
0102321412fffft	1211312443fftff	0 1 0 2 6 2 3 11 3 12 7 12 1 8 4 8 1 15 14 8 13 4 13 5 16 5 10 1 10 2 9 2 11 8 ffffffffffffftttt
0102321412fffft	1211314324fffft	0 1 0 2 3 2 1 4 1 8 10 1 10 2 11 4 9 2 14 4 13 11 13 12 16 12 5 14 5 15 7 15 6 4 ffffffffffffftttt
0102321412fffft	1211314324ffftf	0 1 0 2 3 2 1 4 1 12 9 6 9 7 11 7 10 4 14 1 14 2 15 4 13 2 6 4 5 15 5 16 8 16 ffffffffffffftttt
0102321412fffft	1211314324fftff	0 1 0 2 4 2 10 8 1 8 9 6 9 7 12 7 1 15 13 10 13 11 16 11 14 8 5 1 5 2 3 2 6 8 ffffffffffffftttt
0102321412fffft	1211314423fffft	0 1 0 2 3 2 1 4 1 8 9 1 9 2 10 4 12 2 13 14 13 15 16 15 14 4 5 10 5 11 7 11 6 4 ffffffffffffftttt
0102321412fffft	1211314423ffftf	0 1 0 2 3 2 1 4 1 8 7 4 14 1 14 2 13 2 15 4 6 15 6 16 9 16 11 4 10 11 10 12 5 12 ffffffffffffftttt
0102321412fffft	1211314423fftff	0 1 0 2 4 2 10 8 1 8 9 10 9 11 12 11 1 15 13 6 13 7 16 7 14 8 5 1 5 2 3 2 6 8 ffffffffffffftttt
0102321412fffft	1211332441fffft	0 1 0 2 3 2 1 5 7 5 1 8 10 11 10 12 4 12 11 5 6 14 6 15 9 15 13 1 13 2 16 2 14 5 ffffffffffffftttt
0102321412fffft	1211334124fffft	0 1 0 2 3 2 1 4 1 7 10 11 10 12 9 12 11 4 14 4 13 1 13 2 16 2 5 14 5 15 8 15 6 4 ffffffffffffftttt
0102321412fffft	1211334124ffftf	0 1 0 2 3 2 1 4 1 11 9 6 9 8 10 4 12 8 14 15 14 16 13 16 15 4 6 4 5 1 5 2 7 2 ffffffffffffftttt
0102321412fffft	1211334124fftff	0 1 0 2 4 2 10 8 1 8 9 1 9 2 12 2 1 15 13 10 13 11 16 11 14 8 5 6 5 7 3 7 6 8 ffffffffffffftttt
0102321412fffft	1211334421fffft	0 1 0 2 3 2 1 4 1 7 9 10 9 11 12 11 10 4 13 14 13 16 15 16 14 4 5 1 5 2 6 4 8 2 ffffffffffffftttt
0102321412fffft	1211334421ffftf	0 1 0 2 3 2 1 4 1 11 9 1 9 2 10 4 12 2 14 15 14 16 13 16 15 4 6 4 5 6 5 8 7 8 ffffffffffffftttt
0102321412fffft	1211334421fftff	0 1 0 2 4 2 10 8 1 8 9 10 9 11 12 11 1 15 13 1 13 2 16 2 14 8 5 6 5 7 3 7 6 8 ffffffffffffftttt
0102321412fffft	1211342143fffft	0 1 0 2 4 2 5 2 1 6 9 6 1 12 11 6 10 1 10 2 8 14 8 15 7 15 13 9 13 3 16 3 14 6 ffffffffffffftttt
0102321412fffft	1211342143ffftf	0 1 0 2 3 2 1 4 1 8 11 4 14 11 14 12 13 12 15 4 10 15 10 16 5 16 7 4 6 1 6 2 9 2 ffffffffffffftttt
0102321412fffft	1211342143fftff	0 1 0 2 6 2 3 11 3 12 7 12 1 8 4 8 1 15 14 8 13 1 13 2 16 2 10 4 10 5 9 5 11 8 ffffffffffffftttt
0102321412fffft	1211342341fffft	0 1 0 2 4 2 5 3 1 6 9 6 1 12 11 6 10 9 10 3 8 14 8 15 7 15 13 1 13 2 16 2 14 6 ffffffffffffftttt
0102321412fffft	1211344123fffft	0 1 0 2 3 2 1 4 1 8 11 4 10 14 10 15 9 15 14 4 13 1 13 2 16 2 6 11 6 12 5 12 7 4 ffffffffffffftttt
0102321412fffft	1211344123ffftf	0 1 0 2 3 2 1 4 1 8 7 4 14 11 14 12 13 12 15 4 6 15 6 16 9 16 11 4 10 1 10 2 5 2 ffffffffffffftttt
0102321412fffft	1211344123fftff	0 1 0 2 4 2 10 8 1 8 9 1 9 2 12 2 1 15 13 6 13 7 16 7 14 8 5 10 5 11 3 11 6 8 ffffffffffffftttt
0102321412fffft	1211344321fffft	0 1 0 2 3 2 1 4 1 8 11 4 10 14 10 16 9 16 14 4 13 11 13 12 15 12 6 1 6 2 7 4 5 2 ffffffffffffftttt
0102321412fffft	1211344321ffftf	0 1 0 2 3 2 1 4 1 12 9 1 9 2 11 2 10 4 14 6 14 7 15 4 13 7 6 4 5 15 5 16 8 16 ffffffffffffftttt
0102321412fffft	1211344321fftff	0 1 0 2 4 2 10 8 1 8 9 6 9 7 12 7 1 15 13 1 13 2 16 2 14 8 5 10 5 11 3 11 6 8 ffffffffffffftttt
0102321422fffft	1211233441fffft	0 1 0 2 3 2 1 4 2 8 7 4 6 11 6 12 5 12 11 4 10 14 10 15 9 15 13 1 13 2 16 2 14 4 ffffffffffffftttt
0102321422fffft	1211234134fffft	0 1 0 2 3 2 1 4 2 8 7 4 6 11 6 12 5 12 14 4 13 1 13 2 16 2 10 14 10 15 9 15 11 4 ffffffffffffftttt
0102321422fffft	1211234134ffftf	0 1 0 2 3 2 1 4 2 8 7 4 6 15 6 16 5 16 14 10 14 11 13 11 15 4 10 4 9 1 9 2 12 2 ffffffffffffftttt
0102321422fffft	1211234431fffft	0 1 0 2 3 2 1 4 2 8 7 4 6 10 6 11 5 11 13 14 13 16 15 16 14 4 9 1 9 2 10 4 12 2 ffffffffffffftttt
0102321422fffft	1211234431ffftf	0 1 0 2 3 2 1 4 2 8 7 4 6 15 6 16 5 16 14 1 14 2 13 2 15 4 10 4 9 10 9 11 12 11 ffffffffffffftttt
0102321422fffft	1211312443fffft	0 1 0 2 3 2 1 4 2 5 6 2 8 4 10 1 10 2 11 4 7 14 7 15 9 15 13 11 13 12 16 12 14 4 ffffffffffffftttt
0102321422fffft	1211312443ffftf	0 1 0 2 3 2 1 4 2 8 11 4 14 1 14 2 13 2 15 4 10 15 10 16 5 16 7 4 6 11 6 12 9 12 ffffffffffffftttt
0102321422fffft	1211312443fftff	0 1 0 2 6 2 3 11 3 12 7 12 1 8 4 8 2 15 14 8 13 4 13 5 16 5 10 1 10 2 9 2 11 8 ffffffffffffftttt
0102321422fffft	1211314324fffft	0 1 0 2 3 2 1 4 2 8 10 1 10 2 11 4 9 2 14 4 13 11 13 12 16 12 5 14 5 15 7 15 6 4 ffffffffffffftttt
0102321422fffft	1211314324ffftf	0 1 0 2 3 2 1 4 2 12 9 6 9 7 11 7 10 4 14 1 14 2 15 4 13 2 6 4 5 15 5 16 8 16 ffffffffffffftttt
0102321422fffft	1211314324fftff	0 1 0 2 4 2 10 8 1 8 9 6 9 7 12 7 2 15 13 10 13 11 16 11 14 8 5 1 5 2 3 2 6 8 ffffffffffffftttt
0102321422fffft	1211314423fffft	0 1 0 2 3 2 1 4 2 8 9 1 9 2 10 4 12 2 13 14 13 15 16 15 14 4 5 10 5 11 7 11 6 4 ffffffffffffftttt
0102321422fffft	1211314423ffftf	0 1 0 2 3 2 1 4 2 8 7 4 14 1 14 2 13 2 15 4 6 15 6 16 9 16 11 4 10 11 10 12 5 12 ffffffffffffftttt
0102321422fffft	1211314423fftff	0 1 0 2 4 2 10 8 1 8 9 10 9 11 12 11 2 15 13 6 13 7 16 7 14 8 5 1 5 2 3 2 6 8 ffffffffffffftttt
0102321422fffft	1211332441fffft	0 1 0 2 3 2 1 5 7 5 2 8 10 11 10 12 4 12 11 5 6 14 6 15 9 15 13 1 13 2 16 2 14 5 ffffffffffffftttt
0102321422fffft	1211334124fffft	0 1 0 2 3 2 1 4 2 7 10 11 10 12 9 12 11 4 14 4 13 1 13 2 16 2 5 14 5 15 8 15 6 4 ffffffffffffftttt
0102321422fffft	1211334124ffftf	0 1 0 2 3 2 1 4 2 11 9 6 9 8 10 4 12 8 14 15 14 16 13 16 15 4 6 4 5 1 5 2 7 2 ffffffffffffftttt
0102321422fffft	1211334124fftff	0 1 0 2 4 2 10 8 1 8 9 1 9 2 12 2 2 15 13 10 13 11 16 11 14 8 5 6 5 7 3 7 6 8 ffffffffffffftttt
0102321422fffft	1211334421fffft	0 1 0 2 3 2 1 4 2 7 9 10 9 11 12 11 10 4 13 14 13 16 15 16 14 4 5 1 5 2 6 4 8 2 ffffffffffffftttt
0102321422fffft	1211334421ffftf	0 1 0 2 3 2 1 4 2 11 9 1 9 2 10 4 12 2 14 15 14 16 13 16 15 4 6 4 5 6 5 8 7 8 ffffffffffffftttt
0102321422fffft	1211334421fftff	0 1 0 2 4 2 10 8 1 8 9 10 9 11 12 11 2 15 13 1 13 2 16 2 14 8 5 6 5 7 3 7 6 8 ffffffffffffftttt
0102321422fffft	1211342143fffft	0 1 0 2 4 2 5 2 1 6 9 6 2 12 11 6 10 1 10 2 8 14 8 15 7 15 13 9 13 3 16 3 14 6 ffffffffffffftttt
0102321422fffft	1211342143ffftf	0 1 0 2 3 2 1 4 2 8 11 4 14 11 14 12 13 12 15 4 10 15 10 16 5 16 7 4 6 1 6 2 9 2 ffffffffffffftttt
0102321422fffft	1211342143fftff	0 1 0 2 6 2 3 11 3 12 7 12 1 8 4 8 2 15 14 8 13 1 13 2 16 2 10 4 10 5 9 5 11 8 ffffffffffffftttt
0102321422fffft	1211342341fffft	0 1 0 2 4 2 5 3 1 6 9 6 2 12 11 6 10 9 10 3 8 14 8 15 7 15 13 1 13 2 16 2 14 6 ffffffffffffftttt
0102321422fffft	1211344123fffft	0 1 0 2 3 2 1 4 2 8 11 4 10 14 10 15 9 15 14 4 13 1 13 2 16 2 6 11 6 12 5 12 7 4 ffffffffffffftttt
0102321422fffft	1211344123ffftf	0 1 0 2 3 2 1 4 2 8 7 4 14 11 14 12 13 12 15 4 6 15 6 16 9 16 11 4 10 1 10 2 5 2 ffffffffffffftttt
0102321422fffft	1211344123fftff	0 1 0 2 4 2 10 8 1 8 9 1 9 2 12 2 2 15 13 6 13 7 16 7 14 8 5 10 5 11 3 11 6 8 ffffffffffffftttt
0102321422fffft	1211344321fffft	0 1 0 2 3 2 1 4 2 8 11 4 10 14 10 16 9 16 14 4 13 11 13 12 15 12 6 1 6 2 7 4 5 2 ffffffffffffftttt
0102321422fffft	1211344321ffftf	0 1 0 2 3 2 1 4 2 12 9 1 9 2 11 2 10 4 14 6 14 7 15 4 13 7 6 4 5 15 5 16 8 16 ffffffffffffftttt
0102321422fffft	1211344321fftff	0 1 0 2 4 2 10 8 1 8 9 6 9 7 12 7 2 15 13 1 13 2 16 2 14 8 5 10 5 11 3 11 6 8 ffffffffffffftttt
0102321432fffft	1211233441fffft	0 1 0 2 3 2 1 4 3 8 7 4 6 11 6 12 5 12 11 4 10 14 10 15 9 15 13 1 13 2 16 2 14 4 ffffffffffffftttt
0102321432fffft	1211234134fffft	0 1 0 2 3 2 1 4 3 8 7 4 6 11 6 12 5 12 14 4 13 1 13 2 16 2 10 14 10 15 9 15 11 4 ffffffffffffftttt
0102321432fffft	1211234134ffftf	0 1 0 2 3 2 1 4 3 8 7 4 6 15 6 16 5 16 14 10 14 11 13 11 15 4 10 4 9 1 9 2 12 2 ffffffffffffftttt
0102321432fffft	1211234431fffft	0 1 0 2 3 2 1 4 3 8 7 4 6 10 6 11 5 11 13 14 13 16 15 16 14 4 9 1 9 2 10 4 12 2 ffffffffffffftttt
0102321432fffft	1211234431ffftf	0 1 0 2 3 2 1 4 3 8 7 4 6 15 6 16 5 16 14 1 14 2 13 2 15 4 10 4 9 10 9 11 12 11 ffffffffffffftttt
0102321432fffft	1211312443fffft	0 1 0 2 3 2 1 4 3 5 6 2 8 4 10 1 10 2 11 4 7 14 7 15 9 15 13 11 13 12 16 12 14 4 ffffffffffffftttt
0102321432fffft	1211312443ffftf	0 1 0 2 3 2 1 4 3 8 11 4 14 1 14 2 13 2 15 4 10 15 10 16 5 16 7 4 6 11 6 12 9 12 ffffffffffffftttt
0102321432fffft	1211312443fftff	0 1 0 2 6 2 3 11 3 12 7 12 1 8 4 8 6 15 14 8 13 4 13 5 16 5 10 1 10 2 9 2 11 8 ffffffffffffftttt
0102321432fffft	1211314324fffft	0 1 0 2 3 2 1 4 3 8 10 1 10 2 11 4 9 2 14 4 13 11 13 12 16 12 5 14 5 15 7 15 6 4 ffffffffffffftttt
0102321432fffft	1211314324ffftf	0 1 0 2 3 2 1 4 3 12 9 6 9 7 11 7 10 4 14 1 14 2 15 4 13 2 6 4 5 15 5 16 8 16 ffffffffffffftttt
0102321432fffft	1211314324fftff	0 1 0 2 4 2 10 8 1 8 9 6 9 7 12 7 4 15 13 10 13 11 16 11 14 8 5 1 5 2 3 2 6 8 ffffffffffffftttt
0102321432fffft	1211314423fffft	0 1 0 2 3 2 1 4 3 8 9 1 9 2 10 4 12 2 13 14 13 15 16 15 14 4 5 10 5 11 7 11 6 4 ffffffffffffftttt
0102321432fffft	1211314423ffftf	0 1 0 2 3 2 1 4 3 8 7 4 14 1 14 2 13 2 15 4 6 15 6 16 9 16 11 4 10 11 10 12 5 12 ffffffffffffftttt
0102321432fffft	1211314423fftff	0 1 0 2 4 2 10 8 1 8 9 10 9 11 12 11 4 15 13 6 13 7 16 7 14 8 5 1 5 2 3 2 6 8 ffffffffffffftttt
0102321432fffft	1211332441fffft	0 1 0 2 3 2 1 5 7 5 3 8 10 11 10 12 4 12 11 5 6 14 6 15 9 15 13 1 13 2 16 2 14 5 ffffffffffffftttt
0102321432fffft	1211334124fffft	0 1 0 2 3 2 1 4 3 7 10 11 10 12 9 12 11 4 14 4 13 1 13 2 16 2 5 14 5 15 8 15 6 4 ffffffffffffftttt
0102321432fffft	1211334124ffftf	0 1 0 2 3 2 1 4 3 11 9 6 9 8 10 4 12 8 14 15 14 16 13 16 15 4 6 4 5 1 5 2 7 2 ffffffffffffftttt
0102321432fffft	1211334124fftff	0 1 0 2 4 2 10 8 1 8 9 1 9 2 12 2 4 15 13 10 13 11 16 11 14 8 5 6 5 7 3 7 6 8 ffffffffffffftttt
0102321432fffft	1211334421fffft	0 1 0 2 3 2 1 4 3 7 9 10 9 11 12 11 10 4 13 14 13 16 15 16 14 4 5 1 5 2 6 4 8 2 ffffffffffffftttt
0102321432fffft	1211334421ffftf	0 1 0 2 3 2 1 4 3 11 9 1 9 2 10 4 12 2 14 15 14 16 13 16 15 4 6 4 5 6 5 8 7 8 ffffffffffffftttt
0102321432fffft	1211334421fftff	0 1 0 2 4 2 10 8 1 8 9 10 9 11 12 11 4 15 13 1 13 2 16 2 14 8 5 6 5 7 3 7 6 8 ffffffffffffftttt
0102321432fffft	1211342143fffft	0 1 0 2 4 2 5 2 1 6 9 6 4 12 11 6 10 1 10 2 8 14 8 15 7 15 13 9 13 3 16 3 14 6 ffffffffffffftttt
0102321432fffft	1211342143ffftf	0 1 0 2 3 2 1 4 3 8 11 4 14 11 14 12 13 12 15 4 10 15 10 16 5 16 7 4 6 1 6 2 9 2 ffffffffffffftttt
0102321432fffft	1211342143fftff	0 1 0 2 6 2 3 11 3 12 7 12 1 8 4 8 6 15 14 8 13 1 13 2 16 2 10 4 10 5 9 5 11 8 ffffffffffffftttt
0102321432fffft	1211342341fffft	0 1 0 2 4 2 5 3 1 6 9 6 4 12 11 6 10 9 10 3 8 14 8 15 7 15 13 1 13 2 16 2 14 6 ffffffffffffftttt
0102321432fffft	1211344123fffft	0 1 0 2 3 2 1 4 3 8 11 4 10 14 10 15 9 15 14 4 13 1 13 2 16 2 6 11 6 12 5 12 7 4 ffffffffffffftttt
0102321432fffft	1211344123ffftf	0 1 0 2 3 2 1 4 3 8 7 4 14 11 14 12 13 12 15 4 6 15 6 16 9 16 11 4 10 1 10 2 5 2 ffffffffffffftttt
0102321432fffft	1211344123fftff	0 1 0 2 4 2 10 8 1 8 9 1 9 2 12 2 4 15 13 6 13 7 16 7 14 8 5 10 5 11 3 11 6 8 ffffffffffffftttt
0102321432fffft	1211344321fffft	0 1 0 2 3 2 1 4 3 8 11 4 10 14 10 16 9 16 14 4 13 11 13 12 15 12 6 1 6 2 7 4 5 2 ffffffffffffftttt
0102321432fffft	1211344321ffftf	0 1 0 2 3 2 1 4 3 12 9 1 9 2 11 2 10 4 14 6 14 7 15 4 13 7 6 4 5 15 5 16 8 16 ffffffffffffftttt
0102321432fffft	1211344321fftff	0 1 0 2 4 2 10 8 1 8 9 6 9 7 12 7 4 15 13 1 13 2 16 2 14 8 5 10 5 11 3 11 6 8 ffffffffffffftttt
0102321442fffft	1211233441fffft	0 1 0 2 3 2 1 4 4 8 7 4 6 11 6 12 5 12 11 4 10 14 10 15 9 15 13 1 13 2 16 2 14 4 ffffffffffffftttt
0102321442fffft	1211234134fffft	0 1 0 2 3 2 1 4 4 8 7 4 6 11 6 12 5 12 14 4 13 1 13 2 16 2 10 14 10 15 9 15 11 4 ffffffffffffftttt
0102321442fffft	1211234134ffftf	0 1 0 2 3 2 1 4 4 8 7 4 6 15 6 16 5 16 14 10 14 11 13 11 15 4 10 4 9 1 9 2 12 2 ffffffffffffftttt
0102321442fffft	1211234431fffft	0 1 0 2 3 2 1 4 4 8 7 4 6 10 6 11 5 11 13 14 13 16 15 16 14 4 9 1 9 2 10 4 12 2 ffffffffffffftttt
0102321442fffft	1211234431ffftf	0 1 0 2 3 2 1 4 4 8 7 4 6 15 6 16 5 16 14 1 14 2 13 2 15 4 10 4 9 10 9 11 12 11 ffffffffffffftttt
0102321442fffft	1211312443fffft	0 1 0 2 3 2 1 4 4 5 6 2 8 4 10 1 10 2 11 4 7 14 7 15 9 15 13 11 13 12 16 12 14 4 ffffffffffffftttt
0102321442fffft	1211312443ffftf	0 1 0 2 3 2 1 4 4 8 11 4 14 1 14 2 13 2 15 4 10 15 10 16 5 16 7 4 6 11 6 12 9 12 ffffffffffffftttt
0102321442fffft	1211312443fftff	0 1 0 2 6 2 3 11 3 12 7 12 1 8 4 8 8 15 14 8 13 4 13 5 16 5 10 1 10 2 9 2 11 8 ffffffffffffftttt
0102321442fffft	1211314324fffft	0 1 0 2 3 2 1 4 4 8 10 1 10 2 11 4 9 2 14 4 13 11 13 12 16 12 5 14 5 15 7 15 6 4 ffffffffffffftttt
0102321442fffft	1211314324ffftf	0 1 0 2 3 2 1 4 4 12 9 6 9 7 11 7 10 4 14 1 14 2 15 4 13 2 6 4 5 15 5 16 8 16 ffffffffffffftttt
0102321442fffft	1211314324fftff	0 1 0 2 4 2 10 8 1 8 9 6 9 7 12 7 8 15 13 10 13 11 16 11 14 8 5 1 5 2 3 2 6 8 ffffffffffffftttt
0102321442fffft	1211314423fffft	0 1 0 2 3 2 1 4 4 8 9 1 9 2 10 4 12 2 13 14 13 15 16 15 14 4 5 10 5 11 7 11 6 4 ffffffffffffftttt
0102321442fffft	1211314423ffftf	0 1 0 2 3 2 1 4 4 8 7 4 14 1 14 2 13 2 15 4 6 15 6 16 9 16 11 4 10 11 10 12 5 12 ffffffffffffftttt
0102321442fffft	1211314423fftff	0 1 0 2 4 2 10 8 1 8 9 10 9 11 12 11 8 15 13 6 13 7 16 7 14 8 5 1 5 2 3 2 6 8 ffffffffffffftttt
0102321442fffft	1211332441fffft	0 1 0 2 3 2 1 5 7 5 5 8 10 11 10 12 4 12 11 5 6 14 6 15 9 15 13 1 13 2 16 2 14 5 ffffffffffffftttt
0102321442fffft	1211334124fffft	0 1 0 2 3 2 1 4 4 7 10 11 10 12 9 12 11 4 14 4 13 1 13 2 16 2 5 14 5 15 8 15 6 4 ffffffffffffftttt
0102321442fffft	1211334124ffftf	0 1 0 2 3 2 1 4 4 11 9 6 9 8 10 4 12 8 14 15 14 16 13 16 15 4 6 4 5 1 5 2 7 2 ffffffffffffftttt
0102321442fffft	1211334124fftff	0 1 0 2 4 2 10 8 1 8 9 1 9 2 12 2 8 15 13 10 13 11 16 11 14 8 5 6 5 7 3 7 6 8 ffffffffffffftttt
0102321442fffft	1211334421fffft	0 1 0 2 3 2 1 4 4 7 9 10 9 11 12 11 10 4 13 14 13 16 15 16 14 4 5 1 5 2 6 4 8 2 ffffffffffffftttt
0102321442fffft	1211334421ffftf	0 1 0 2 3 2 1 4 4 11 9 1 9 2 10 4 12 2 14 15 14 16 13 16 15 4 6 4 5 6 5 8 7 8 ffffffffffffftttt
0102321442fffft	1211334421fftff	0 1 0 2 4 2 10 8 1 8 9 10 9 11 12 11 8 15 13 1 13 2 16 2 14 8 5 6 5 7 3 7 6 8 ffffffffffffftttt
0102321442fffft	1211342143fffft	0 1 0 2 4 2 5 2 1 6 9 6 6 12 11 6 10 1 10 2 8 14 8 15 7 15 13 9 13 3 16 3 14 6 ffffffffffffftttt
0102321442fffft	1211342143ffftf	0 1 0 2 3 2 1 4 4 8 11 4 14 11 14 12 13 12 15 4 10 15 10 16 5 16 7 4 6 1 6 2 9 2 ffffffffffffftttt
0102321442fffft	1211342143fftff	0 1 0 2 6 2 3 11 3 12 7 12 1 8 4 8 8 15 14 8 13 1 13 2 16 2 10 4 10 5 9 5 11 8 ffffffffffffftttt
0102321442fffft	1211342341fffft	0 1 0 2 4 2 5 3 1 6 9 6 6 12 11 6 10 9 10 3 8 14 8 15 7 15 13 1 13 2 16 2 14 6 ffffffffffffftttt
0102321442fffft	1211344123fffft	0 1 0 2 3 2 1 4 4 8 11 4 10 14 10 15 9 15 14 4 13 1 13 2 16 2 6 11 6 12 5 12 7 4 ffffffffffffftttt
0102321442fffft	1211344123ffftf	0 1 0 2 3 2 1 4 4 8 7 4 14 11 14 12 13 12 15 4 6 15 6 16 9 16 11 4 10 1 10 2 5 2 ffffffffffffftttt
0102321442fffft	1211344123fftff	0 1 0 2 4 2 10 8 1 8 9 1 9 2 12 2 8 15 13 6 13 7 16 7 14 8 5 10 5 11 3 11 6 8 ffffffffffffftttt
0102321442fffft	1211344321fffft	0 1 0 2 3 2 1 4 4 8 11 4 10 14 10 16 9 16 14 4 13 11 13 12 15 12 6 1 6 2 7 4 5 2 ffffffffffffftttt
0102321442fffft	1211344321ffftf	0 1 0 2 3 2 1 4 4 12 9 1 9 2 11 2 10 4 14 6 14 7 15 4 13 7 6 4 5 15 5 16 8 16 ffffffffffffftttt
0102321442fffft	1211344321fftff	0 1 0 2 4 2 10 8 1 8 9 6 9 7 12 7 8 15 13 1 13 2 16 2 14 8 5 10 5 11 3 11 6 8 ffffffffffffftttt
0121310421fffft	1211233441fffft	0 1 2 1 3 1 0 4 2 7 6 4 6 11 8 11 5 11 10 4 10 14 12 14 9 14 13 1 15 1 16 1 13 4 ffffffffffffftttt
0121310421fffft	1211234134fffft	0 1 2 1 3 1 0 4 2 7 6 4 6 11 8 11 5 11 13 4 13 1 14 1 16 1 10 15 9 15 12 15 10 4 ffffffffffffftttt
0121310421fffft	1211234134ffftf	0 1 2 1 3 1 0 4 2 7 6 4 6 15 8 15 5 15 14 10 16 10 13 10 14 4 9 4 9 1 11 1 12 1 ffffffffffffftttt
0121310421fffft	1211234431fffft	0 1 2 1 3 1 0 4 2 7 6 4 6 11 8 11 5 11 13 14 15 14 16 14 13 4 9 1 10 1 9 4 12 1 ffffffffffffftttt
0121310421fffft	1211234431ffftf	0 1 2 1 3 1 0 4 2 7 6 4 6 15 8 15 5 15 14 1 16 1 13 1 14 4 9 4 9 10 11 10 12 10 ffffffffffffftttt
0121310421fffft	1211312443fffft	0 1 2 1 3 1 0 6 5 1 7 6 2 8 10 1 11 1 10 6 7 14 9 14 4 14 13 12 15 12 16 12 13 6 ffffffffffffftttt
0121310421fffft	1211312443ffftf	0 1 2 1 3 1 0 4 2 7 10 4 14 1 16 1 13 1 14 4 10 15 12 15 5 15 6 4 6 11 8 11 9 11 ffffffffffffftttt
0121310421fffft	1211312443fftff	0 1 2 1 6 1 3 11 5 11 7 11 0 8 3 8 2 14 13 8 13 4 15 4 16 4 10 1 12 1 9 1 10 8 ffffffffffffftttt
0121310421fffft	1211314324fffft	0 1 2 1 3 1 0 4 2 7 10 1 10 4 12 1 9 1 13 4 13 11 14 11 16 11 5 15 6 15 8 15 5 4 ffffffffffffftttt
0121310421fffft	1211314324ffftf	0 1 2 1 3 1 0 4 2 10 9 7 11 7 12 7 9 4 14 1 16 1 14 4 13 1 5 4 5 15 6 15 8 15 ffffffffffffftttt
0121310421fffft	1211314324fftff	0 1 2 1 4 1 9 8 0 8 9 6 11 6 12 6 2 14 13 10 15 10 16 10 13 8 5 1 7 1 3 1 5 8 ffffffffffffftttt
0121310421fffft	1211314423fffft	0 1 2 1 3 1 0 4 2 6 9 1 11 1 9 4 12 1 13 15 14 15 16 15 13 4 5 10 7 10 8 10 5 4 ffffffffffffftttt
0121310421fffft	1211314423ffftf	0 1 2 1 3 1 0 4 2 7 6 4 14 1 16 1 13 1 14 4 6 15 8 15 9 15 10 4 10 11 12 11 5 11 ffffffffffffftttt
0121310421fffft	1211314423fftff	0 1 2 1 4 1 9 8 0 8 9 10 11 10 12 10 2 14 13 6 15 6 16 6 13 8 5 1 7 1 3 1 5 8 ffffffffffffftttt
0121310421fffft	1211332441fffft	0 1 2 1 3 1 0 5 6 5 2 7 10 11 12 11 4 11 10 5 6 14 8 14 9 14 13 1 15 1 16 1 13 5 ffffffffffffftttt
0121310421fffft	1211334124fffft	0 1 2 1 3 1 0 4 2 7 10 11 9 11 12 11 10 4 13 4 13 1 15 1 16 1 5 14 6 14 8 14 5 4 ffffffffffffftttt
0121310421fffft	1211334124ffftf	0 1 2 1 3 1 0 4 2 10 9 6 11 6 9 4 12 6 14 16 15 16 13 16 14 4 5 4 5 1 7 1 8 1 ffffffffffffftttt
0121310421fffft	1211334124fftff	0 1 2 1 4 1 9 8 0 8 9 1 11 1 12 1 2 14 13 10 15 10 16 10 13 8 5 6 7 6 3 6 5 8 ffffffffffffftttt
0121310421fffft	1211334421fffft	0 1 2 1 3 1 0 4 2 6 9 11 10 11 12 11 9 4 13 15 14 15 16 15 13 4 5 1 5 4 7 1 8 1 ffffffffffffftttt
0121310421fffft	1211334421ffftf	0 1 2 1 3 1 0 4 2 10 9 1 11 1 9 4 12 1 14 16 15 16 13 16 14 4 5 4 5 6 7 6 8 6 ffffffffffffftttt
0121310421fffft	1211334421fftff	0 1 2 1 4 1 9 8 0 8 9 10 11 10 12 10 2 14 13 1 15 1 16 1 13 8 5 6 7 6 3 6 5 8 ffffffffffffftttt
0121310421fffft	1211342143fffft	0 1 2 1 4 1 5 1 0 6 8 6 2 12 10 6 10 1 11 1 8 14 7 14 3 14 13 9 15 9 16 9 13 6 ffffffffffffftttt
0121310421fffft	1211342143ffftf	0 1 2 1 3 1 0 4 2 7 10 4 14 11 16 11 13 11 14 4 10 15 12 15 5 15 6 4 6 1 8 1 9 1 ffffffffffffftttt
0121310421fffft	1211342143fftff	0 1 2 1 6 1 3 11 5 11 7 11 0 8 3 8 2 14 13 8 13 1 15 1 16 1 10 4 12 4 9 4 10 8 ffffffffffffftttt
0121310421fffft	1211342341fffft	0 1 2 1 3 1 0 6 8 6 4 9 2 12 10 6 10 9 11 9 8 14 7 14 5 14 13 1 15 1 16 1 13 6 ffffffffffffftttt
0121310421fffft	1211344123fffft	0 1 2 1 3 1 0 4 2 7 10 4 10 14 12 14 9 14 13 4 13 1 15 1 16 1 6 11 8 11 5 11 6 4 ffffffffffffftttt
0121310421fffft	1211344123ffftf	0 1 2 1 3 1 0 4 2 8 6 4 14 11 13 11 16 11 14 4 6 15 7 15 9 15 10 4 10 1 12 1 5 1 ffffffffffffftttt
0121310421fffft	1211344123fftff	0 1 2 1 4 1 9 8 0 8 9 1 11 1 12 1 2 14 13 6 15 6 16 6 13 8 5 10 7 10 3 10 5 8 ffffffffffffftttt
0121310421fffft	1211344321fffft	0 1 2 1 3 1 0 4 2 7 10 4 10 14 11 14 9 14 13 4 13 12 15 12 16 12 6 1 8 1 6 4 5 1 ffffffffffffftttt
0121310421fffft	1211344321ffftf	0 1 2 1 3 1 0 4 2 10 9 1 11 1 12 1 9 4 14 7 16 7 14 4 13 7 5 4 5 15 6 15 8 15 ffffffffffffftttt
0121310421fffft	1211344321fftff	0 1 2 1 4 1 9 8 0 8 9 6 11 6 12 6 2 14 13 1 15 1 16 1 13 8 5 10 7 10 3 10 5 8 ffffffffffffftttt
0121340421fffft	1211233441fffft	0 1 2 1 3 5 0 5 6 5 2 9 8 5 10 5 8 12 4 12 11 5 11 14 7 14 13 1 15 1 16 5 13 5 ffffffffffffftttt
0121340421fffft	1211234134fffft	0 1 2 1 3 5 0 5 6 5 2 8 7 5 7 11 4 11 13 5 13 1 15 1 16 5 10 14 12 14 9 5 10 5 ffffffffffffftttt
0121340421fffft	1211234134ffftf	0 1 2 1 3 5 0 5 6 5 2 8 7 5 7 15 4 15 14 10 16 10 13 5 14 5 9 5 9 1 11 1 12 5 ffffffffffffftttt
0121340421fffft	1211234431fffft	0 1 2 1 3 5 0 5 6 5 2 8 7 5 7 10 4 10 13 15 16 15 13 5 14 5 9 1 9 5 12 1 11 5 ffffffffffffftttt
0121340421fffft	1211234431ffftf	0 1 2 1 3 5 0 5 6 5 2 8 7 5 7 16 4 16 15 1 14 1 13 5 15 5 9 5 12 5 9 10 11 10 ffffffffffffftttt
0121340421fffft	1211312443fffft	0 1 2 1 3 4 0 4 2 5 8 1 7 4 9 4 10 4 11 1 11 4 9 14 6 14 13 12 15 12 16 4 13 4 ffffffffffffftttt
0121340421fffft	1211312443ffftf	0 1 2 1 3 5 0 5 6 5 2 8 11 5 15 1 14 1 13 5 15 5 11 16 4 16 7 5 10 5 7 12 9 12 ffffffffffffftttt
0121340421fffft	1211312443fftff	0 1 4 1 2 12 5 12 6 8 7 8 0 8 2 8 4 14 13 8 16 8 13 3 15 3 11 1 10 1 9 8 11 8 ffffffffffffftttt
0121340421fffft	1211314324fffft	0 1 2 1 3 4 0 4 2 7 10 1 10 4 12 1 9 4 13 4 13 11 15 11 16 4 5 14 8 14 6 4 5 4 ffffffffffffftttt
0121340421fffft	1211314324ffftf	0 1 2 1 3 4 0 4 2 11 9 6 12 6 10 4 9 4 15 1 15 4 14 1 13 4 5 4 8 4 5 16 7 16 ffffffffffffftttt
0121340421fffft	1211314324fftff	0 1 4 1 9 8 12 8 5 8 0 8 9 7 11 7 4 14 13 10 15 10 16 8 13 8 6 1 3 1 2 8 6 8 ffffffffffffftttt
0121340421fffft	1211314423fffft	0 1 2 1 3 4 0 4 2 7 9 1 9 4 12 1 11 4 13 14 15 14 13 4 16 4 5 10 8 10 6 4 5 4 ffffffffffffftttt
0121340421fffft	1211314423ffftf	0 1 2 1 3 6 0 6 10 6 7 6 2 8 14 1 16 1 13 6 14 6 7 15 9 15 11 6 11 12 4 12 5 6 ffffffffffffftttt
0121340421fffft	1211314423fftff	0 1 4 1 9 8 12 8 5 8 0 8 9 10 11 10 4 14 13 7 15 7 16 8 13 8 6 1 3 1 2 8 6 8 ffffffffffffftttt
0121340421fffft	1211332441fffft	0 1 2 1 3 6 0 6 5 6 8 6 2 9 10 6 11 12 7 12 11 6 8 14 4 14 13 1 15 1 16 6 13 6 ffffffffffffftttt
0121340421fffft	1211334124fffft	0 1 2 1 3 4 0 4 2 6 10 11 12 11 9 4 10 4 13 4 13 1 15 1 16 4 5 14 7 14 8 4 5 4 ffffffffffffftttt
0121340421fffft	1211334124ffftf	0 1 2 1 3 4 0 4 2 10 9 7 9 4 11 7 12 4 15 16 14 16 13 4 15 4 5 4 6 4 5 1 8 1 ffffffffffffftttt
0121340421fffft	1211334124fftff	0 1 4 1 9 8 12 8 5 8 0 8 9 1 11 1 4 14 13 10 15 10 16 8 13 8 6 7 3 7 2 8 6 8 ffffffffffffftttt
0121340421fffft	1211334421fffft	0 1 2 1 3 4 0 4 2 6 9 10 12 10 11 4 9 4 13 15 16 15 13 4 14 4 5 1 5 4 7 1 8 4 ffffffffffffftttt
0121340421fffft	1211334421ffftf	0 1 2 1 3 4 0 4 2 10 9 1 9 4 11 1 12 4 15 16 14 16 13 4 15 4 5 4 6 4 5 7 8 7 ffffffffffffftttt
0121340421fffft	1211334421fftff	0 1 4 1 9 8 12 8 5 8 0 8 9 10 11 10 4 14 13 1 15 1 16 8 13 8 6 7 3 7 2 8 6 8 ffffffffffffftttt
0121340421fffft	1211342143fffft	0 1 3 1 6 1 4 8 0 8 7 8 9 8 10 8 3 12 11 8 11 1 10 14 5 14 13 2 15 2 16 8 13 8 ffffffffffffftttt
0121340421fffft	1211342143ffftf	0 1 2 1 3 5 0 5 6 5 2 8 11 5 14 12 16 12 13 5 14 5 11 15 4 15 7 5 7 1 9 1 10 5 ffffffffffffftttt
0121340421fffft	1211342143fftff	0 1 4 1 2 12 5 12 6 8 7 8 0 8 2 8 4 14 13 8 16 8 13 1 15 1 11 3 10 3 9 8 11 8 ffffffffffffftttt
0121340421fffft	1211342341fffft	0 1 3 1 6 2 4 8 0 8 7 8 9 8 10 8 3 12 11 8 11 2 10 14 5 14 13 1 15 1 16 8 13 8 ffffffffffffftttt
0121340421fffft	1211344123fffft	0 1 2 1 3 4 0 4 2 8 9 4 10 4 10 14 12 14 13 4 13 1 15 1 16 4 7 11 5 11 6 4 7 4 ffffffffffffftttt
0121340421fffft	1211344123ffftf	0 1 2 1 3 6 0 6 10 6 7 6 2 8 14 12 16 12 13 6 14 6 7 15 9 15 11 6 11 1 4 1 5 6 ffffffffffffftttt
0121340421fffft	1211344123fftff	0 1 4 1 9 8 12 8 5 8 0 8 9 1 11 1 4 14 13 7 15 7 16 8 13 8 6 10 3 10 2 8 6 8 ffffffffffffftttt
0121340421fffft	1211344321fffft	0 1 2 1 3 4 0 4 2 8 9 4 11 4 11 15 10 15 13 4 14 4 13 12 16 12 7 1 7 4 5 1 6 4 ffffffffffffftttt
0121340421fffft	1211344321ffftf	0 1 2 1 3 4 0 4 2 11 9 1 12 1 10 4 9 4 15 6 15 4 14 6 13 4 5 4 8 4 5 16 7 16 ffffffffffffftttt
0121340421fffft	1211344321fftff	0 1 4 1 9 8 12 8 5 8 0 8 9 7 11 7 4 14 13 1 15 1 16 8 13 8 6 10 3 10 2 8 6 8 ffffffffffffftttt
