0111tf	11020333tttf	0 3 1 1 3 3 2 4 2 1 tfttt
0111tf	11021333tttf	0 3 1 1 3 3 2 4 3 1 tfttt
0111tf	11022333tttf	0 3 1 1 3 3 2 4 4 1 tfttt
0111tf	11023033tttf	0 3 1 1 3 3 2 4 1 2 tfttt
0111tf	11023133tttf	0 3 1 1 3 3 2 4 1 3 tfttt
0111tf	11023233tttf	0 3 1 1 3 3 2 4 1 4 tfttt
0111tf	11023333tttf	0 3 1 1 3 3 2 4 1 1 tfttt
0111tf	11120333tttf	0 3 1 1 3 3 3 4 2 1 tfttt
0111tf	11123033tttf	0 3 1 1 3 3 3 4 1 2 tfttt
0111tf	11220333tttf	0 3 1 1 3 3 4 4 2 1 tfttt
0111tf	11230033tttf	0 4 1 1 4 4 2 2 3 1 tfttt
0111tf	11230133tttf	0 4 1 1 3 4 4 4 2 1 tfttt
0111tf	11230233tttf	0 4 1 1 4 4 2 3 3 1 tfttt
0111tf	11230333tttf	0 3 1 1 3 3 4 1 2 1 tfttt
0111tf	11231033tttf	0 4 1 1 4 4 4 2 3 1 tfttt
0111tf	11232033tttf	0 4 1 1 4 4 3 2 3 1 tfttt
0111tf	11232202ttft	0 3 1 1 3 3 1 4 2 1 tfttt
0111tf	12000333tttf	0 4 1 1 3 4 2 2 2 1 tfttt
0111tf	12001333tttf	0 4 1 1 3 4 2 2 3 1 tfttt
0111tf	12003033tttf	0 4 1 1 3 4 2 2 1 2 tfttt
0111tf	12003133tttf	0 4 1 1 3 4 2 2 1 3 tfttt
0111tf	12010333tttf	0 4 1 1 3 4 2 3 2 1 tfttt
0111tf	12011333tttf	0 4 1 1 3 4 2 3 3 1 tfttt
0111tf	12013033tttf	0 4 1 1 3 4 2 3 1 2 tfttt
0111tf	12013133tttf	0 4 1 1 3 4 2 3 1 3 tfttt
0111tf	12030133tttf	0 3 1 1 4 3 2 4 2 1 tfttt
0111tf	12030233tttf	0 2 1 1 3 2 4 2 3 1 tfttt
0111tf	12031133tttf	0 3 1 1 4 3 4 4 2 1 tfttt
0111tf	12031333tttf	0 4 1 1 3 4 2 1 3 1 tfttt
0111tf	12032133tttf	0 3 1 1 4 3 3 4 2 1 tfttt
0111tf	12033033tttf	0 4 1 1 3 4 2 1 1 2 tfttt
0111tf	12033133tttf	0 4 1 1 3 4 2 1 1 3 tfttt
0111tf	12100333tttf	0 4 1 1 3 4 3 2 2 1 tfttt
0111tf	12101333tttf	0 4 1 1 3 4 3 2 3 1 tfttt
0111tf	12103133tttf	0 4 1 1 3 4 3 2 1 3 tfttt
0111tf	12110300tftt	0 2 1 1 4 3 4 4 1 2 tfttt
0111tf	12110301tftt	0 2 1 1 3 4 1 2 3 1 tfttt
0111tf	12110310tftt	0 2 1 1 3 4 1 2 1 3 tfttt
0111tf	12110311tftt	0 2 1 1 3 4 1 2 1 1 tfttt
0111tf	12110313tftt	0 2 1 1 3 4 1 2 1 4 tfttt
0111tf	12110320tftt	0 2 1 1 4 3 2 4 1 2 tfttt
0111tf	12110321tftt	0 2 1 1 3 4 1 2 2 1 tfttt
0111tf	12110322tftt	0 3 1 1 3 3 4 2 1 3 tfttt
0111tf	12110323tftt	0 3 1 1 3 2 4 2 1 3 tfttt
0111tf	12110330tftt	0 2 1 1 4 3 3 4 1 2 tfttt
0111tf	12110331tftt	0 2 1 1 3 4 1 2 4 1 tfttt
0111tf	12110333tftt	0 3 1 1 2 2 4 2 1 3 tfttt
0111tf	12110333tttf	0 4 1 1 3 4 3 3 2 1 tfttt
0111tf	12111300tftt	0 4 1 1 3 3 1 4 1 2 tfttt
0111tf	12111301tftt	0 3 1 1 1 3 1 4 2 1 tfttt
0111tf	12111302tftt	0 4 1 1 3 4 1 4 1 2 tfttt
0111tf	12111303tftt	0 4 1 1 3 2 1 4 1 2 tfttt
0111tf	12111320tftt	0 4 1 1 4 3 1 4 1 2 tfttt
0111tf	12111330tftt	0 4 1 1 2 3 1 4 1 2 tfttt
0111tf	12112300tftt	0 2 1 1 2 3 4 4 1 2 tfttt
0111tf	12112301tftt	0 2 1 1 2 4 1 2 3 1 tfttt
0111tf	12112302tftt	0 2 1 1 2 3 4 2 1 2 tfttt
0111tf	12112303tftt	0 2 1 1 2 3 4 3 1 2 tfttt
0111tf	12112310tftt	0 2 1 1 2 4 1 2 1 3 tfttt
0111tf	12112320tftt	0 2 1 1 2 3 2 4 1 2 tfttt
0111tf	12112330tftt	0 2 1 1 2 3 3 4 1 2 tfttt
0111tf	12113100tftt	0 4 1 1 3 3 1 4 2 1 tfttt
0111tf	12113101tftt	0 3 1 1 1 3 4 1 2 1 tfttt
0111tf	12113102tftt	0 4 1 1 3 4 1 4 2 1 tfttt
0111tf	12113103tftt	0 4 1 1 3 2 1 4 2 1 tfttt
0111tf	12113110tftt	0 4 1 1 1 4 1 2 3 1 tfttt
0111tf	12113120tftt	0 4 1 1 4 3 1 4 2 1 tfttt
0111tf	12113130tftt	0 4 1 1 2 3 1 4 2 1 tfttt
0111tf	12113200tftt	0 2 1 1 3 2 4 4 1 2 tfttt
0111tf	12113201tftt	0 2 1 1 4 2 1 2 3 1 tfttt
0111tf	12113202tftt	0 2 1 1 3 2 4 2 1 2 tfttt
0111tf	12113203tftt	0 2 1 1 3 2 4 3 1 2 tfttt
0111tf	12113210tftt	0 2 1 1 4 2 1 2 1 3 tfttt
0111tf	12113220tftt	0 2 1 1 3 2 2 4 1 2 tfttt
0111tf	12113230tftt	0 2 1 1 3 2 3 4 1 2 tfttt
0111tf	12113300tftt	0 2 1 1 3 3 4 4 1 2 tfttt
0111tf	12113301tftt	0 2 1 1 4 4 1 2 3 1 tfttt
0111tf	12113302tftt	0 2 1 1 3 3 4 2 1 2 tfttt
0111tf	12113303tftt	0 2 1 1 3 3 4 3 1 2 tfttt
0111tf	12113310tftt	0 2 1 1 4 4 1 2 1 3 tfttt
0111tf	12113320tftt	0 2 1 1 3 3 2 4 1 2 tfttt
0111tf	12113330tftt	0 2 1 1 3 3 3 4 1 2 tfttt
0111tf	12130133tttf	0 3 1 1 4 3 2 4 4 1 tfttt
0111tf	12130333tttf	0 4 1 1 3 4 3 1 2 1 tfttt
0111tf	12200333tttf	0 4 1 1 3 4 4 2 2 1 tfttt
0111tf	12201333tttf	0 4 1 1 3 4 4 2 3 1 tfttt
0111tf	12203133tttf	0 4 1 1 3 4 4 2 1 3 tfttt
0111tf	12210333tttf	0 4 1 1 3 4 4 3 2 1 tfttt
0111tf	12220333tttf	0 4 1 1 3 4 4 4 2 1 tfttt
0111tf	12230333tttf	0 4 1 1 3 4 4 1 2 1 tfttt
0111tf	12300333tttf	0 4 1 1 3 4 1 2 2 1 tfttt
0111tf	12301333tttf	0 4 1 1 3 4 1 2 3 1 tfttt
