010212tff	0120324344ttttf	0 3 2 1 0 1 0 5 0 6 4 6 7 5 0 8 9 8 0 10 2 10 tfftttttttt
010212tff	0120334244ttttf	0 3 2 1 0 1 0 5 0 6 4 6 8 5 0 9 0 10 7 10 2 9 tfftttttttt
010212tff	0120343342tttft	0 3 2 1 0 1 0 5 0 6 4 6 7 5 0 9 0 10 8 10 2 9 tfftttttttt
010212tff	0122304344ttttf	0 6 2 1 0 1 0 7 3 7 0 4 0 8 5 8 9 4 0 10 2 10 tfftttttttt
010212tff	0122334044ttttf	0 6 2 1 0 1 0 7 3 7 0 4 0 9 8 9 0 10 5 10 2 4 tfftttttttt
010212tff	0122343340tttft	0 8 2 1 0 1 0 9 3 9 0 7 0 4 6 4 0 10 5 10 2 7 tfftttttttt
010212tff	0123223440ttftt	0 3 2 1 0 1 0 5 0 7 4 7 0 9 6 9 0 10 8 10 2 5 tfftttttttt
010212tff	0123224034ttftt	0 4 2 1 0 1 0 5 0 7 6 5 0 9 3 9 0 10 8 10 2 7 tfftttttttt
010212tff	0123224430ttftt	0 3 2 1 0 1 0 5 0 7 6 7 0 9 4 9 0 10 8 10 2 5 tfftttttttt
010212tff	0123304244ttttf	0 8 2 1 0 1 0 9 3 9 0 4 7 4 0 6 0 10 5 10 2 6 tfftttttttt
010212tff	0123324044ttttf	0 8 2 1 0 1 0 9 3 9 0 6 7 6 0 4 0 10 5 10 2 4 tfftttttttt
010212tff	0123403244ttttf	0 6 2 1 0 1 0 7 3 7 0 4 0 9 5 9 0 10 8 10 2 4 tfftttttttt
010212tff	0123423044ttttf	0 3 2 1 0 1 0 5 0 7 4 7 0 8 6 8 9 5 0 10 2 10 tfftttttttt
010212tff	1200314344ttttf	0 3 2 1 0 1 0 5 0 7 6 7 0 8 4 8 9 5 0 10 2 10 tfftttttttt
010212tff	1200334144ttttf	0 8 2 1 0 1 0 9 5 9 0 4 3 4 0 6 0 10 7 10 2 6 tfftttttttt
010212tff	1200343341tttft	0 3 2 1 0 1 0 5 0 7 4 7 0 9 8 9 0 10 6 10 2 5 tfftttttttt
010212tff	1201304344ttttf	0 5 2 1 0 1 0 4 6 4 0 7 0 8 3 8 9 7 0 10 2 10 tfftttttttt
010212tff	1201334044ttttf	0 8 2 1 0 1 0 9 5 9 0 6 3 6 0 4 0 10 7 10 2 4 tfftttttttt
010212tff	1201343340tttft	0 4 2 1 0 1 0 5 0 7 8 5 0 9 6 9 0 10 3 10 2 7 tfftttttttt
010212tff	1203314044ttttf	0 6 2 1 0 1 0 7 0 5 8 7 0 9 4 9 0 10 3 10 2 5 tfftttttttt
010212tff	1203403144ttttf	0 7 2 1 0 1 0 5 0 6 4 6 8 5 0 9 0 10 3 10 2 9 tfftttttttt
010212tff	1203413044ttttf	0 4 2 1 0 1 0 7 0 5 8 7 0 9 6 9 0 10 3 10 2 5 tfftttttttt
010212tff	1211330440tfttt	0 4 2 1 0 1 0 5 0 7 6 7 0 9 3 9 0 10 8 10 2 5 tfftttttttt
010212tff	1211334004tfttt	0 6 2 1 0 1 0 7 0 5 3 5 0 9 8 9 0 10 4 10 2 7 tfftttttttt
010212tff	1211334400tfttt	0 4 2 1 0 1 0 5 0 7 6 7 0 9 8 9 0 10 3 10 2 5 tfftttttttt
010212tff	1211340043tfttt	0 4 2 1 0 1 0 5 0 7 8 7 0 9 6 9 0 10 3 10 2 5 tfftttttttt
010212tff	1211340340tfttt	0 6 2 1 0 1 0 7 0 5 3 5 0 9 4 9 0 10 8 10 2 7 tfftttttttt
010212tff	1211344003tfttt	0 4 2 1 0 1 0 5 0 7 8 7 0 9 3 9 0 10 6 10 2 5 tfftttttttt
010212tff	1211344300tfttt	0 5 2 1 0 1 0 6 0 7 0 9 4 9 8 7 0 10 3 10 2 6 tfftttttttt
010212tff	1230430144ttttf	0 3 2 1 0 1 0 7 0 6 0 9 4 9 8 6 0 10 5 10 2 7 tfftttttttt
010212tff	1230443301tttft	0 6 2 1 0 1 0 7 5 7 0 4 0 9 8 9 0 10 3 10 2 4 tfftttttttt
010212tff	1231430044ttttf	0 5 2 1 0 1 0 4 6 4 0 7 0 9 8 9 0 10 3 10 2 7 tfftttttttt
010212tff	1231443300tttft	0 4 2 1 0 1 0 5 0 7 6 7 0 8 3 8 9 5 0 10 2 10 tfftttttttt
