01020313tfff	01223033tttf	0 4 0 2 3 2 0 1 0 6 0 8 0 9 0 10 0 11 7 11 0 12 5 12 3 9 tfffttttttttt
01020313tfff	01232230ttft	0 5 0 2 3 2 0 1 0 6 0 8 0 9 0 10 0 11 7 11 0 12 4 12 3 9 tfffttttttttt
01020313tfff	12013033tttf	0 8 0 2 3 2 0 1 0 9 0 6 0 7 4 7 0 10 0 11 0 12 5 12 3 11 tfffttttttttt
01020313tfff	12110330tftt	0 7 0 2 3 2 0 1 0 8 0 9 0 5 0 10 0 11 4 11 0 12 6 12 3 9 tfffttttttttt
01021323tfff	01203233tttf	0 5 3 2 1 2 0 1 0 8 0 6 4 9 6 9 10 7 11 7 0 11 3 12 1 12 tfffttttttttt
01021323tfff	01223033tttf	0 8 3 2 1 2 0 1 0 9 4 10 5 10 0 5 0 11 7 12 11 12 3 6 1 6 tfffttttttttt
01021323tfff	01232230ttft	0 4 3 2 1 2 0 1 0 6 0 9 5 10 6 10 0 11 8 12 9 12 3 7 1 7 tfffttttttttt
01021323tfff	12003133tttf	0 4 3 2 1 2 0 1 0 6 0 9 8 10 9 10 0 11 5 12 6 12 3 7 1 7 tfffttttttttt
01021323tfff	12013033tttf	0 7 3 2 1 2 0 1 0 5 8 6 9 6 0 9 0 11 4 12 5 12 3 10 1 10 tfffttttttttt
01021323tfff	12113300tftt	0 5 3 2 1 2 0 1 0 6 0 9 8 10 9 10 0 11 4 12 11 12 3 7 1 7 tfffttttttttt
01021333tfff	01203233tttf	0 5 3 2 2 2 0 1 0 8 0 6 4 9 7 9 10 7 12 7 0 11 3 12 2 12 tfffttttttttt
01021333tfff	01232230ttft	0 4 3 2 2 2 0 1 0 6 0 9 5 10 7 10 0 11 8 12 10 12 3 7 2 7 tfffttttttttt
01021333tfff	12013033tttf	0 7 3 2 2 2 0 1 0 5 8 6 10 6 0 9 0 11 4 12 6 12 3 10 2 10 tfffttttttttt
01021333tfff	12113300tftt	0 5 3 2 2 2 0 1 0 6 0 9 8 10 10 10 0 11 4 12 12 12 3 7 2 7 tfffttttttttt
