01020313tfff	0122304344ttttf	0 4 0 2 3 2 0 1 0 6 0 8 0 9 0 10 0 11 7 11 0 12 5 12 13 9 0 14 0 15 3 15 tffftttttttttttt
01020313tfff	0122334044ttttf	0 10 0 2 3 2 0 1 0 11 0 12 4 12 0 9 0 5 0 6 0 13 0 14 7 14 0 15 8 15 3 6 tffftttttttttttt
01020313tfff	0122343340tttft	0 4 0 2 3 2 0 1 0 6 0 8 0 9 0 11 0 12 7 12 0 13 0 14 10 14 0 15 5 15 3 9 tffftttttttttttt
01020313tfff	0123223440ttftt	0 5 0 2 3 2 0 1 0 6 0 8 0 9 0 11 0 12 7 12 0 13 0 14 10 14 0 15 4 15 3 9 tffftttttttttttt
01020313tfff	0123224034ttftt	0 7 0 2 3 2 0 1 0 8 0 6 0 9 0 11 0 12 10 9 0 13 0 14 5 14 0 15 4 15 3 12 tffftttttttttttt
01020313tfff	0123224430ttftt	0 5 0 2 3 2 0 1 0 6 0 8 0 9 0 11 0 12 10 12 0 13 0 14 7 14 0 15 4 15 3 9 tffftttttttttttt
01020313tfff	0123304244ttttf	0 4 0 2 3 2 0 1 0 6 0 8 0 9 0 11 0 12 5 12 0 13 0 14 10 14 0 15 7 15 3 9 tffftttttttttttt
01020313tfff	0123324044ttttf	0 6 0 2 3 2 0 1 0 5 0 7 0 9 8 7 0 11 0 12 0 13 0 14 10 14 0 15 4 15 3 12 tffftttttttttttt
01020313tfff	0123403244ttttf	0 10 0 2 3 2 0 1 0 11 0 12 4 12 0 5 0 6 0 8 0 13 0 14 7 14 0 15 9 15 3 6 tffftttttttttttt
01020313tfff	0123423044ttttf	0 5 0 2 3 2 0 1 0 6 0 8 0 9 0 10 0 11 7 11 0 12 4 12 13 9 0 14 0 15 3 15 tffftttttttttttt
01020313tfff	1200334144ttttf	0 4 0 2 3 2 0 1 0 6 0 8 0 9 0 11 0 12 10 12 0 13 0 14 7 14 0 15 5 15 3 9 tffftttttttttttt
01020313tfff	1200343341tttft	0 5 0 2 3 2 0 1 0 6 0 8 0 9 0 11 0 12 7 12 0 13 0 14 4 14 0 15 10 15 3 9 tffftttttttttttt
01020313tfff	1201304344ttttf	0 8 0 2 3 2 0 1 0 9 0 6 0 7 4 7 0 10 0 11 0 12 5 12 13 11 0 14 0 15 3 15 tffftttttttttttt
01020313tfff	1201334044ttttf	0 6 0 2 3 2 0 1 0 5 0 7 0 9 10 7 0 11 0 12 0 13 0 14 4 14 0 15 8 15 3 12 tffftttttttttttt
01020313tfff	1201343340tttft	0 8 0 2 3 2 0 1 0 9 0 6 0 7 4 7 0 11 0 12 0 13 0 14 10 14 0 15 5 15 3 12 tffftttttttttttt
01020313tfff	1203403144ttttf	0 11 0 2 3 2 0 1 0 12 0 7 0 8 0 9 0 10 4 10 6 9 0 13 0 14 0 15 5 15 3 14 tffftttttttttttt
01020313tfff	1211033440tfttt	0 7 0 2 3 2 0 1 0 8 0 9 0 5 0 11 0 12 4 12 0 13 0 14 10 14 0 15 6 15 3 9 tffftttttttttttt
01020313tfff	1211034034tfttt	0 10 0 2 3 2 0 1 0 11 0 12 0 5 0 8 0 9 6 9 0 13 0 14 4 14 0 15 7 15 3 12 tffftttttttttttt
01020313tfff	1211034430tfttt	0 7 0 2 3 2 0 1 0 8 0 9 0 5 0 11 0 12 4 12 0 13 0 14 6 14 0 15 10 15 3 9 tffftttttttttttt
01020313tfff	1211334004tfttt	0 10 0 2 3 2 0 1 0 11 0 12 0 5 0 8 0 9 4 9 0 13 0 14 6 14 0 15 7 15 3 12 tffftttttttttttt
01020313tfff	1211334400tfttt	0 7 0 2 3 2 0 1 0 8 0 9 0 5 0 11 0 12 10 12 0 13 0 14 6 14 0 15 4 15 3 9 tffftttttttttttt
01020313tfff	1211340043tfttt	0 7 0 2 3 2 0 1 0 8 0 9 0 5 0 11 0 12 6 12 0 13 0 14 10 14 0 15 4 15 3 9 tffftttttttttttt
01020313tfff	1211340340tfttt	0 10 0 2 3 2 0 1 0 11 0 12 0 7 0 8 4 8 0 5 0 13 0 14 6 14 0 15 9 15 3 12 tffftttttttttttt
01021323tfff	0120324344ttttf	0 5 3 2 1 2 0 1 0 8 0 6 4 9 6 9 10 7 11 7 0 11 13 12 14 12 0 14 3 15 1 15 tffftttttttttttt
01021323tfff	0120334244ttttf	0 4 3 2 1 2 0 1 0 6 0 8 5 9 6 9 11 7 12 7 0 12 0 14 10 15 14 15 3 13 1 13 tffftttttttttttt
01021323tfff	0120343342tttft	0 5 3 2 1 2 0 1 0 6 0 7 9 8 4 10 7 10 0 12 14 8 0 14 11 15 12 15 3 13 1 13 tffftttttttttttt
01021323tfff	0122304344ttttf	0 8 3 2 1 2 0 1 0 6 0 9 5 10 6 10 0 11 4 12 11 12 13 7 14 7 0 14 3 15 1 15 tffftttttttttttt
01021323tfff	0122334044ttttf	0 8 3 2 1 2 0 1 0 9 4 10 5 10 0 5 0 12 11 13 12 13 0 14 7 15 14 15 3 6 1 6 tffftttttttttttt
01021323tfff	0122343340tttft	0 11 3 2 1 2 0 1 0 12 4 13 5 13 0 9 0 5 8 6 9 6 0 14 7 15 14 15 3 10 1 10 tffftttttttttttt
01021323tfff	0123223440ttftt	0 4 3 2 1 2 0 1 0 6 0 9 5 10 6 10 0 12 8 13 9 13 0 14 11 15 12 15 3 7 1 7 tffftttttttttttt
01021323tfff	0123224034ttftt	0 5 3 2 1 2 0 1 0 6 0 9 8 7 9 7 0 12 4 13 6 13 0 14 11 15 12 15 3 10 1 10 tffftttttttttttt
01021323tfff	0123224430ttftt	0 4 3 2 1 2 0 1 0 6 0 9 8 10 9 10 0 12 5 13 6 13 0 14 11 15 12 15 3 7 1 7 tffftttttttttttt
01021323tfff	0123304244ttttf	0 10 3 2 1 2 0 1 0 11 4 12 5 12 0 5 9 6 0 8 0 14 7 15 8 15 14 6 3 13 1 13 tffftttttttttttt
01021323tfff	0123324044ttttf	0 10 3 2 1 2 0 1 0 11 4 12 5 12 0 9 0 5 8 13 0 14 7 15 9 15 14 13 3 6 1 6 tffftttttttttttt
01021323tfff	0123403244ttttf	0 8 3 2 1 2 0 1 0 9 0 6 4 10 6 10 0 12 5 13 14 13 0 14 11 15 12 15 3 7 1 7 tffftttttttttttt
01021323tfff	0123423044ttttf	0 4 3 2 1 2 0 1 0 7 0 11 0 9 6 10 7 10 5 12 9 12 13 8 14 8 0 14 3 15 1 15 tffftttttttttttt
01021323tfff	1200314344ttttf	0 4 3 2 1 2 0 1 0 7 0 11 0 9 5 10 9 10 6 12 7 12 13 8 14 8 0 14 3 15 1 15 tffftttttttttttt
01021323tfff	1200334144ttttf	0 11 3 2 1 2 0 1 0 12 7 13 8 13 0 5 4 6 5 6 0 8 0 14 10 15 14 15 3 9 1 9 tffftttttttttttt
01021323tfff	1200343341tttft	0 4 3 2 1 2 0 1 0 6 0 9 5 10 6 10 0 12 11 13 12 13 0 14 8 15 9 15 3 7 1 7 tffftttttttttttt
01021323tfff	1201304344ttttf	0 8 3 2 1 2 0 1 0 5 6 7 0 11 9 7 0 9 4 12 5 12 13 10 14 10 0 14 3 15 1 15 tffftttttttttttt
01021323tfff	1201334044ttttf	0 11 3 2 1 2 0 1 0 12 7 13 8 13 0 8 4 9 5 9 0 5 0 14 10 15 14 15 3 6 1 6 tffftttttttttttt
01021323tfff	1201343340tttft	0 5 3 2 1 2 0 1 0 6 0 9 11 7 12 7 0 12 8 13 9 13 0 14 4 15 6 15 3 10 1 10 tffftttttttttttt
01021323tfff	1203314044ttttf	0 8 3 2 1 2 0 1 0 9 0 6 10 13 11 13 0 11 5 12 0 14 4 15 6 15 14 12 3 7 1 7 tffftttttttttttt
01021323tfff	1203403144ttttf	0 10 3 2 1 2 0 1 0 6 0 8 5 9 6 9 11 7 12 7 0 12 0 14 4 15 8 15 3 13 1 13 tffftttttttttttt
01021323tfff	1203413044ttttf	0 5 3 2 1 2 0 1 0 9 0 6 11 10 12 10 0 12 8 13 9 13 0 14 4 15 6 15 3 7 1 7 tffftttttttttttt
01021323tfff	1211330440tfttt	0 5 3 2 1 2 0 1 0 6 0 9 8 10 9 10 0 12 4 13 14 13 0 14 11 15 12 15 3 7 1 7 tffftttttttttttt
01021323tfff	1211334004tfttt	0 6 3 2 1 2 0 1 0 7 0 9 0 11 10 12 11 12 4 13 0 14 5 15 9 15 14 13 3 8 1 8 tffftttttttttttt
01021323tfff	1211334400tfttt	0 5 3 2 1 2 0 1 0 6 0 9 8 10 9 10 0 12 11 13 12 13 0 14 4 15 14 15 3 7 1 7 tffftttttttttttt
01021323tfff	1211340043tfttt	0 5 3 2 1 2 0 1 0 6 0 9 11 10 12 10 0 12 8 13 9 13 0 14 4 15 14 15 3 7 1 7 tffftttttttttttt
01021323tfff	1211340340tfttt	0 6 3 2 1 2 0 1 0 7 0 9 0 12 5 13 9 13 4 10 14 10 0 14 11 15 12 15 3 8 1 8 tffftttttttttttt
01021323tfff	1211344003tfttt	0 5 3 2 1 2 0 1 0 6 0 9 10 13 11 13 0 11 4 12 0 14 8 15 9 15 14 12 3 7 1 7 tffftttttttttttt
01021323tfff	1211344300tfttt	0 6 3 2 1 2 0 1 0 7 0 9 0 12 5 13 9 13 11 10 12 10 0 14 4 15 14 15 3 8 1 8 tffftttttttttttt
01021323tfff	1230430144ttttf	0 4 3 2 1 2 0 1 0 9 0 7 0 12 5 13 9 13 11 8 12 8 0 14 6 15 7 15 3 10 1 10 tffftttttttttttt
01021323tfff	1230443301tttft	0 7 3 2 1 2 0 1 0 8 6 9 0 5 0 12 11 13 12 13 14 9 0 14 4 15 5 15 3 10 1 10 tffftttttttttttt
01021323tfff	1231430044ttttf	0 7 3 2 1 2 0 1 0 5 8 6 9 6 0 9 0 12 11 13 12 13 0 14 4 15 5 15 3 10 1 10 tffftttttttttttt
01021323tfff	1231443300tttft	0 5 3 2 1 2 0 1 0 6 0 10 8 11 10 11 0 9 13 7 4 12 9 12 14 7 0 14 3 15 1 15 tffftttttttttttt
01021333tfff	0120324344ttttf	0 5 3 2 2 2 0 1 0 6 0 7 9 8 4 10 8 10 0 11 12 8 13 12 15 12 0 14 3 15 2 15 tffftttttttttttt
01021333tfff	0120343342tttft	0 5 3 2 2 2 0 1 0 6 0 7 9 8 4 10 8 10 0 12 15 8 0 14 11 15 13 15 3 13 2 13 tffftttttttttttt
01021333tfff	0122334044ttttf	0 8 3 2 2 2 0 1 0 9 4 10 6 10 0 5 0 12 11 13 13 13 0 14 7 15 15 15 3 6 2 6 tffftttttttttttt
01021333tfff	0123223440ttftt	0 4 3 2 2 2 0 1 0 6 0 9 5 10 7 10 0 12 8 13 10 13 0 14 11 15 13 15 3 7 2 7 tffftttttttttttt
01021333tfff	0123224034ttftt	0 5 3 2 2 2 0 1 0 6 0 9 8 7 10 7 0 12 4 13 7 13 0 14 11 15 13 15 3 10 2 10 tffftttttttttttt
01021333tfff	0123423044ttttf	0 4 3 2 2 2 0 1 0 7 0 11 0 9 6 10 8 10 5 12 10 12 13 8 15 8 0 14 3 15 2 15 tffftttttttttttt
01021333tfff	1201304344ttttf	0 8 3 2 2 2 0 1 0 5 6 7 0 11 10 7 0 9 4 12 7 12 13 10 15 10 0 14 3 15 2 15 tffftttttttttttt
01021333tfff	1201343340tttft	0 5 3 2 2 2 0 1 0 6 0 9 11 7 13 7 0 12 8 13 10 13 0 14 4 15 7 15 3 10 2 10 tffftttttttttttt
01021333tfff	1203314044ttttf	0 8 3 2 2 2 0 1 0 9 0 6 10 13 12 13 0 11 5 12 0 14 4 15 7 15 15 12 3 7 2 7 tffftttttttttttt
01021333tfff	1203403144ttttf	0 10 3 2 2 2 0 1 0 6 0 8 5 9 7 9 11 7 13 7 0 12 0 14 4 15 9 15 3 13 2 13 tffftttttttttttt
01021333tfff	1211330440tfttt	0 5 3 2 2 2 0 1 0 6 0 9 8 10 10 10 0 12 4 13 15 13 0 14 11 15 13 15 3 7 2 7 tffftttttttttttt
01021333tfff	1211334004tfttt	0 6 3 2 2 2 0 1 0 7 0 9 0 11 10 12 12 12 4 13 0 14 5 15 13 15 15 13 3 8 2 8 tffftttttttttttt
01021333tfff	1211340043tfttt	0 5 3 2 2 2 0 1 0 6 0 9 11 10 13 10 0 12 8 13 10 13 0 14 4 15 15 15 3 7 2 7 tffftttttttttttt
01021333tfff	1211344300tfttt	0 6 3 2 2 2 0 1 0 7 0 9 0 12 5 13 10 13 11 10 13 10 0 14 4 15 15 15 3 8 2 8 tffftttttttttttt
01021333tfff	1231443300tttft	0 5 3 2 2 2 0 1 0 6 0 10 8 11 11 11 0 9 13 7 4 12 12 12 15 7 0 14 3 15 2 15 tffftttttttttttt
