0102030414tffff	0120324344ttttf	0 5 0 2 0 3 4 3 0 1 0 7 0 8 0 9 0 10 0 11 0 12 6 12 13 11 0 14 0 15 0 16 17 16 0 18 0 19 0 20 4 20 tfffftttttttttttttttt
0102030414tffff	0120334244ttttf	0 5 0 2 0 3 4 3 0 1 0 7 0 8 0 9 0 10 0 11 0 12 6 12 14 11 0 15 0 16 0 17 0 18 0 19 0 20 13 20 4 19 tfffftttttttttttttttt
0102030414tffff	0120343342tttft	0 5 0 2 0 3 0 4 1 4 0 7 0 8 0 9 0 10 0 11 0 12 6 12 13 11 0 15 0 16 0 17 0 18 0 19 0 20 14 20 1 19 tfffftttttttttttttttt
0102030414tffff	0122334044ttttf	0 5 0 2 0 3 4 3 0 1 0 7 0 9 0 10 0 12 0 13 0 14 0 15 0 16 0 17 11 17 0 18 0 19 6 19 0 20 8 20 4 14 tfffftttttttttttttttt
0102030414tffff	0122343340tttft	0 6 0 2 0 3 0 4 1 4 0 7 0 9 0 10 0 12 0 13 0 14 0 15 0 16 0 17 11 17 0 18 0 19 5 19 0 20 8 20 1 14 tfffftttttttttttttttt
0102030414tffff	0123223440ttftt	0 8 0 2 0 3 4 3 0 1 0 9 0 10 0 6 0 13 0 14 0 11 12 17 0 15 0 16 0 17 0 18 0 19 7 19 0 20 5 20 4 11 tfffftttttttttttttttt
0102030414tffff	0123224430ttftt	0 8 0 2 0 3 4 3 0 1 0 9 0 10 0 6 0 14 0 12 0 11 7 17 0 17 0 15 0 16 0 18 0 19 13 19 0 20 5 20 4 11 tfffftttttttttttttttt
0102030414tffff	0123304244ttttf	0 6 0 2 0 3 4 3 0 1 0 7 0 9 0 10 0 12 0 13 0 14 0 15 0 16 0 17 8 17 0 18 0 19 5 19 0 20 11 20 4 14 tfffftttttttttttttttt
0102030414tffff	0123403244ttttf	0 5 0 2 0 3 4 3 0 1 0 7 0 9 0 10 0 12 0 13 0 14 0 15 0 16 0 17 11 17 0 19 0 18 8 18 6 20 0 20 4 14 tfffftttttttttttttttt
0102030414tffff	1200314344ttttf	0 8 0 2 0 3 4 3 0 1 0 9 0 10 0 6 0 11 0 12 0 13 0 14 0 15 5 15 0 16 7 16 17 13 0 18 0 19 0 20 4 20 tfffftttttttttttttttt
0102030414tffff	1201304344ttttf	0 9 0 2 0 3 4 3 0 1 0 6 0 7 0 8 10 8 0 11 0 12 0 13 0 14 0 15 0 16 5 16 17 15 0 18 0 19 0 20 4 20 tfffftttttttttttttttt
0102030414tffff	1201334044ttttf	0 10 0 2 0 3 4 3 0 1 0 11 0 7 0 8 0 9 5 9 0 13 0 14 0 15 0 16 0 17 0 18 0 19 6 19 0 20 12 20 4 17 tfffftttttttttttttttt
0102030414tffff	1201343340tttft	0 12 0 2 0 3 0 4 1 4 0 13 0 14 0 6 0 9 0 10 0 11 5 11 0 15 0 16 0 17 0 18 0 19 7 19 0 20 8 20 1 17 tfffftttttttttttttttt
0102030414tffff	1203314044ttttf	0 5 0 2 0 3 4 3 0 1 0 7 0 9 0 10 0 12 0 13 0 14 0 15 0 16 0 17 6 17 0 18 0 19 8 19 0 20 11 20 4 14 tfffftttttttttttttttt
0102030414tffff	1203403144ttttf	0 13 0 2 0 3 4 3 0 1 8 12 0 12 0 9 0 10 0 11 0 6 0 5 14 5 0 15 0 16 0 17 0 18 0 19 0 20 7 20 4 19 tfffftttttttttttttttt
0102030414tffff	1203413044ttttf	0 8 0 2 0 3 4 3 0 1 0 9 0 10 0 6 0 12 0 13 0 14 0 17 0 16 0 15 5 15 7 19 0 19 0 18 0 20 11 20 4 14 tfffftttttttttttttttt
0102030414tffff	1211033440tfttt	0 11 0 2 0 3 4 3 0 1 0 12 0 13 0 14 0 6 0 7 0 9 0 16 0 17 0 15 5 15 10 19 0 18 0 19 0 20 8 20 4 14 tfffftttttttttttttttt
0102030414tffff	1211034034tfttt	0 9 0 2 0 3 4 3 0 1 0 6 0 7 0 8 10 8 0 11 0 13 0 14 0 15 0 16 0 17 0 19 0 18 12 18 5 20 0 20 4 17 tfffftttttttttttttttt
0102030414tffff	1211034430tfttt	0 11 0 2 0 3 4 3 0 1 0 12 0 13 0 14 0 6 0 7 0 9 0 16 0 17 0 15 5 15 8 19 0 18 0 19 0 20 10 20 4 14 tfffftttttttttttttttt
0102030414tffff	1211330440tfttt	0 11 0 2 0 3 4 3 0 1 0 12 0 13 0 14 0 6 0 7 0 9 0 17 0 16 0 15 10 15 5 19 0 19 0 18 0 20 8 20 4 14 tfffftttttttttttttttt
0102030414tffff	1211334004tfttt	0 8 0 2 0 3 4 3 0 1 0 6 0 7 0 9 0 11 12 9 0 13 0 14 0 15 0 16 0 17 0 19 0 18 10 18 5 20 0 20 4 17 tfffftttttttttttttttt
0102030414tffff	1211340340tfttt	0 7 0 2 0 3 4 3 0 1 0 6 0 8 0 11 0 9 12 9 0 13 0 14 0 15 0 16 0 17 0 18 0 19 5 19 0 20 10 20 4 17 tfffftttttttttttttttt
0102030414tffff	1211344003tfttt	0 11 0 2 0 3 4 3 0 1 0 12 0 13 0 14 0 10 0 6 0 7 0 15 0 16 0 17 9 17 0 19 0 18 5 18 8 20 0 20 4 14 tfffftttttttttttttttt
0102030414tffff	1211344300tfttt	0 9 0 2 0 3 4 3 0 1 0 6 0 7 0 8 10 8 0 11 0 13 0 14 0 15 0 16 0 17 0 18 0 19 5 19 0 20 12 20 4 17 tfffftttttttttttttttt
0102030414tffff	1230430144ttttf	0 8 0 2 0 3 4 3 0 1 0 9 0 10 0 6 0 14 0 12 0 11 5 17 0 17 0 15 0 16 0 18 0 19 13 19 0 20 7 20 4 11 tfffftttttttttttttttt
0102030414tffff	1230443301tttft	0 5 0 2 0 3 0 4 1 4 0 7 0 9 0 10 0 12 0 13 0 14 0 15 0 16 0 17 8 17 0 18 0 19 6 19 0 20 11 20 1 14 tfffftttttttttttttttt
0102030414tffff	1231430044ttttf	0 12 0 2 0 3 4 3 0 1 0 13 0 14 0 8 0 9 0 10 11 10 0 6 0 17 0 16 0 15 5 19 0 19 0 18 0 20 7 20 4 15 tfffftttttttttttttttt
0102030414tffff	1231443300tttft	0 5 0 2 0 3 0 4 1 4 0 7 0 9 0 10 0 11 0 12 0 13 0 14 0 15 6 15 0 16 8 16 17 13 0 18 0 19 0 20 1 20 tfffftttttttttttttttt
0102031424tffff	0122304344ttttf	0 5 0 2 4 3 1 3 0 1 0 8 0 12 0 9 0 10 0 13 6 14 9 14 0 15 7 16 8 16 17 11 18 11 0 18 0 20 1 19 4 19 tfffftttttttttttttttt
0102031424tffff	0122334044ttttf	0 12 0 2 4 3 1 3 0 1 0 13 0 14 5 15 6 15 0 11 0 6 0 7 0 16 0 17 9 18 16 18 0 20 10 19 11 19 1 8 4 8 tfffftttttttttttttttt
0102031424tffff	0122343340tttft	0 5 2 4 0 3 0 1 3 4 0 7 0 9 0 10 0 13 0 14 8 15 9 15 0 16 0 17 12 18 13 18 0 19 6 20 7 20 2 11 3 11 tfffftttttttttttttttt
0102031424tffff	0123223440ttftt	0 6 0 2 4 3 1 3 0 1 0 7 0 11 0 9 11 15 10 15 0 13 0 14 0 16 0 17 12 18 13 18 0 19 5 20 16 20 4 8 1 8 tfffftttttttttttttttt
0102031424tffff	0123224034ttftt	0 10 0 2 4 3 1 3 0 1 0 11 0 7 0 8 14 9 15 9 0 15 0 13 7 18 6 18 0 16 0 17 0 19 5 20 16 20 4 12 1 12 tfffftttttttttttttttt
0102031424tffff	0123224430ttftt	0 6 0 2 4 3 1 3 0 1 0 7 0 11 0 9 13 15 12 15 0 13 0 14 0 16 0 17 10 18 11 18 0 19 5 20 16 20 4 8 1 8 tfffftttttttttttttttt
0102031424tffff	0123304244ttttf	0 5 0 2 4 3 1 3 0 1 0 7 0 9 0 10 0 13 0 14 6 15 7 15 0 16 0 17 12 18 13 18 0 20 8 19 9 19 1 11 4 11 tfffftttttttttttttttt
0102031424tffff	0123324044ttttf	0 7 0 2 4 3 1 3 0 1 0 6 0 8 0 11 10 9 11 9 0 13 0 14 0 16 0 17 12 18 13 18 0 20 5 19 6 19 1 15 4 15 tfffftttttttttttttttt
0102031424tffff	0123403244ttttf	0 12 0 2 4 3 1 3 0 1 0 13 0 14 5 15 6 15 0 6 0 7 0 10 0 17 0 18 9 16 10 16 17 20 0 19 11 20 4 8 1 8 tfffftttttttttttttttt
0102031424tffff	0123423044ttttf	0 6 0 2 4 3 1 3 0 1 0 7 0 10 0 11 0 12 10 14 0 13 8 14 0 15 5 16 12 16 17 9 18 9 0 18 0 19 4 20 1 20 tfffftttttttttttttttt
0102031424tffff	1200334144ttttf	0 5 0 2 4 3 1 3 0 1 0 7 0 9 0 10 0 13 0 14 12 15 13 15 0 16 0 17 8 18 9 18 0 20 6 19 7 19 1 11 4 11 tfffftttttttttttttttt
0102031424tffff	1200343341tttft	0 6 2 4 0 3 0 1 3 4 0 7 0 9 0 10 0 13 0 14 8 15 9 15 0 16 0 17 5 18 16 18 0 19 12 20 13 20 2 11 3 11 tfffftttttttttttttttt
0102031424tffff	1201304344ttttf	0 10 0 2 4 3 1 3 0 1 0 6 0 7 8 9 0 12 11 9 0 11 0 15 0 13 5 16 6 16 17 14 18 14 0 18 0 20 1 19 4 19 tfffftttttttttttttttt
0102031424tffff	1201334044ttttf	0 7 0 2 4 3 1 3 0 1 0 6 0 8 0 11 12 9 13 9 0 13 0 14 0 16 0 17 5 18 6 18 0 20 10 19 11 19 1 15 4 15 tfffftttttttttttttttt
0102031424tffff	1201343340tttft	0 9 2 4 0 3 0 1 3 4 0 10 0 7 0 8 5 15 0 12 0 13 0 16 0 17 11 18 12 18 16 15 0 19 6 20 7 20 2 14 3 14 tfffftttttttttttttttt
0102031424tffff	1203403144ttttf	0 14 0 2 4 3 1 3 0 1 0 15 10 13 9 13 0 10 0 11 0 12 0 7 5 6 16 6 0 16 0 17 0 19 8 20 11 20 4 18 1 18 tfffftttttttttttttttt
0102031424tffff	1211033440tfttt	0 8 0 2 4 3 1 3 0 1 0 9 0 10 0 6 0 15 0 13 5 12 6 12 15 18 14 18 0 16 0 17 0 19 7 20 16 20 4 11 1 11 tfffftttttttttttttttt
0102031424tffff	1211034034tfttt	0 12 0 2 4 3 1 3 0 1 0 13 0 14 0 8 0 10 0 6 9 11 18 11 0 18 0 17 5 16 6 16 8 20 7 20 0 19 4 15 1 15 tfffftttttttttttttttt
0102031424tffff	1211034430tfttt	0 8 0 2 4 3 1 3 0 1 0 9 0 7 0 10 0 14 0 15 5 12 7 12 16 18 0 16 0 17 6 18 0 19 13 20 14 20 4 11 1 11 tfffftttttttttttttttt
0102031424tffff	1211334004tfttt	0 12 0 2 4 3 1 3 0 1 0 13 0 14 0 8 0 9 5 10 6 10 0 6 0 18 0 17 11 16 18 16 8 20 7 20 0 19 4 15 1 15 tfffftttttttttttttttt
0102031424tffff	1211334400tfttt	0 8 0 2 4 3 1 3 0 1 0 9 0 7 0 10 0 14 0 15 13 12 14 12 16 18 0 16 0 17 6 18 0 19 5 20 7 20 4 11 1 11 tfffftttttttttttttttt
0102031424tffff	1211340043tfttt	0 8 0 2 4 3 1 3 0 1 0 9 0 10 0 6 0 12 0 13 7 14 0 18 0 17 11 16 12 16 18 14 6 20 5 20 0 19 4 15 1 15 tfffftttttttttttttttt
0102031424tffff	1211340340tfttt	0 12 0 2 4 3 1 3 0 1 0 13 0 14 6 7 0 9 0 10 5 7 0 6 0 16 0 17 8 18 9 18 0 19 11 20 16 20 4 15 1 15 tfffftttttttttttttttt
0102031434tffff	0120324344ttttf	0 5 0 2 4 3 2 3 0 1 0 7 0 8 0 9 0 10 12 11 6 13 10 13 0 14 15 11 0 15 16 17 0 18 20 17 0 20 2 19 4 19 tfffftttttttttttttttt
0102031434tffff	0120334244ttttf	0 5 0 2 4 3 2 3 0 1 0 7 0 8 0 9 0 10 12 11 6 13 10 13 0 15 17 11 0 16 0 17 0 20 14 19 20 19 2 18 4 18 tfffftttttttttttttttt
0102031434tffff	0120343342tttft	0 5 2 4 0 3 0 1 1 4 0 7 0 9 0 10 0 14 0 11 13 12 6 15 11 15 0 16 0 17 19 12 0 19 8 20 17 20 2 18 1 18 tfffftttttttttttttttt
0102031434tffff	0122334044ttttf	0 12 0 2 4 3 2 3 0 1 0 13 0 14 5 15 7 15 0 11 0 6 0 7 0 16 0 17 9 18 17 18 0 20 10 19 20 19 2 8 4 8 tfffftttttttttttttttt
0102031434tffff	0122343340tttft	0 5 2 4 0 3 0 1 1 4 0 7 0 9 0 10 0 13 0 14 8 15 10 15 0 16 0 17 12 18 14 18 0 19 6 20 19 20 2 11 1 11 tfffftttttttttttttttt
0102031434tffff	0123223440ttftt	0 6 0 2 4 3 2 3 0 1 0 7 0 11 0 9 9 15 10 15 0 13 0 14 0 16 0 17 12 18 14 18 0 19 5 20 17 20 4 8 2 8 tfffftttttttttttttttt
0102031434tffff	0123224034ttftt	0 10 0 2 4 3 2 3 0 1 0 11 0 7 0 8 14 9 13 9 0 15 0 13 8 18 6 18 0 16 0 17 0 19 5 20 17 20 4 12 2 12 tfffftttttttttttttttt
0102031434tffff	0123224430ttftt	0 6 0 2 4 3 2 3 0 1 0 7 0 11 0 9 14 15 12 15 0 13 0 14 0 16 0 17 10 18 9 18 0 19 5 20 17 20 4 8 2 8 tfffftttttttttttttttt
0102031434tffff	0123324044ttttf	0 5 0 2 4 3 2 3 0 1 0 9 0 7 0 14 0 11 0 12 0 15 0 16 10 17 12 17 8 18 0 20 6 19 14 19 20 18 2 13 4 13 tfffftttttttttttttttt
0102031434tffff	0123423044ttttf	0 8 0 2 4 3 2 3 0 1 0 9 0 7 0 13 0 11 0 12 12 15 0 14 6 15 16 10 5 17 14 17 0 18 19 10 0 19 4 20 2 20 tfffftttttttttttttttt
0102031434tffff	1200314344ttttf	0 8 0 2 4 3 2 3 0 1 0 9 0 7 0 13 0 10 0 11 0 14 5 15 14 15 16 12 6 17 11 17 0 18 20 12 0 20 2 19 4 19 tfffftttttttttttttttt
0102031434tffff	1200334144ttttf	0 5 0 2 4 3 2 3 0 1 0 7 0 9 0 10 0 13 0 14 12 15 14 15 0 16 0 17 8 18 10 18 0 20 6 19 20 19 2 11 4 11 tfffftttttttttttttttt
0102031434tffff	1200343341tttft	0 6 2 4 0 3 0 1 1 4 0 7 0 9 0 10 0 13 0 14 8 15 10 15 0 16 0 17 5 18 17 18 0 19 12 20 14 20 2 11 1 11 tfffftttttttttttttttt
0102031434tffff	1201304344ttttf	0 7 0 2 4 3 2 3 0 1 0 6 0 10 0 9 0 12 0 13 8 11 14 11 0 14 16 15 5 17 10 17 0 18 20 15 0 20 2 19 4 19 tfffftttttttttttttttt
0102031434tffff	1201343340tttft	0 9 2 4 0 3 0 1 1 4 0 10 0 7 0 8 5 15 0 12 0 13 0 16 0 17 11 18 13 18 17 15 0 19 6 20 8 20 2 14 1 14 tfffftttttttttttttttt
0102031434tffff	1203403144ttttf	0 14 0 2 4 3 2 3 0 1 0 15 7 13 9 13 0 10 0 11 0 12 0 7 5 6 17 6 0 16 0 17 0 19 8 20 12 20 4 18 2 18 tfffftttttttttttttttt
0102031434tffff	1203413044ttttf	0 6 0 2 4 3 2 3 0 1 0 7 0 9 0 10 0 14 0 12 5 11 12 18 13 18 0 16 0 17 17 11 0 19 8 20 10 20 4 15 2 15 tfffftttttttttttttttt
0102031434tffff	1211033440tfttt	0 8 0 2 4 3 2 3 0 1 0 9 0 10 0 6 0 14 0 12 5 11 12 18 13 18 0 16 0 17 19 11 0 19 7 20 17 20 4 15 2 15 tfffftttttttttttttttt
0102031434tffff	1211034034tfttt	0 12 0 2 4 3 2 3 0 1 0 13 0 14 0 8 0 10 0 6 9 11 17 11 0 18 0 17 5 16 19 16 10 20 7 20 0 19 4 15 2 15 tfffftttttttttttttttt
0102031434tffff	1211034430tfttt	0 8 0 2 4 3 2 3 0 1 0 9 0 7 0 10 0 13 0 14 5 11 17 18 0 16 0 17 6 18 19 11 0 19 12 20 14 20 4 15 2 15 tfffftttttttttttttttt
0102031434tffff	1211330440tfttt	0 8 0 2 4 3 2 3 0 1 0 9 0 7 0 10 0 13 0 14 12 15 14 15 0 16 0 17 5 18 19 18 0 19 6 20 17 20 4 11 2 11 tfffftttttttttttttttt
0102031434tffff	1211334400tfttt	0 8 0 2 4 3 2 3 0 1 0 9 0 7 0 10 0 14 0 15 13 12 15 12 17 18 0 16 0 17 6 18 0 19 5 20 19 20 4 11 2 11 tfffftttttttttttttttt
0102031434tffff	1211340340tfttt	0 10 0 2 4 3 2 3 0 1 0 11 0 12 0 6 0 9 0 14 0 16 0 17 8 18 14 18 5 15 19 15 0 19 7 20 17 20 4 13 2 13 tfffftttttttttttttttt
0102031434tffff	1211344300tfttt	0 12 0 2 4 3 2 3 0 1 0 13 0 9 0 8 0 10 0 14 6 11 17 11 0 16 0 17 7 18 10 18 0 19 5 20 19 20 4 15 2 15 tfffftttttttttttttttt
0102031434tffff	1230430144ttttf	0 6 0 2 4 3 2 3 0 1 0 7 0 9 0 10 0 13 0 14 5 15 17 15 0 16 0 17 8 18 10 18 0 19 12 20 14 20 4 11 2 11 tfffftttttttttttttttt
0102031434tffff	1230443301tttft	0 11 2 4 0 3 0 1 1 4 0 12 0 13 0 9 0 6 0 10 8 14 0 16 0 17 7 18 17 18 19 14 0 19 5 20 10 20 2 15 1 15 tfffftttttttttttttttt
0102031434tffff	1231430044ttttf	0 10 0 2 4 3 2 3 0 1 0 11 0 7 0 8 13 9 15 9 0 14 0 15 17 18 0 16 0 17 5 18 0 19 6 20 8 20 4 12 2 12 tfffftttttttttttttttt
0102031444tffff	0122343340tttft	0 5 2 4 0 3 0 1 4 4 0 7 0 9 0 10 0 13 0 14 8 15 11 15 0 16 0 17 12 18 15 18 0 19 6 20 20 20 2 11 4 11 tfffftttttttttttttttt
0102031444tffff	0123224034ttftt	0 10 0 2 4 3 3 3 0 1 0 11 0 7 0 8 14 9 12 9 0 15 0 13 9 18 6 18 0 16 0 17 0 19 5 20 18 20 4 12 3 12 tfffftttttttttttttttt
0102031444tffff	0123224430ttftt	0 6 0 2 4 3 3 3 0 1 0 7 0 11 0 9 15 15 12 15 0 13 0 14 0 16 0 17 10 18 8 18 0 19 5 20 18 20 4 8 3 8 tfffftttttttttttttttt
0102031444tffff	0123423044ttttf	0 8 0 2 4 3 3 3 0 1 0 9 0 7 0 13 0 11 0 12 10 15 0 14 6 15 16 10 5 17 15 17 0 18 20 10 0 19 4 20 3 20 tfffftttttttttttttttt
0102031444tffff	1200343341tttft	0 6 2 4 0 3 0 1 4 4 0 7 0 9 0 10 0 13 0 14 8 15 11 15 0 16 0 17 5 18 18 18 0 19 12 20 15 20 2 11 4 11 tfffftttttttttttttttt
0102031444tffff	1201343340tttft	0 9 2 4 0 3 0 1 4 4 0 10 0 7 0 8 5 15 0 12 0 13 0 16 0 17 11 18 14 18 18 15 0 19 6 20 15 20 2 14 4 14 tfffftttttttttttttttt
0102031444tffff	1211033440tfttt	0 8 0 2 4 3 3 3 0 1 0 9 0 10 0 6 0 14 0 12 5 11 11 18 13 18 0 16 0 17 20 11 0 19 7 20 18 20 4 15 3 15 tfffftttttttttttttttt
0102031444tffff	1211334400tfttt	0 8 0 2 4 3 3 3 0 1 0 9 0 7 0 10 0 14 0 15 13 12 12 12 18 18 0 16 0 17 6 18 0 19 5 20 20 20 4 11 3 11 tfffftttttttttttttttt
0102131424tffff	0120324344ttttf	0 5 4 2 4 3 1 3 0 1 0 7 0 10 6 11 6 12 7 12 13 8 13 9 14 9 0 14 17 15 17 16 19 16 0 19 1 18 4 20 4 18 tfffftttttttttttttttt
0102131424tffff	0120334244ttttf	0 5 4 2 4 3 1 3 0 1 0 7 0 10 6 11 6 12 7 12 14 8 14 9 15 9 0 15 0 19 13 20 13 18 19 18 1 17 4 16 4 17 tfffftttttttttttttttt
0102131424tffff	0120343342tttft	0 5 3 2 3 4 0 1 1 4 0 7 0 8 6 9 12 10 12 11 6 13 7 13 0 15 18 11 0 18 14 19 14 20 15 20 3 16 3 17 1 17 tfffftttttttttttttttt
0102131424tffff	0122304344ttttf	0 10 4 2 4 3 1 3 0 1 0 11 0 7 5 12 5 13 7 13 0 14 6 15 6 16 14 16 17 8 17 9 19 9 0 19 1 18 4 20 4 18 tfffftttttttttttttttt
0102131424tffff	0122334044ttttf	0 10 4 2 4 3 1 3 0 1 0 11 5 12 5 13 6 13 0 6 0 15 14 16 14 17 15 17 0 19 9 20 9 18 19 18 1 8 4 7 4 8 tfffftttttttttttttttt
0102131424tffff	0122343340tttft	0 14 3 2 3 4 0 1 1 4 0 15 5 16 0 6 7 12 7 13 8 13 0 8 5 17 6 17 0 18 11 19 11 20 18 20 3 9 3 10 1 10 tfffftttttttttttttttt
0102131424tffff	0123223440ttftt	0 5 4 2 4 3 1 3 0 1 0 7 7 13 9 12 9 13 0 11 0 15 10 16 10 17 11 17 0 18 14 19 14 20 15 20 4 8 4 6 1 6 tfffftttttttttttttttt
0102131424tffff	0123224034ttftt	0 9 4 2 4 3 1 3 0 1 0 6 13 7 13 8 11 8 0 11 6 17 5 16 5 17 0 15 0 18 14 19 14 20 15 20 4 12 4 10 1 10 tfffftttttttttttttttt
0102131424tffff	0123224430ttftt	0 5 4 2 4 3 1 3 0 1 0 7 11 13 10 12 10 13 0 11 0 15 9 16 9 17 7 17 0 18 14 19 14 20 15 20 4 8 4 6 1 6 tfffftttttttttttttttt
0102131424tffff	0123304244ttttf	0 13 4 2 4 3 1 3 0 1 0 14 5 15 5 16 6 16 0 6 12 7 12 8 0 10 0 19 9 20 9 18 10 18 19 8 1 17 4 11 4 17 tfffftttttttttttttttt
0102131424tffff	0123324044ttttf	0 13 4 2 4 3 1 3 0 1 0 14 5 15 5 16 6 16 0 10 11 12 0 6 11 17 0 19 9 20 9 18 10 18 19 17 1 8 4 7 4 8 tfffftttttttttttttttt
0102131424tffff	0123403244ttttf	0 10 4 2 4 3 1 3 0 1 0 11 5 12 0 6 5 13 6 13 0 17 7 15 7 14 18 14 17 20 16 20 0 18 16 19 4 8 4 9 1 9 tfffftttttttttttttttt
0102131424tffff	0123423044ttttf	0 5 4 2 4 3 1 3 0 1 0 8 0 11 8 13 6 12 6 13 0 14 10 15 10 16 11 16 17 9 17 7 18 7 0 18 4 19 4 20 1 20 tfffftttttttttttttttt
0102131424tffff	1200314344ttttf	0 6 4 2 4 3 1 3 0 1 0 8 0 9 0 14 5 15 7 12 7 13 8 13 5 16 9 16 17 10 17 11 19 11 0 19 1 18 4 20 4 18 tfffftttttttttttttttt
0102131424tffff	1200334144ttttf	0 14 4 2 4 3 1 3 0 1 0 15 9 16 9 17 10 17 0 6 5 7 5 8 6 8 0 10 0 19 13 20 13 18 19 18 1 12 4 11 4 12 tfffftttttttttttttttt
0102131424tffff	1200343341tttft	0 5 3 2 3 4 0 1 1 4 0 7 0 11 6 12 6 13 7 13 0 15 14 16 14 17 15 17 0 18 10 19 10 20 11 20 3 8 3 9 1 9 tfffftttttttttttttttt
0102131424tffff	1201304344ttttf	0 9 4 2 4 3 1 3 0 1 0 6 10 7 10 8 11 8 0 11 0 14 5 15 5 16 6 16 17 12 17 13 19 13 0 19 1 18 4 20 4 18 tfffftttttttttttttttt
0102131424tffff	1201334044ttttf	0 14 4 2 4 3 1 3 0 1 0 15 9 16 9 17 10 17 0 10 5 11 5 12 6 12 0 6 0 19 13 20 13 18 19 18 1 8 4 7 4 8 tfffftttttttttttttttt
0102131424tffff	1201343340tttft	0 6 3 2 3 4 0 1 1 4 0 11 0 8 0 15 7 16 7 17 8 17 14 12 14 13 15 13 0 18 5 19 5 20 11 20 3 9 3 10 1 10 tfffftttttttttttttttt
0102131424tffff	1203314044ttttf	0 10 4 2 4 3 1 3 0 1 0 11 0 7 13 12 13 17 14 17 0 14 6 15 6 16 0 19 5 20 5 18 7 18 19 16 1 9 4 8 4 9 tfffftttttttttttttttt
0102131424tffff	1203403144ttttf	0 13 4 2 4 3 1 3 0 1 6 12 8 11 8 12 0 10 0 6 14 7 14 5 15 5 0 15 0 18 9 19 9 20 10 20 4 16 4 17 1 17 tfffftttttttttttttttt
0102131424tffff	1203413044ttttf	0 6 4 2 4 3 1 3 0 1 0 8 0 11 8 17 10 16 10 17 0 15 14 9 14 7 15 7 0 18 5 19 5 20 11 20 4 12 4 13 1 13 tfffftttttttttttttttt
0102131424tffff	1211033440tfttt	0 6 4 2 4 3 1 3 0 1 0 7 0 10 5 11 5 9 10 17 12 16 12 17 0 15 18 9 0 18 14 19 14 20 15 20 4 8 4 13 1 13 tfffftttttttttttttttt
0102131424tffff	1211034034tfttt	0 10 4 2 4 3 1 3 0 1 0 11 0 7 16 8 16 9 17 9 0 17 5 15 5 14 18 14 7 20 6 20 0 18 6 19 4 12 4 13 1 13 tfffftttttttttttttttt
0102131424tffff	1211034430tfttt	0 6 4 2 4 3 1 3 0 1 0 7 0 10 5 11 5 9 15 17 14 16 14 17 0 15 18 9 0 18 12 19 12 20 10 20 4 8 4 13 1 13 tfffftttttttttttttttt
0102131424tffff	1211330440tfttt	0 6 4 2 4 3 1 3 0 1 0 7 0 11 10 12 10 13 11 13 0 15 5 16 5 17 18 17 0 18 14 19 14 20 15 20 4 8 4 9 1 9 tfffftttttttttttttttt
0102131424tffff	1211334004tfttt	0 9 4 2 4 3 1 3 0 1 0 10 0 7 5 8 5 17 0 16 15 14 15 13 16 13 7 20 6 20 0 18 6 19 18 17 4 11 4 12 1 12 tfffftttttttttttttttt
0102131424tffff	1211334400tfttt	0 6 4 2 4 3 1 3 0 1 0 7 0 13 12 11 12 10 13 10 15 17 14 17 0 15 14 16 0 18 5 19 5 20 18 20 4 8 4 9 1 9 tfffftttttttttttttttt
0102131424tffff	1211340043tfttt	0 6 4 2 4 3 1 3 0 1 0 11 0 8 0 15 7 16 7 17 8 17 14 9 14 10 15 10 0 18 5 19 5 20 18 20 4 12 4 13 1 13 tfffftttttttttttttttt
0102131424tffff	1211340340tfttt	0 8 4 2 4 3 1 3 0 1 0 9 0 7 5 12 0 15 6 16 6 17 7 17 5 13 18 13 0 18 14 19 14 20 15 20 4 10 4 11 1 11 tfffftttttttttttttttt
0102131424tffff	1211344003tfttt	0 6 4 2 4 3 1 3 0 1 0 10 0 8 0 16 5 14 5 13 15 9 15 17 16 17 8 20 7 20 0 18 7 19 18 13 4 11 4 12 1 12 tfffftttttttttttttttt
0102131424tffff	1211344300tfttt	0 10 4 2 4 3 1 3 0 1 0 11 0 8 15 7 14 9 14 7 0 15 6 16 6 17 8 17 0 18 5 19 5 20 18 20 4 12 4 13 1 13 tfffftttttttttttttttt
0102131424tffff	1230430144ttttf	0 5 4 2 4 3 1 3 0 1 0 8 0 11 15 13 14 12 14 13 0 15 6 16 6 17 8 17 0 18 10 19 10 20 11 20 4 9 4 7 1 7 tfffftttttttttttttttt
0102131424tffff	1230443301tttft	0 9 3 2 3 4 0 1 1 4 0 10 8 11 8 12 0 6 0 15 14 16 14 17 15 17 18 12 0 18 5 19 5 20 6 20 3 7 3 13 1 13 tfffftttttttttttttttt
0102131424tffff	1231430044ttttf	0 9 4 2 4 3 1 3 0 1 0 6 13 7 13 8 12 8 0 12 15 17 14 17 14 16 0 15 0 18 5 19 5 20 6 20 4 11 4 10 1 10 tfffftttttttttttttttt
0102131424tffff	1231443300tttft	0 6 3 2 3 4 0 1 1 4 0 9 0 8 0 12 5 13 7 14 7 15 8 15 17 10 17 11 5 16 12 16 18 11 0 18 3 19 3 20 1 20 tfffftttttttttttttttt
0102131434tffff	0120324344ttttf	0 5 4 2 4 3 2 3 0 1 0 7 0 10 6 11 6 12 8 12 13 8 13 9 15 9 0 14 17 15 17 16 20 16 0 19 2 18 4 20 4 18 tfffftttttttttttttttt
0102131434tffff	0120334244ttttf	0 5 4 2 4 3 2 3 0 1 0 7 0 10 6 11 6 12 8 12 14 8 14 9 16 9 0 15 0 19 13 20 13 18 20 18 2 17 4 16 4 17 tfffftttttttttttttttt
0102131434tffff	0120343342tttft	0 5 3 2 3 4 0 1 2 4 0 7 0 8 6 9 12 10 12 11 6 13 10 13 0 15 19 11 0 18 14 19 14 20 16 20 3 16 3 17 2 17 tfffftttttttttttttttt
0102131434tffff	0122304344ttttf	0 10 4 2 4 3 2 3 0 1 0 11 0 7 5 12 5 13 8 13 0 14 6 15 6 16 15 16 17 8 17 9 20 9 0 19 2 18 4 20 4 18 tfffftttttttttttttttt
0102131434tffff	0122334044ttttf	0 10 4 2 4 3 2 3 0 1 0 11 5 12 5 13 7 13 0 6 0 15 14 16 14 17 16 17 0 19 9 20 9 18 20 18 2 8 4 7 4 8 tfffftttttttttttttttt
0102131434tffff	0122343340tttft	0 14 3 2 3 4 0 1 2 4 0 15 5 16 0 6 7 12 7 13 9 13 0 8 5 17 12 17 0 18 11 19 11 20 19 20 3 9 3 10 2 10 tfffftttttttttttttttt
0102131434tffff	0123223440ttftt	0 5 4 2 4 3 2 3 0 1 0 7 8 13 9 12 9 13 0 11 0 15 10 16 10 17 12 17 0 18 14 19 14 20 16 20 4 8 4 6 2 6 tfffftttttttttttttttt
0102131434tffff	0123224034ttftt	0 9 4 2 4 3 2 3 0 1 0 6 13 7 13 8 12 8 0 11 7 17 5 16 5 17 0 15 0 18 14 19 14 20 16 20 4 12 4 10 2 10 tfffftttttttttttttttt
0102131434tffff	0123224430ttftt	0 5 4 2 4 3 2 3 0 1 0 7 12 13 10 12 10 13 0 11 0 15 9 16 9 17 8 17 0 18 14 19 14 20 16 20 4 8 4 6 2 6 tfffftttttttttttttttt
0102131434tffff	0123304244ttttf	0 13 4 2 4 3 2 3 0 1 0 14 5 15 5 16 7 16 0 6 12 7 12 8 0 10 0 19 9 20 9 18 11 18 20 8 2 17 4 11 4 17 tfffftttttttttttttttt
0102131434tffff	0123324044ttttf	0 13 4 2 4 3 2 3 0 1 0 14 5 15 5 16 7 16 0 10 11 12 0 6 11 17 0 19 9 20 9 18 12 18 20 17 2 8 4 7 4 8 tfffftttttttttttttttt
0102131434tffff	0123403244ttttf	0 10 4 2 4 3 2 3 0 1 0 11 5 12 0 6 5 13 8 13 0 17 7 15 7 14 19 14 15 20 16 20 0 18 16 19 4 8 4 9 2 9 tfffftttttttttttttttt
0102131434tffff	0123423044ttttf	0 5 4 2 4 3 2 3 0 1 0 8 0 11 9 13 6 12 6 13 0 14 10 15 10 16 12 16 17 9 17 7 19 7 0 18 4 19 4 20 2 20 tfffftttttttttttttttt
0102131434tffff	1200314344ttttf	0 6 4 2 4 3 2 3 0 1 0 8 0 9 0 14 5 15 7 12 7 13 12 13 5 16 10 16 17 10 17 11 20 11 0 19 2 18 4 20 4 18 tfffftttttttttttttttt
0102131434tffff	1200334144ttttf	0 14 4 2 4 3 2 3 0 1 0 15 9 16 9 17 11 17 0 6 5 7 5 8 7 8 0 10 0 19 13 20 13 18 20 18 2 12 4 11 4 12 tfffftttttttttttttttt
0102131434tffff	1200343341tttft	0 5 3 2 3 4 0 1 2 4 0 7 0 11 6 12 6 13 8 13 0 15 14 16 14 17 16 17 0 18 10 19 10 20 12 20 3 8 3 9 2 9 tfffftttttttttttttttt
0102131434tffff	1201304344ttttf	0 8 4 2 4 3 2 3 0 1 0 6 9 7 9 11 0 10 0 14 5 15 12 11 5 16 7 16 17 12 17 13 20 13 0 19 2 18 4 20 4 18 tfffftttttttttttttttt
0102131434tffff	1201334044ttttf	0 14 4 2 4 3 2 3 0 1 0 15 9 16 9 17 11 17 0 10 5 11 5 12 7 12 0 6 0 19 13 20 13 18 20 18 2 8 4 7 4 8 tfffftttttttttttttttt
0102131434tffff	1201343340tttft	0 6 3 2 3 4 0 1 2 4 0 11 0 8 0 15 7 16 7 17 9 17 14 12 14 13 16 13 0 18 5 19 5 20 12 20 3 9 3 10 2 10 tfffftttttttttttttttt
0102131434tffff	1203314044ttttf	0 10 4 2 4 3 2 3 0 1 0 11 0 7 13 12 13 17 15 17 0 14 6 15 6 16 0 19 5 20 5 18 8 18 20 16 2 9 4 8 4 9 tfffftttttttttttttttt
0102131434tffff	1203403144ttttf	0 13 4 2 4 3 2 3 0 1 6 12 7 12 0 10 7 11 0 8 14 6 14 5 16 5 0 15 0 18 9 19 9 20 11 20 4 16 4 17 2 17 tfffftttttttttttttttt
0102131434tffff	1203413044ttttf	0 6 4 2 4 3 2 3 0 1 0 8 0 11 9 17 10 16 10 17 0 15 14 9 14 7 16 7 0 18 5 19 5 20 12 20 4 12 4 13 2 13 tfffftttttttttttttttt
0102131434tffff	1211033440tfttt	0 6 4 2 4 3 2 3 0 1 0 7 0 10 5 11 5 9 11 17 12 16 12 17 0 15 19 9 0 18 14 19 14 20 16 20 4 8 4 13 2 13 tfffftttttttttttttttt
0102131434tffff	1211034034tfttt	0 10 4 2 4 3 2 3 0 1 0 11 0 7 16 8 16 9 15 9 0 17 5 15 5 14 19 14 8 20 6 20 0 18 6 19 4 12 4 13 2 13 tfffftttttttttttttttt
0102131434tffff	1211034430tfttt	0 6 4 2 4 3 2 3 0 1 0 7 0 10 5 11 5 9 16 17 14 16 14 17 0 15 19 9 0 18 12 19 12 20 11 20 4 8 4 13 2 13 tfffftttttttttttttttt
0102131434tffff	1211330440tfttt	0 6 4 2 4 3 2 3 0 1 0 7 0 11 10 12 10 13 12 13 0 15 5 16 5 17 19 17 0 18 14 19 14 20 16 20 4 8 4 9 2 9 tfffftttttttttttttttt
0102131434tffff	1211334004tfttt	0 9 4 2 4 3 2 3 0 1 0 10 0 7 5 8 5 17 0 16 15 14 15 13 14 13 8 20 6 20 0 18 6 19 19 17 4 11 4 12 2 12 tfffftttttttttttttttt
0102131434tffff	1211334400tfttt	0 6 4 2 4 3 2 3 0 1 0 7 0 13 12 11 12 10 11 10 16 17 14 17 0 15 14 16 0 18 5 19 5 20 19 20 4 8 4 9 2 9 tfffftttttttttttttttt
0102131434tffff	1211340043tfttt	0 6 4 2 4 3 2 3 0 1 0 11 0 8 0 15 7 16 7 17 9 17 14 9 14 10 16 10 0 18 5 19 5 20 19 20 4 12 4 13 2 13 tfffftttttttttttttttt
0102131434tffff	1211340340tfttt	0 8 4 2 4 3 2 3 0 1 0 9 0 7 5 12 0 15 6 16 6 17 12 17 5 13 19 13 0 18 14 19 14 20 16 20 4 10 4 11 2 11 tfffftttttttttttttttt
0102131434tffff	1211344003tfttt	0 6 4 2 4 3 2 3 0 1 0 10 0 8 0 16 5 14 5 13 15 9 15 17 14 17 9 20 7 20 0 18 7 19 19 13 4 11 4 12 2 12 tfffftttttttttttttttt
0102131434tffff	1211344300tfttt	0 10 4 2 4 3 2 3 0 1 0 11 0 8 16 7 14 9 14 7 0 15 6 16 6 17 9 17 0 18 5 19 5 20 19 20 4 12 4 13 2 13 tfffftttttttttttttttt
0102131434tffff	1230430144ttttf	0 5 4 2 4 3 2 3 0 1 0 8 0 11 16 13 14 12 14 13 0 15 6 16 6 17 9 17 0 18 10 19 10 20 12 20 4 9 4 7 2 7 tfffftttttttttttttttt
0102131434tffff	1230443301tttft	0 9 3 2 3 4 0 1 2 4 0 10 8 11 8 12 0 6 0 15 14 16 14 17 16 17 19 12 0 18 5 19 5 20 7 20 3 7 3 13 2 13 tfffftttttttttttttttt
0102131434tffff	1231430044ttttf	0 9 4 2 4 3 2 3 0 1 0 6 13 7 13 8 12 8 0 11 16 17 14 16 14 17 0 15 0 18 5 19 5 20 7 20 4 12 4 10 2 10 tfffftttttttttttttttt
0102131434tffff	1231443300tttft	0 6 3 2 3 4 0 1 2 4 0 9 0 8 0 12 5 13 7 14 7 15 14 15 17 10 17 11 5 16 13 16 19 11 0 18 3 19 3 20 2 20 tfffftttttttttttttttt
0102131444tffff	0120324344ttttf	0 5 4 2 4 3 3 3 0 1 0 7 0 8 6 9 12 10 12 11 6 13 11 13 0 14 16 11 17 15 17 16 18 16 0 19 3 18 4 20 4 18 tfffftttttttttttttttt
0102131444tffff	0120334244ttttf	0 5 4 2 4 3 3 3 0 1 0 7 0 10 6 11 6 12 9 12 14 8 14 9 17 9 0 15 0 19 13 20 13 18 18 18 3 17 4 16 4 17 tfffftttttttttttttttt
0102131444tffff	0120343342tttft	0 5 3 2 3 4 0 1 4 4 0 7 0 8 6 9 12 10 12 11 6 13 11 13 0 15 20 11 0 18 14 19 14 20 17 20 3 16 3 17 4 17 tfffftttttttttttttttt
0102131444tffff	0122304344ttttf	0 10 4 2 4 3 3 3 0 1 0 11 0 7 5 12 5 13 9 13 0 14 6 15 6 16 16 16 17 8 17 9 18 9 0 19 3 18 4 20 4 18 tfffftttttttttttttttt
0102131444tffff	0122334044ttttf	0 10 4 2 4 3 3 3 0 1 0 11 5 12 5 13 8 13 0 6 0 15 14 16 14 17 17 17 0 19 9 20 9 18 18 18 3 8 4 7 4 8 tfffftttttttttttttttt
0102131444tffff	0122343340tttft	0 14 3 2 3 4 0 1 4 4 0 15 5 16 0 6 7 12 7 13 10 13 0 8 5 17 13 17 0 18 11 19 11 20 20 20 3 9 3 10 4 10 tfffftttttttttttttttt
0102131444tffff	0123223440ttftt	0 5 4 2 4 3 3 3 0 1 0 7 6 13 9 12 9 13 0 11 0 15 10 16 10 17 13 17 0 18 14 19 14 20 17 20 4 8 4 6 3 6 tfffftttttttttttttttt
0102131444tffff	0123224034ttftt	0 9 4 2 4 3 3 3 0 1 0 6 13 7 13 8 10 8 0 11 8 17 5 16 5 17 0 15 0 18 14 19 14 20 17 20 4 12 4 10 3 10 tfffftttttttttttttttt
0102131444tffff	0123224430ttftt	0 5 4 2 4 3 3 3 0 1 0 7 13 13 10 12 10 13 0 11 0 15 9 16 9 17 6 17 0 18 14 19 14 20 17 20 4 8 4 6 3 6 tfffftttttttttttttttt
0102131444tffff	0123304244ttttf	0 13 4 2 4 3 3 3 0 1 0 14 5 15 5 16 8 16 0 6 12 7 12 8 0 10 0 19 9 20 9 18 17 18 18 8 3 17 4 11 4 17 tfffftttttttttttttttt
0102131444tffff	0123324044ttttf	0 13 4 2 4 3 3 3 0 1 0 14 5 15 5 16 8 16 0 10 11 12 0 6 11 17 0 19 9 20 9 18 17 18 18 17 3 8 4 7 4 8 tfffftttttttttttttttt
0102131444tffff	0123403244ttttf	0 10 4 2 4 3 3 3 0 1 0 11 5 12 0 6 5 13 9 13 0 17 7 15 7 14 20 14 14 20 16 20 0 18 16 19 4 8 4 9 3 9 tfffftttttttttttttttt
0102131444tffff	0123423044ttttf	0 5 4 2 4 3 3 3 0 1 0 8 0 11 7 13 6 12 6 13 0 14 10 15 10 16 13 16 17 9 17 7 20 7 0 18 4 19 4 20 3 20 tfffftttttttttttttttt
0102131444tffff	1200314344ttttf	0 6 4 2 4 3 3 3 0 1 0 8 0 9 0 14 5 15 7 12 7 13 13 13 5 16 11 16 17 10 17 11 18 11 0 19 3 18 4 20 4 18 tfffftttttttttttttttt
0102131444tffff	1200334144ttttf	0 14 4 2 4 3 3 3 0 1 0 15 9 16 9 17 12 17 0 6 5 7 5 8 8 8 0 10 0 19 13 20 13 18 18 18 3 12 4 11 4 12 tfffftttttttttttttttt
0102131444tffff	1200343341tttft	0 5 3 2 3 4 0 1 4 4 0 7 0 11 6 12 6 13 9 13 0 15 14 16 14 17 17 17 0 18 10 19 10 20 13 20 3 8 3 9 4 9 tfffftttttttttttttttt
0102131444tffff	1201304344ttttf	0 8 4 2 4 3 3 3 0 1 0 6 9 7 9 11 0 10 0 14 5 15 13 11 5 16 11 16 17 12 17 13 18 13 0 19 3 18 4 20 4 18 tfffftttttttttttttttt
0102131444tffff	1201334044ttttf	0 14 4 2 4 3 3 3 0 1 0 15 9 16 9 17 12 17 0 10 5 11 5 12 8 12 0 6 0 19 13 20 13 18 18 18 3 8 4 7 4 8 tfffftttttttttttttttt
0102131444tffff	1201343340tttft	0 6 3 2 3 4 0 1 4 4 0 11 0 8 0 15 7 16 7 17 10 17 14 12 14 13 17 13 0 18 5 19 5 20 13 20 3 9 3 10 4 10 tfffftttttttttttttttt
0102131444tffff	1203314044ttttf	0 10 4 2 4 3 3 3 0 1 0 11 0 7 13 12 13 17 16 17 0 14 6 15 6 16 0 19 5 20 5 18 9 18 18 16 3 9 4 8 4 9 tfffftttttttttttttttt
0102131444tffff	1203403144ttttf	0 13 4 2 4 3 3 3 0 1 5 12 7 12 0 10 7 11 0 8 14 6 14 5 17 5 0 15 0 18 9 19 9 20 12 20 4 16 4 17 3 17 tfffftttttttttttttttt
0102131444tffff	1203413044ttttf	0 6 4 2 4 3 3 3 0 1 0 8 0 11 7 17 10 16 10 17 0 15 14 9 14 7 17 7 0 18 5 19 5 20 13 20 4 12 4 13 3 13 tfffftttttttttttttttt
0102131444tffff	1211033440tfttt	0 6 4 2 4 3 3 3 0 1 0 7 0 10 5 11 5 9 9 17 12 16 12 17 0 15 20 9 0 18 14 19 14 20 17 20 4 8 4 13 3 13 tfffftttttttttttttttt
0102131444tffff	1211034034tfttt	0 10 4 2 4 3 3 3 0 1 0 11 0 7 16 8 16 9 14 9 0 17 5 15 5 14 20 14 9 20 6 20 0 18 6 19 4 12 4 13 3 13 tfffftttttttttttttttt
0102131444tffff	1211034430tfttt	0 6 4 2 4 3 3 3 0 1 0 7 0 10 5 11 5 9 17 17 14 16 14 17 0 15 20 9 0 18 12 19 12 20 9 20 4 8 4 13 3 13 tfffftttttttttttttttt
0102131444tffff	1211330440tfttt	0 6 4 2 4 3 3 3 0 1 0 7 0 11 10 12 10 13 13 13 0 15 5 16 5 17 20 17 0 18 14 19 14 20 17 20 4 8 4 9 3 9 tfffftttttttttttttttt
0102131444tffff	1211334004tfttt	0 9 4 2 4 3 3 3 0 1 0 10 0 7 5 8 5 17 0 15 14 16 14 13 13 13 17 20 0 18 6 19 6 20 20 17 4 11 4 12 3 12 tfffftttttttttttttttt
0102131444tffff	1211334400tfttt	0 6 4 2 4 3 3 3 0 1 0 7 0 12 11 13 11 10 10 10 17 17 0 15 14 16 14 17 0 18 5 19 5 20 20 20 4 8 4 9 3 9 tfffftttttttttttttttt
0102131444tffff	1211340043tfttt	0 6 4 2 4 3 3 3 0 1 0 11 0 8 0 15 7 16 7 17 10 17 14 9 14 10 17 10 0 18 5 19 5 20 20 20 4 12 4 13 3 13 tfffftttttttttttttttt
0102131444tffff	1211340340tfttt	0 8 4 2 4 3 3 3 0 1 0 9 0 7 5 12 0 15 6 16 6 17 13 17 5 13 20 13 0 18 14 19 14 20 17 20 4 10 4 11 3 11 tfffftttttttttttttttt
0102131444tffff	1211344003tfttt	0 6 4 2 4 3 3 3 0 1 0 10 0 8 0 15 5 16 5 13 14 9 14 17 13 17 17 20 0 18 7 19 7 20 20 13 4 11 4 12 3 12 tfffftttttttttttttttt
0102131444tffff	1211344300tfttt	0 8 4 2 4 3 3 3 0 1 0 9 0 12 17 7 0 15 6 16 6 17 7 17 14 13 14 7 0 18 5 19 5 20 20 20 4 10 4 11 3 11 tfffftttttttttttttttt
0102131444tffff	1230430144ttttf	0 5 4 2 4 3 3 3 0 1 0 8 0 11 17 13 14 12 14 13 0 15 6 16 6 17 7 17 0 18 10 19 10 20 13 20 4 9 4 7 3 7 tfffftttttttttttttttt
0102131444tffff	1230443301tttft	0 9 3 2 3 4 0 1 4 4 0 10 8 11 8 12 0 6 0 15 14 16 14 17 17 17 20 12 0 18 5 19 5 20 13 20 3 7 3 13 4 13 tfffftttttttttttttttt
0102131444tffff	1231430044ttttf	0 9 4 2 4 3 3 3 0 1 0 6 13 7 13 8 10 8 0 11 17 17 14 16 14 17 0 15 0 18 5 19 5 20 8 20 4 12 4 10 3 10 tfffftttttttttttttttt
0102131444tffff	1231443300tttft	0 6 3 2 3 4 0 1 4 4 0 9 0 8 0 12 5 13 7 14 7 15 15 15 17 10 17 11 5 16 16 16 20 11 0 18 3 19 3 20 4 20 tfffftttttttttttttttt
0102132434tffff	0120324344ttttf	0 6 4 2 1 3 2 3 0 1 0 8 0 7 5 11 12 9 7 13 9 13 14 10 0 14 15 10 17 15 20 16 19 16 0 20 2 18 1 18 4 19 tfffftttttttttttttttt
0102132434tffff	0120334244ttttf	0 5 4 2 1 3 2 3 0 1 0 7 0 10 6 11 7 12 8 12 14 8 15 9 16 9 0 15 0 20 13 19 20 18 19 18 2 17 1 17 4 16 tfffftttttttttttttttt
0102132434tffff	0120343342tttft	0 6 2 4 3 1 0 2 1 4 0 7 0 8 11 9 5 12 8 13 9 13 0 15 18 10 19 10 0 18 14 19 15 20 16 20 3 16 2 17 1 17 tfffftttttttttttttttt
0102132434tffff	0122304344ttttf	0 10 4 2 1 3 2 3 0 1 0 7 0 11 6 12 7 13 8 13 0 14 5 15 14 16 15 16 17 8 20 9 19 9 0 20 2 18 1 18 4 19 tfffftttttttttttttttt
0102132434tffff	0122334044ttttf	0 10 4 2 1 3 2 3 0 1 0 11 5 12 6 13 7 13 0 6 0 15 14 16 15 17 16 17 0 20 9 19 20 18 19 18 2 8 1 8 4 7 tfffftttttttttttttttt
0102132434tffff	0122343340tttft	0 14 2 4 3 1 0 2 1 4 0 15 0 11 6 12 7 13 8 13 0 7 5 16 11 17 12 17 0 18 10 19 18 20 19 20 3 8 2 9 1 9 tfffftttttttttttttttt
0102132434tffff	0123223440ttftt	0 5 4 2 1 3 2 3 0 1 0 8 7 13 8 13 9 12 0 11 0 15 10 16 11 17 12 17 0 18 14 19 15 20 16 20 4 7 1 6 2 6 tfffftttttttttttttttt
0102132434tffff	0123224034ttftt	0 9 4 2 1 3 2 3 0 1 0 6 12 7 13 8 11 8 0 13 7 17 6 17 0 15 5 16 0 18 14 19 15 20 16 20 4 11 1 10 2 10 tfffftttttttttttttttt
0102132434tffff	0123224430ttftt	0 5 4 2 1 3 2 3 0 1 0 7 12 13 10 12 11 13 0 11 0 15 9 16 7 17 8 17 0 18 14 19 15 20 16 20 4 8 1 6 2 6 tfffftttttttttttttttt
0102132434tffff	0123304244ttttf	0 12 4 2 1 3 2 3 0 1 0 13 5 14 6 15 7 15 0 6 11 7 0 10 0 20 9 19 10 18 16 18 20 8 19 8 2 17 1 17 4 16 tfffftttttttttttttttt
0102132434tffff	0123324044ttttf	0 12 4 2 1 3 2 3 0 1 0 13 5 14 6 15 7 15 0 11 0 6 10 16 0 20 9 19 11 18 16 18 20 17 19 17 2 8 1 8 4 7 tfffftttttttttttttttt
0102132434tffff	0123403244ttttf	0 10 4 2 1 3 2 3 0 1 0 11 0 7 5 12 7 13 8 13 0 16 6 15 18 14 19 14 15 20 16 20 17 19 0 18 4 8 1 9 2 9 tfffftttttttttttttttt
0102132434tffff	0123423044ttttf	0 5 4 2 1 3 2 3 0 1 0 8 7 13 8 13 9 12 0 11 0 14 10 15 11 16 12 16 17 7 18 6 19 6 0 18 4 19 1 20 2 20 tfffftttttttttttttttt
0102132434tffff	1200314344ttttf	0 5 4 2 1 3 2 3 0 1 0 8 0 14 0 11 6 12 11 13 12 13 7 15 8 16 9 16 17 9 20 10 19 10 0 20 2 18 1 18 4 19 tfffftttttttttttttttt
0102132434tffff	1200334144ttttf	0 14 4 2 1 3 2 3 0 1 0 15 9 16 10 17 11 17 0 6 5 7 6 8 7 8 0 10 0 20 13 19 20 18 19 18 2 12 1 12 4 11 tfffftttttttttttttttt
0102132434tffff	1200343341tttft	0 5 2 4 3 1 0 2 1 4 0 7 0 11 6 12 7 13 8 13 0 15 14 16 15 17 16 17 0 18 10 19 11 20 12 20 3 8 2 9 1 9 tfffftttttttttttttttt
0102132434tffff	1201304344ttttf	0 10 4 2 1 3 2 3 0 1 0 6 7 8 0 14 11 9 12 9 0 11 5 15 6 16 8 16 17 12 20 13 19 13 0 20 2 18 1 18 4 19 tfffftttttttttttttttt
0102132434tffff	1201334044ttttf	0 14 4 2 1 3 2 3 0 1 0 15 9 16 10 17 11 17 0 10 5 11 6 12 7 12 0 6 0 20 13 19 20 18 19 18 2 8 1 8 4 7 tfffftttttttttttttttt
0102132434tffff	1201343340tttft	0 6 2 4 3 1 0 2 1 4 0 11 0 8 0 15 7 16 8 17 9 17 14 12 15 13 16 13 0 18 5 19 11 20 12 20 3 9 2 10 1 10 tfffftttttttttttttttt
0102132434tffff	1203314044ttttf	0 10 4 2 1 3 2 3 0 1 0 11 0 7 12 16 13 17 14 17 0 13 6 14 0 20 5 19 7 18 8 18 20 15 19 15 2 9 1 9 4 8 tfffftttttttttttttttt
0102132434tffff	1203403144ttttf	0 13 4 2 1 3 2 3 0 1 6 12 7 12 8 11 0 10 0 7 14 6 15 5 16 5 0 15 0 18 9 19 10 20 11 20 4 16 1 17 2 17 tfffftttttttttttttttt
0102132434tffff	1203413044ttttf	0 6 4 2 1 3 2 3 0 1 0 9 0 11 8 17 9 17 10 16 0 15 14 8 15 7 16 7 0 18 5 19 11 20 12 20 4 12 1 13 2 13 tfffftttttttttttttttt
0102132434tffff	1211330440tfttt	0 6 4 2 1 3 2 3 0 1 0 7 0 11 10 13 11 12 13 12 0 15 5 16 19 17 18 17 0 18 14 19 15 20 16 20 4 8 1 9 2 9 tfffftttttttttttttttt
0102132434tffff	1211334004tfttt	0 8 4 2 1 3 2 3 0 1 0 9 0 7 5 16 0 14 13 15 14 12 15 12 16 20 0 18 6 19 7 20 18 17 19 17 4 10 1 11 2 11 tfffftttttttttttttttt
0102132434tffff	1211334400tfttt	0 6 4 2 1 3 2 3 0 1 0 7 0 12 11 13 12 10 13 10 16 17 0 15 14 16 15 17 0 18 5 19 18 20 19 20 4 8 1 9 2 9 tfffftttttttttttttttt
0102132434tffff	1211340043tfttt	0 6 4 2 1 3 2 3 0 1 0 11 0 8 0 15 7 17 8 16 9 16 14 9 15 10 17 10 0 18 5 19 19 20 18 20 4 12 1 13 2 13 tfffftttttttttttttttt
0102132434tffff	1211340340tfttt	0 7 4 2 1 3 2 3 0 1 0 8 0 11 0 15 6 16 11 17 13 17 5 13 19 12 18 12 0 18 14 19 15 20 16 20 4 9 1 10 2 10 tfffftttttttttttttttt
0102132434tffff	1211344003tfttt	0 6 4 2 1 3 2 3 0 1 0 9 0 8 0 14 5 15 13 16 14 17 15 17 16 20 0 18 7 19 8 20 18 12 19 12 4 10 1 11 2 11 tfffftttttttttttttttt
0102132434tffff	1211344300tfttt	0 8 4 2 1 3 2 3 0 1 0 9 0 12 16 7 0 15 6 16 12 17 13 17 14 13 15 7 0 18 5 19 18 20 19 20 4 10 1 11 2 11 tfffftttttttttttttttt
0102132434tffff	1230430144ttttf	0 5 4 2 1 3 2 3 0 1 0 9 0 11 16 13 15 13 14 12 0 15 6 16 9 17 8 17 0 18 10 19 11 20 12 20 4 8 1 7 2 7 tfffftttttttttttttttt
0102132434tffff	1230443301tttft	0 8 2 4 3 1 0 2 1 4 0 9 7 10 0 6 0 15 14 16 15 17 16 17 18 11 19 11 0 18 5 19 6 20 12 20 3 12 2 13 1 13 tfffftttttttttttttttt
0102132434tffff	1231430044ttttf	0 9 4 2 1 3 2 3 0 1 0 6 13 7 12 8 11 8 0 12 16 17 15 17 14 16 0 15 0 18 5 19 6 20 7 20 4 11 1 10 2 10 tfffftttttttttttttttt
0102132434tffff	1231443300tttft	0 7 2 4 3 1 0 2 1 4 0 8 0 11 0 12 6 13 12 14 13 14 17 9 5 15 11 16 15 16 18 10 19 10 0 18 3 19 2 20 1 20 tfffftttttttttttttttt
0102132444tffff	0120324344ttttf	0 6 4 2 1 3 3 3 0 1 0 8 0 7 5 11 12 9 7 13 10 13 14 10 0 14 16 10 17 15 20 16 18 16 0 20 3 18 1 18 4 19 tfffftttttttttttttttt
0102132444tffff	0120334244ttttf	0 5 4 2 1 3 3 3 0 1 0 7 0 10 6 11 7 12 9 12 14 8 15 9 17 9 0 15 0 20 13 19 20 18 18 18 3 17 1 17 4 16 tfffftttttttttttttttt
0102132444tffff	0120343342tttft	0 6 2 4 3 1 0 2 4 4 0 7 0 8 11 9 5 12 8 13 10 13 0 15 18 10 20 10 0 18 14 19 15 20 17 20 3 16 2 17 4 17 tfffftttttttttttttttt
0102132444tffff	0122304344ttttf	0 10 4 2 1 3 3 3 0 1 0 7 0 11 6 12 7 13 9 13 0 14 5 15 14 16 16 16 17 8 20 9 18 9 0 20 3 18 1 18 4 19 tfffftttttttttttttttt
0102132444tffff	0122334044ttttf	0 10 4 2 1 3 3 3 0 1 0 11 5 12 6 13 8 13 0 6 0 15 14 16 15 17 17 17 0 20 9 19 20 18 18 18 3 8 1 8 4 7 tfffftttttttttttttttt
0102132444tffff	0122343340tttft	0 14 2 4 3 1 0 2 4 4 0 15 0 11 6 12 7 13 9 13 0 7 5 16 11 17 13 17 0 18 10 19 18 20 20 20 3 8 2 9 4 9 tfffftttttttttttttttt
0102132444tffff	0123223440ttftt	0 5 4 2 1 3 3 3 0 1 0 8 6 13 8 13 9 12 0 11 0 15 10 16 11 17 13 17 0 18 14 19 15 20 17 20 4 7 1 6 3 6 tfffftttttttttttttttt
0102132444tffff	0123224034ttftt	0 9 4 2 1 3 3 3 0 1 0 6 12 7 13 8 10 8 0 13 8 17 6 17 0 15 5 16 0 18 14 19 15 20 17 20 4 11 1 10 3 10 tfffftttttttttttttttt
0102132444tffff	0123224430ttftt	0 5 4 2 1 3 3 3 0 1 0 7 13 13 10 12 11 13 0 11 0 15 9 16 7 17 6 17 0 18 14 19 15 20 17 20 4 8 1 6 3 6 tfffftttttttttttttttt
0102132444tffff	0123324044ttttf	0 12 4 2 1 3 3 3 0 1 0 13 5 14 6 15 8 15 0 11 0 6 10 16 0 20 9 19 11 18 17 18 20 17 18 17 3 8 1 8 4 7 tfffftttttttttttttttt
0102132444tffff	0123403244ttttf	0 10 4 2 1 3 3 3 0 1 0 11 0 7 5 12 7 13 9 13 0 16 6 15 18 14 20 14 14 20 16 20 17 19 0 18 4 8 1 9 3 9 tfffftttttttttttttttt
0102132444tffff	0123423044ttttf	0 5 4 2 1 3 3 3 0 1 0 8 6 13 8 13 9 12 0 11 0 14 10 15 11 16 13 16 17 7 18 6 20 6 0 18 4 19 1 20 3 20 tfffftttttttttttttttt
0102132444tffff	1200314344ttttf	0 5 4 2 1 3 3 3 0 1 0 8 0 14 0 11 6 12 11 13 13 13 7 15 8 16 10 16 17 9 20 10 18 10 0 20 3 18 1 18 4 19 tfffftttttttttttttttt
0102132444tffff	1200343341tttft	0 5 2 4 3 1 0 2 4 4 0 7 0 11 6 12 7 13 9 13 0 15 14 16 15 17 17 17 0 18 10 19 11 20 13 20 3 8 2 9 4 9 tfffftttttttttttttttt
0102132444tffff	1201304344ttttf	0 10 4 2 1 3 3 3 0 1 0 6 7 8 0 14 11 9 13 9 0 11 5 15 6 16 9 16 17 12 20 13 18 13 0 20 3 18 1 18 4 19 tfffftttttttttttttttt
0102132444tffff	1201334044ttttf	0 14 4 2 1 3 3 3 0 1 0 15 9 16 10 17 12 17 0 10 5 11 6 12 8 12 0 6 0 20 13 19 20 18 18 18 3 8 1 8 4 7 tfffftttttttttttttttt
0102132444tffff	1201343340tttft	0 6 2 4 3 1 0 2 4 4 0 11 0 8 0 15 7 16 8 17 10 17 14 12 15 13 17 13 0 18 5 19 11 20 13 20 3 9 2 10 4 10 tfffftttttttttttttttt
0102132444tffff	1203314044ttttf	0 10 4 2 1 3 3 3 0 1 0 11 0 7 12 16 13 17 15 17 0 13 6 14 0 20 5 19 7 18 9 18 20 15 18 15 3 9 1 9 4 8 tfffftttttttttttttttt
0102132444tffff	1203403144ttttf	0 13 4 2 1 3 3 3 0 1 5 12 7 12 8 11 0 10 0 7 14 6 15 5 17 5 0 15 0 18 9 19 10 20 12 20 4 16 1 17 3 17 tfffftttttttttttttttt
0102132444tffff	1203413044ttttf	0 6 4 2 1 3 3 3 0 1 0 9 0 11 7 17 9 17 10 16 0 15 14 8 15 7 17 7 0 18 5 19 11 20 13 20 4 12 1 13 3 13 tfffftttttttttttttttt
0102132444tffff	1211330440tfttt	0 6 4 2 1 3 3 3 0 1 0 7 0 11 10 13 11 12 12 12 0 15 5 16 20 17 18 17 0 18 14 19 15 20 17 20 4 8 1 9 3 9 tfffftttttttttttttttt
0102132444tffff	1211334004tfttt	0 8 4 2 1 3 3 3 0 1 0 9 0 7 5 16 0 14 13 15 14 12 12 12 17 20 0 18 6 19 7 20 18 17 20 17 4 10 1 11 3 11 tfffftttttttttttttttt
0102132444tffff	1211340043tfttt	0 6 4 2 1 3 3 3 0 1 0 11 0 8 0 15 7 17 8 16 10 16 14 9 15 10 16 10 0 18 5 19 20 20 18 20 4 12 1 13 3 13 tfffftttttttttttttttt
0102132444tffff	1211340340tfttt	0 7 4 2 1 3 3 3 0 1 0 8 0 11 0 15 6 16 11 17 12 17 5 13 20 12 18 12 0 18 14 19 15 20 17 20 4 9 1 10 3 10 tfffftttttttttttttttt
0102132444tffff	1211344003tfttt	0 6 4 2 1 3 3 3 0 1 0 9 0 8 0 14 5 15 13 16 14 17 12 17 17 20 0 18 7 19 8 20 18 12 20 12 4 10 1 11 3 11 tfffftttttttttttttttt
0102132444tffff	1211344300tfttt	0 8 4 2 1 3 3 3 0 1 0 9 0 12 17 7 0 15 6 16 12 17 7 17 14 13 15 7 0 18 5 19 18 20 20 20 4 10 1 11 3 11 tfffftttttttttttttttt
0102132444tffff	1230443301tttft	0 8 2 4 3 1 0 2 4 4 0 9 7 10 0 6 0 15 14 16 15 17 17 17 18 11 20 11 0 18 5 19 6 20 13 20 3 12 2 13 4 13 tfffftttttttttttttttt
0102132444tffff	1231430044ttttf	0 9 4 2 1 3 3 3 0 1 0 6 13 7 12 8 10 8 0 12 17 17 15 17 14 16 0 15 0 18 5 19 6 20 8 20 4 11 1 10 3 10 tfffftttttttttttttttt
0102132444tffff	1231443300tttft	0 7 2 4 3 1 0 2 4 4 0 8 0 11 0 12 6 13 12 14 14 14 17 9 5 15 11 16 16 16 18 10 20 10 0 18 3 19 2 20 4 20 tfffftttttttttttttttt
