0102030414tffff	01203233tttf	0 5 0 2 0 3 0 4 1 4 0 7 0 8 0 9 0 10 0 11 0 12 6 12 13 11 0 14 0 15 0 16 1 16 tfffftttttttttttt
0102030414tffff	12003133tttf	0 8 0 2 0 3 0 4 1 4 0 9 0 10 0 6 0 11 0 12 0 13 0 14 0 15 5 15 0 16 7 16 1 13 tfffftttttttttttt
0102030414tffff	12013033tttf	0 9 0 2 0 3 0 4 1 4 0 6 0 7 0 8 10 8 0 11 0 12 0 13 0 14 0 15 0 16 5 16 1 15 tfffftttttttttttt
0102030414tffff	12110330tftt	0 5 0 2 0 3 4 3 0 1 0 7 0 9 0 10 0 11 0 12 0 13 0 15 0 14 8 14 6 16 0 16 4 13 tfffftttttttttttt
0102030414tffff	12113300tftt	0 5 0 2 0 3 4 3 0 1 0 7 0 9 0 10 0 11 0 12 0 13 0 15 0 14 6 14 8 16 0 16 4 13 tfffftttttttttttt
0102031424tffff	01223033tttf	0 5 2 4 0 3 0 1 3 4 0 7 0 9 0 10 0 12 0 13 8 14 9 14 0 15 6 16 7 16 2 11 3 11 tfffftttttttttttt
0102031424tffff	01232230ttft	0 6 0 2 4 3 1 3 0 1 0 7 0 11 0 9 11 14 10 14 0 12 0 13 0 15 5 16 12 16 4 8 1 8 tfffftttttttttttt
0102031424tffff	12013033tttf	0 10 2 4 0 3 0 1 3 4 0 11 0 7 0 8 5 9 12 9 0 12 0 13 0 15 6 16 7 16 2 14 3 14 tfffftttttttttttt
0102031424tffff	12110330tftt	0 8 0 2 4 3 1 3 0 1 0 9 0 10 0 6 0 13 0 14 5 12 6 12 13 16 0 15 7 16 4 11 1 11 tfffftttttttttttt
0102031434tffff	01203233tttf	0 5 2 4 0 3 0 1 1 4 0 7 0 8 0 9 0 10 12 11 6 13 10 13 0 14 15 11 0 15 2 16 1 16 tfffftttttttttttt
0102031434tffff	01232230ttft	0 6 0 2 4 3 2 3 0 1 0 7 0 11 0 9 9 14 10 14 0 12 0 13 0 15 5 16 13 16 4 8 2 8 tfffftttttttttttt
0102031434tffff	12003133tttf	0 6 2 4 0 3 0 1 1 4 0 7 0 9 0 10 0 12 0 13 5 14 13 14 0 15 8 16 10 16 2 11 1 11 tfffftttttttttttt
0102031434tffff	12013033tttf	0 10 2 4 0 3 0 1 1 4 0 11 0 7 0 8 5 9 13 9 0 12 0 13 0 15 6 16 8 16 2 14 1 14 tfffftttttttttttt
0102031434tffff	12110330tftt	0 8 0 2 4 3 2 3 0 1 0 9 0 10 0 6 0 12 0 13 5 11 13 16 0 15 7 16 15 11 4 14 2 14 tfffftttttttttttt
0102031444tffff	01232230ttft	0 6 0 2 4 3 3 3 0 1 0 7 0 11 0 9 8 14 10 14 0 12 0 13 0 15 5 16 14 16 4 8 3 8 tfffftttttttttttt
0102131424tffff	01203233tttf	0 5 3 2 3 4 0 1 1 4 0 7 0 10 6 11 6 12 7 12 13 8 13 9 14 9 0 14 3 15 3 16 1 16 tfffftttttttttttt
0102131424tffff	01223033tttf	0 10 3 2 3 4 0 1 1 4 0 11 5 12 5 13 6 13 0 6 0 14 9 15 9 16 14 16 3 7 3 8 1 8 tfffftttttttttttt
0102131424tffff	01232230ttft	0 5 4 2 4 3 1 3 0 1 0 7 7 13 9 12 9 13 0 11 0 14 10 15 10 16 11 16 4 8 4 6 1 6 tfffftttttttttttt
0102131424tffff	12003133tttf	0 5 3 2 3 4 0 1 1 4 0 7 0 11 10 12 10 13 11 13 0 14 6 15 6 16 7 16 3 8 3 9 1 9 tfffftttttttttttt
0102131424tffff	12013033tttf	0 9 3 2 3 4 0 1 1 4 0 6 10 7 10 8 11 8 0 11 0 14 5 15 5 16 6 16 3 12 3 13 1 13 tfffftttttttttttt
0102131424tffff	12110330tftt	0 6 4 2 4 3 1 3 0 1 0 7 0 12 5 10 5 9 12 16 11 16 0 14 11 15 14 9 4 8 4 13 1 13 tfffftttttttttttt
0102131424tffff	12113300tftt	0 6 4 2 4 3 1 3 0 1 0 7 0 12 11 13 11 10 12 10 14 16 0 14 5 15 5 16 4 8 4 9 1 9 tfffftttttttttttt
0102131434tffff	01203233tttf	0 5 3 2 3 4 0 1 2 4 0 7 0 10 6 11 6 12 8 12 13 8 13 9 15 9 0 14 3 15 3 16 2 16 tfffftttttttttttt
0102131434tffff	01223033tttf	0 10 3 2 3 4 0 1 2 4 0 11 5 12 5 13 7 13 0 6 0 14 9 15 9 16 15 16 3 7 3 8 2 8 tfffftttttttttttt
0102131434tffff	01232230ttft	0 5 4 2 4 3 2 3 0 1 0 7 8 13 9 12 9 13 0 11 0 14 10 15 10 16 12 16 4 8 4 6 2 6 tfffftttttttttttt
0102131434tffff	12003133tttf	0 5 3 2 3 4 0 1 2 4 0 7 0 11 10 12 10 13 12 13 0 14 6 15 6 16 8 16 3 8 3 9 2 9 tfffftttttttttttt
0102131434tffff	12013033tttf	0 9 3 2 3 4 0 1 2 4 0 6 10 7 10 8 12 8 0 11 0 14 5 15 5 16 7 16 3 12 3 13 2 13 tfffftttttttttttt
0102131434tffff	12110330tftt	0 6 4 2 4 3 2 3 0 1 0 7 0 12 5 10 5 9 10 16 11 16 0 14 11 15 15 9 4 8 4 13 2 13 tfffftttttttttttt
0102131434tffff	12113300tftt	0 6 4 2 4 3 2 3 0 1 0 7 0 12 11 13 11 10 13 10 15 16 0 14 5 15 5 16 4 8 4 9 2 9 tfffftttttttttttt
0102131444tffff	01203233tttf	0 5 3 2 3 4 0 1 4 4 0 7 0 10 6 11 6 12 9 12 13 8 13 9 16 9 0 14 3 15 3 16 4 16 tfffftttttttttttt
0102131444tffff	01223033tttf	0 10 3 2 3 4 0 1 4 4 0 11 5 12 5 13 8 13 0 6 0 14 9 15 9 16 16 16 3 7 3 8 4 8 tfffftttttttttttt
0102131444tffff	01232230ttft	0 5 4 2 4 3 3 3 0 1 0 7 6 13 9 12 9 13 0 11 0 14 10 15 10 16 13 16 4 8 4 6 3 6 tfffftttttttttttt
0102131444tffff	12003133tttf	0 5 3 2 3 4 0 1 4 4 0 7 0 11 10 12 10 13 13 13 0 14 6 15 6 16 9 16 3 8 3 9 4 9 tfffftttttttttttt
0102131444tffff	12013033tttf	0 9 3 2 3 4 0 1 4 4 0 6 10 7 10 8 13 8 0 11 0 14 5 15 5 16 8 16 3 12 3 13 4 13 tfffftttttttttttt
0102131444tffff	12110330tftt	0 6 4 2 4 3 3 3 0 1 0 7 0 12 5 10 5 9 9 16 11 16 0 14 11 15 16 9 4 8 4 13 3 13 tfffftttttttttttt
0102131444tffff	12113300tftt	0 6 4 2 4 3 3 3 0 1 0 7 0 12 11 13 11 10 10 10 16 16 0 14 5 15 5 16 4 8 4 9 3 9 tfffftttttttttttt
0102132434tffff	01203233tttf	0 6 2 4 3 1 0 2 1 4 0 10 0 7 5 11 7 12 8 12 13 8 14 9 15 9 0 14 3 15 2 16 1 16 tfffftttttttttttt
0102132434tffff	01223033tttf	0 10 2 4 3 1 0 2 1 4 0 11 5 12 6 13 7 13 0 6 0 14 9 15 14 16 15 16 3 7 2 8 1 8 tfffftttttttttttt
0102132434tffff	01232230ttft	0 5 4 2 1 3 2 3 0 1 0 8 7 13 8 13 9 12 0 11 0 14 10 15 11 16 12 16 4 7 1 6 2 6 tfffftttttttttttt
0102132434tffff	12003133tttf	0 5 2 4 3 1 0 2 1 4 0 7 0 11 10 12 11 13 12 13 0 14 6 15 7 16 8 16 3 8 2 9 1 9 tfffftttttttttttt
0102132434tffff	12013033tttf	0 9 2 4 3 1 0 2 1 4 0 6 10 7 11 8 12 8 0 11 0 14 5 15 6 16 7 16 3 12 2 13 1 13 tfffftttttttttttt
0102132434tffff	12113300tftt	0 6 4 2 1 3 2 3 0 1 0 7 0 13 12 11 13 10 11 10 15 16 14 16 0 14 5 15 4 8 1 9 2 9 tfffftttttttttttt
0102132444tffff	01203233tttf	0 6 2 4 3 1 0 2 4 4 0 10 0 7 5 11 7 12 9 12 13 8 14 9 16 9 0 14 3 15 2 16 4 16 tfffftttttttttttt
0102132444tffff	01223033tttf	0 10 2 4 3 1 0 2 4 4 0 11 5 12 6 13 8 13 0 6 0 14 9 15 14 16 16 16 3 7 2 8 4 8 tfffftttttttttttt
0102132444tffff	01232230ttft	0 5 4 2 1 3 3 3 0 1 0 8 6 13 8 13 9 12 0 11 0 14 10 15 11 16 13 16 4 7 1 6 3 6 tfffftttttttttttt
0102132444tffff	12003133tttf	0 5 2 4 3 1 0 2 4 4 0 7 0 11 10 12 11 13 13 13 0 14 6 15 7 16 9 16 3 8 2 9 4 9 tfffftttttttttttt
0102132444tffff	12013033tttf	0 9 2 4 3 1 0 2 4 4 0 6 10 7 11 8 13 8 0 11 0 14 5 15 6 16 8 16 3 12 2 13 4 13 tfffftttttttttttt
0102132444tffff	12113300tftt	0 6 4 2 1 3 3 3 0 1 0 7 0 13 12 11 13 10 10 10 16 16 14 16 0 14 5 15 4 8 1 9 3 9 tfffftttttttttttt
