0111tf	01020333ffft	1 0 1 2 1 3 1 4 4 4 fffft
0111tf	01021333ffft	1 0 1 2 1 3 2 4 4 4 fffft
0111tf	01022333ffft	1 0 1 2 1 3 3 4 4 4 fffft
0111tf	01023233ffft	1 0 1 2 1 3 4 3 4 4 fffft
0111tf	01023333ffft	1 0 1 2 1 3 4 4 4 4 fffft
0111tf	01121333ffft	1 0 1 2 2 3 2 4 4 4 fffft
0111tf	01122333ffft	1 0 1 2 2 3 3 4 4 4 fffft
0111tf	01123233ffft	1 0 1 2 2 3 4 3 4 4 fffft
0111tf	01123333ffft	1 0 1 2 2 3 4 4 4 4 fffft
0111tf	01210333ffft	1 0 1 2 3 2 1 4 4 4 fffft
0111tf	01211333ffft	1 0 1 2 3 2 2 4 4 4 fffft
0111tf	01212333ffft	1 0 1 2 3 2 3 4 4 4 fffft
0111tf	01213133ffft	1 0 1 2 3 2 4 2 4 4 fffft
0111tf	01213233ffft	1 0 1 2 3 2 4 3 4 4 fffft
0111tf	01213333ffft	1 0 1 2 3 2 4 4 4 4 fffft
0111tf	01222333ffft	1 0 1 2 3 3 3 4 4 4 fffft
0111tf	01223233ffft	1 0 1 2 3 3 4 3 4 4 fffft
0111tf	01223333ffft	1 0 1 2 3 3 4 4 4 4 fffft
0111tf	01230333ffft	1 0 1 2 3 4 1 4 4 4 fffft
0111tf	01231133ffft	1 0 1 3 3 3 2 4 4 4 fffft
0111tf	01232222fftf	1 0 1 2 4 3 4 4 4 4 fffft
0111tf	01233133ffft	1 0 1 2 3 4 4 2 4 4 fffft
0111tf	01233333ffft	1 0 1 2 3 4 4 4 4 4 fffft
