010202ttf	112222ftf	2 0 1 0 3 0 1 0 ffft
010212tff	112222ftf	3 0 2 0 2 1 2 0 ffft
010212ttf	112222ftf	2 0 1 2 3 0 1 2 ffft
010222ttf	112222ftf	2 0 1 1 3 0 1 1 ffft
011212ttf	112222ftf	2 0 1 2 3 2 1 2 ffft
011222ttf	112222ftf	2 0 1 1 3 2 1 1 ffft
012101tff	112222ftf	3 0 1 2 1 0 1 2 ffft
012111tft	112222ftf	3 0 3 3 2 1 2 1 ffft
012111tft	121111fft	1 0 1 2 1 3 1 2 ffft
012111tft	121121fft	1 0 1 2 1 3 3 2 ffft
012122ttf	112222ftf	2 0 1 1 2 3 1 1 ffft
012122ttf	121111fft	2 0 1 1 2 3 1 1 ffft
012122ttf	121121fft	2 0 1 1 2 3 3 1 ffft
012222ttf	112222ftf	2 0 1 1 3 3 1 1 ffft
012222ttf	121111fft	2 0 1 1 1 3 1 1 ffft
012222ttf	121121fft	2 0 1 1 1 3 3 1 ffft
111212ttf	112222ftf	2 2 1 2 3 2 1 2 ffft
111222ttf	112222ftf	2 2 1 1 3 2 1 1 ffft
112222ttf	112222ftf	2 2 1 1 3 3 1 1 ffft
112222ttf	121111fft	2 2 1 1 1 3 1 1 ffft
112222ttf	121121fft	2 2 1 1 1 3 3 1 ffft
121111tft	112222ftf	1 3 3 3 2 2 2 2 ffft
121111tft	121111fft	1 3 2 3 2 2 2 2 ffft
121111tft	121121fft	1 3 2 3 2 2 3 2 ffft
