012101tff	1122334444ffftf	3 0 1 2 1 0 4 5 6 7 6 0 1 2 1 0 fffffftt
012101tff	1123223442fffft	3 0 1 2 1 0 1 4 5 0 5 7 6 2 6 0 fffffftt
012101tff	1123224234fffft	3 0 1 2 1 0 1 5 6 2 6 0 4 7 4 0 fffffftt
012101tff	1123224234ffftf	3 0 1 2 1 0 1 7 6 5 6 0 4 2 4 0 fffffftt
012101tff	1123224432fffft	3 0 1 2 1 0 1 5 6 7 6 0 4 2 4 0 fffffftt
012101tff	1123224432ffftf	3 0 1 2 1 0 1 7 6 2 6 0 4 5 4 0 fffffftt
012101tff	1123324444ffftf	3 0 1 2 1 0 4 7 6 5 6 0 1 2 1 0 fffffftt
012101tff	1123344244ffftf	3 0 1 2 1 0 4 7 6 2 6 0 1 5 1 0 fffffftt
012101tff	1221334444ffftf	3 0 1 2 1 0 5 4 5 0 6 7 1 2 1 0 fffffftt
012101tff	1221343343fffft	3 0 1 2 1 0 5 4 5 0 1 7 6 2 6 0 fffffftt
012101tff	1221344344ffftf	3 0 1 2 1 0 5 4 5 0 6 2 1 7 1 0 fffffftt
012101tff	1223314444ffftf	4 0 5 0 2 3 2 0 5 7 6 1 2 3 2 0 fffffftt
012101tff	1223343341fffft	3 0 1 2 1 0 5 2 5 0 1 7 6 4 6 0 fffffftt
012101tff	1223343341fftff	5 0 1 2 1 0 4 0 4 6 7 2 7 0 1 3 ffffffft
012101tff	1223343341ftfff	6 0 2 4 2 3 2 0 5 0 5 7 1 3 1 0 fffffftt
012101tff	1223344144ffftf	4 0 5 0 2 3 2 0 5 7 6 3 2 1 2 0 fffffftt
012101tff	1223413334fffft	3 0 1 2 1 0 5 2 5 0 6 4 1 7 1 0 fffffftt
012101tff	1223443144fftff	5 0 1 6 1 0 3 4 3 0 7 2 7 0 3 4 ffffffft
012101tff	1223443331fffft	3 0 1 2 1 0 5 2 5 0 6 7 1 4 1 0 fffffftt
012101tff	1231432444ffftf	3 0 1 2 1 0 6 4 6 0 1 7 5 2 5 0 fffffftt
012101tff	1231432444fftff	3 0 1 2 1 0 5 4 5 0 7 2 7 0 1 6 ffffffft
012101tff	1231442344fftff	3 0 1 2 1 0 5 4 5 0 7 6 7 0 1 2 ffffffft
012101tff	1233442144fftff	3 0 1 2 1 0 5 6 5 0 7 4 7 0 1 2 ffffffft
012101tff	1234432144ffftf	3 0 1 2 1 0 6 2 6 0 1 7 5 4 5 0 fffffftt
012101tff	1234432144fftff	3 0 1 2 1 0 5 2 5 0 7 4 7 0 1 6 ffffffft
