01023221tfff	1223343341fftff	7 0 2 0 2 3 1 2 5 0 5 9 4 8 11 0 11 3 10 2 2 0 2 6 fffffffffftt
01023221tfff	1234432144fftff	4 0 2 0 2 3 1 2 8 0 8 3 7 2 11 0 11 6 10 5 2 0 2 9 fffffffffftt
01210333tfff	1223314444ffftf	5 0 8 0 2 4 3 3 3 0 7 11 8 10 9 1 10 6 2 4 3 3 3 0 fffffffffttt
01210333tfff	1223344144ffftf	5 0 8 0 2 4 3 3 3 0 7 10 8 11 9 4 11 3 2 1 3 0 3 6 fffffffffttt
01210333tfff	1223413334fffft	4 0 1 3 2 2 2 0 7 3 8 0 8 2 9 5 10 6 1 11 2 10 2 0 fffffffffttt
01210333tfff	1223443331fffft	4 0 1 3 2 2 2 0 7 3 8 2 8 0 9 11 10 10 1 6 2 5 2 0 fffffffffttt
01210333tfff	1233442144fftff	4 0 1 3 2 2 2 0 7 8 9 9 9 0 10 6 11 0 11 5 1 3 2 2 fffffffffftt
01210333tfff	1234432144ffftf	4 0 1 3 2 2 2 0 9 3 10 2 10 0 1 11 2 10 7 6 8 5 8 0 fffffffffttt
01210333tfff	1234432144fftff	4 0 1 3 2 2 2 0 7 3 8 2 8 0 10 6 11 5 11 0 1 9 2 8 fffffffffftt
01230133tfff	1223443144fftff	7 0 2 8 2 9 1 0 5 6 5 5 4 0 11 3 10 0 11 2 5 6 5 5 fffffffffftt
