0102034311tffft	121121fft	1 0 2 0 3 0 3 4 1 5 6 0 7 0 7 4 fffffttt
0102034312tffft	121121fft	1 0 2 0 3 0 3 4 2 5 6 0 7 0 7 4 fffffttt
0102034313tffft	121121fft	1 0 2 0 3 0 3 4 3 5 6 0 7 0 7 4 fffffttt
0102324131tffft	121121fft	1 0 2 0 2 3 1 4 1 7 6 0 6 3 5 4 fffffttt
0102324132tffft	112222ftf	5 0 6 7 3 0 3 4 2 1 3 0 3 4 2 1 fffffttt
0102324132tffft	121121fft	1 0 2 0 2 3 1 4 2 7 6 0 6 3 5 4 fffffttt
0102324241tfftf	112222ftf	5 0 6 7 3 0 3 1 2 4 3 0 3 1 2 4 fffffttt
0102341144tfftf	121121fft	2 0 1 1 3 0 1 4 2 5 7 0 6 1 6 4 fffffttt
0102341244tfftf	121121fft	2 0 1 1 3 0 1 4 3 5 7 0 6 1 6 4 fffffttt
0102341444tfftf	121121fft	2 0 1 1 3 0 1 4 1 5 7 0 6 1 6 4 fffffttt
0121032421ttfff	121121fft	4 0 4 2 3 0 1 2 4 5 6 0 7 2 4 2 fffffttt
0121032434ttfff	121121fft	4 0 2 0 3 1 3 2 4 5 6 0 7 1 7 2 fffffttt
0121032443ttfff	121121fft	4 0 2 0 3 1 2 3 4 5 6 0 7 1 6 3 fffffttt
0121032444ttfff	121121fft	4 0 2 0 3 1 3 3 4 5 6 0 7 1 7 3 fffffttt
0121034423ttfff	121121fft	4 0 2 0 3 3 2 1 4 5 6 0 7 3 6 1 fffffttt
0121132421ttfff	121121fft	4 0 4 2 3 4 1 2 4 5 6 4 7 2 4 2 fffffttt
0121132443ttfff	121121fft	4 0 2 4 3 1 2 3 4 5 6 4 7 1 6 3 fffffttt
0121132444ttfff	121121fft	4 0 2 4 3 1 3 3 4 5 6 4 7 1 7 3 fffffttt
0121232421ttfff	121121fft	4 0 4 2 3 2 1 2 4 5 6 2 7 2 4 2 fffffttt
0121312444tfftf	112222ftf	5 0 6 7 2 4 3 3 2 1 2 4 3 3 2 1 fffffttt
0121313431tftff	121121fft	3 0 3 2 1 2 3 4 3 6 5 4 7 2 5 2 fffffttt
0121332421ttfff	121121fft	4 0 4 2 3 3 1 2 4 5 6 3 7 2 4 2 fffffttt
0121342123ttfff	121121fft	4 0 4 2 3 1 1 2 4 5 6 1 7 2 4 2 fffffttt
0121342444tfftf	112222ftf	5 0 6 7 2 4 3 3 3 1 2 4 3 3 3 1 fffffttt
0121343144tftff	112222ftf	5 0 7 6 2 1 2 3 4 4 2 1 2 3 4 4 fffffttt
0121343423tftff	112222ftf	5 0 6 7 2 1 4 1 3 4 2 1 4 1 3 4 fffffttt
0121343431tftff	112222ftf	5 0 7 6 2 1 4 3 2 3 2 1 4 3 2 3 fffffttt
0121343431tftff	121121fft	3 0 3 2 1 2 3 4 1 6 5 4 7 2 5 2 fffffttt
0123032434ttfff	121121fft	4 0 2 0 3 1 3 2 2 5 6 0 7 1 7 2 fffffttt
0123032444ttfff	121121fft	4 0 2 0 3 1 3 3 2 5 6 0 7 1 7 3 fffffttt
0123043323ttfff	121121fft	4 0 3 0 2 2 2 1 2 5 7 0 6 2 6 1 fffffttt
0123044323ttfff	121121fft	4 0 3 0 2 3 2 1 2 5 7 0 6 3 6 1 fffffttt
0123112444tftff	121121fft	2 0 1 1 3 4 1 4 2 5 6 4 7 4 7 1 fffffttt
0123132444tftff	121121fft	2 0 1 1 3 4 1 4 3 5 6 4 7 4 7 1 fffffttt
0123132444ttfff	121121fft	4 0 2 4 3 1 3 3 2 5 6 4 7 1 7 3 fffffttt
0123142444tftff	121121fft	2 0 1 1 3 4 1 4 1 5 6 4 7 4 7 1 fffffttt
0123143323ttfff	121121fft	4 0 3 4 2 2 2 1 2 5 7 4 6 2 6 1 fffffttt
0123413321tffft	121121fft	2 0 1 1 1 3 2 4 2 7 6 3 6 1 5 4 fffffttt
0123413323tffft	112222ftf	5 0 6 7 3 4 3 3 2 1 3 4 3 3 2 1 fffffttt
0123413323tffft	121121fft	2 0 1 1 1 3 2 4 1 7 6 3 6 1 5 4 fffffttt
0123433341tftff	112222ftf	5 0 6 7 3 1 3 3 2 4 3 1 3 3 2 4 fffffttt
1212321432tftff	121121fft	1 5 1 7 1 2 1 4 3 2 1 2 1 4 6 2 fffffttt
1212321434tftff	121121fft	1 5 1 6 1 2 4 2 4 3 1 2 7 2 7 3 fffffttt
1212323432tftff	121121fft	1 5 1 7 1 2 1 4 3 4 1 2 1 4 6 4 fffffttt
1212324432tftff	121121fft	1 5 1 7 1 2 1 4 3 3 1 2 1 4 6 3 fffffttt
1212341434tftff	112222ftf	1 5 7 6 1 2 4 2 4 3 1 2 4 2 4 3 fffffttt
1212341434tftff	121121fft	1 5 4 6 1 2 4 2 4 3 1 2 7 2 7 3 fffffttt
1212344234tftff	112222ftf	1 5 7 6 1 2 1 4 4 3 1 2 1 4 4 3 fffffttt
1232143234ttfff	121121fft	1 4 3 4 1 2 3 2 1 6 7 4 5 2 7 2 fffffttt
1232143244ttfff	121121fft	1 4 3 4 1 2 3 3 1 6 7 4 5 2 7 3 fffffttt
