0102324131tffft	12112331ffft	1 0 2 0 2 3 1 4 1 5 6 4 7 0 7 10 9 0 9 3 8 4 ffffffffttt
0102324131tffft	12113123ffft	1 0 2 0 2 3 1 4 1 7 10 0 10 3 8 4 6 0 5 4 6 9 ffffffffttt
0102324131tffft	12113123fftf	1 0 2 0 2 3 1 4 1 10 9 0 9 7 8 4 6 0 6 3 5 4 ffffffffttt
0102324131tffft	12113321ffft	1 0 2 0 2 3 1 4 1 6 9 0 8 4 9 10 7 0 7 3 5 4 ffffffffttt
0102324131tffft	12113321fftf	1 0 2 0 2 3 1 4 1 10 9 0 9 3 8 4 6 0 6 7 5 4 ffffffffttt
0102324132tffft	11223333fftf	5 0 7 6 3 0 3 4 2 1 9 0 8 1 9 10 3 0 3 4 2 1 ffffffffttt
0102324132tffft	12112331ffft	1 0 2 0 2 3 1 4 2 5 6 4 7 0 7 10 9 0 9 3 8 4 ffffffffttt
0102324132tffft	12113123ffft	1 0 2 0 2 3 1 4 2 7 10 0 10 3 8 4 6 0 5 4 6 9 ffffffffttt
0102324132tffft	12113123fftf	1 0 2 0 2 3 1 4 2 10 9 0 9 7 8 4 6 0 6 3 5 4 ffffffffttt
0102324132tffft	12113321ffft	1 0 2 0 2 3 1 4 2 6 9 0 8 4 9 10 7 0 7 3 5 4 ffffffffttt
0102324132tffft	12113321fftf	1 0 2 0 2 3 1 4 2 10 9 0 9 3 8 4 6 0 6 7 5 4 ffffffffttt
0102324132tffft	12213333fftf	5 0 2 0 2 3 1 4 6 10 9 0 9 7 8 4 2 0 2 3 1 4 ffffffffttt
0102324132tffft	12233133fftf	5 0 2 0 2 3 1 4 6 10 9 0 9 3 8 4 2 0 2 7 1 4 ffffffffttt
0102324241tfftf	11223333fftf	5 0 6 7 3 0 3 1 2 4 9 0 9 1 8 10 3 0 3 1 2 4 ffffffffttt
0102324241tfftf	12233133fftf	5 0 3 0 1 2 3 4 7 10 9 0 8 2 9 4 3 0 3 4 1 6 ffffffffttt
0121032421ttfff	12112331ffft	4 0 4 2 3 0 1 2 4 5 6 0 7 8 4 8 9 0 10 2 4 2 ffffffffttt
0121032421ttfff	12113123fftf	5 0 5 2 3 0 1 2 5 6 5 8 9 0 10 6 7 0 4 2 5 2 ffffffffttt
0121032421ttfff	12113321ffft	4 0 4 2 3 0 1 2 4 5 9 0 10 8 4 8 6 0 7 2 4 2 ffffffffttt
0121032434ttfff	12112331ffft	4 0 2 0 3 1 3 2 4 5 6 0 7 8 7 9 9 0 10 1 10 2 ffffffffttt
0121032434ttfff	12113123ffft	4 0 2 0 3 1 3 2 4 5 9 0 10 1 10 2 6 0 7 8 7 9 ffffffffttt
0121032434ttfff	12113123fftf	4 0 2 0 3 1 3 2 4 8 9 0 10 5 10 6 6 0 7 1 7 2 ffffffffttt
0121032443tftff	12233133fftf	5 0 6 0 2 1 4 1 3 4 8 1 10 1 9 4 2 1 4 1 3 7 ffffffffttt
0121032443ttfff	12112331ffft	4 0 2 0 3 1 2 3 4 5 6 0 7 8 6 10 9 0 10 1 9 3 ffffffffttt
0121032443ttfff	12113123ffft	4 0 2 0 3 1 2 3 4 5 9 0 9 3 10 1 7 0 6 8 7 10 ffffffffttt
0121032443ttfff	12113123fftf	4 0 2 0 3 1 2 3 4 8 9 0 10 5 9 7 6 0 7 1 6 3 ffffffffttt
0121032443ttfff	12113321ffft	4 0 2 0 3 1 2 3 4 5 9 0 10 8 9 10 6 0 7 1 6 3 ffffffffttt
0121032443ttfff	12113321fftf	4 0 2 0 3 1 2 3 4 8 9 0 10 1 9 3 6 0 7 5 6 7 ffffffffttt
0121032444ttfff	12112331ffft	4 0 2 0 3 1 3 3 4 5 6 0 7 8 7 10 9 0 10 1 10 3 ffffffffttt
0121032444ttfff	12113123ffft	4 0 2 0 3 1 3 3 4 5 9 0 10 1 10 3 6 0 7 8 7 10 ffffffffttt
0121032444ttfff	12113123fftf	4 0 2 0 3 1 3 3 4 8 9 0 10 5 10 7 6 0 7 1 7 3 ffffffffttt
0121034144tffff	12233133fftf	5 0 1 4 1 3 3 3 2 0 8 4 10 3 9 0 1 7 1 6 3 6 ffffffffttt
0121034423tftff	12213333fftf	5 0 7 0 2 1 4 1 3 3 8 1 10 1 9 6 2 1 4 1 3 3 ffffffffttt
0121034423ttfff	12112331ffft	4 0 2 0 3 3 2 1 4 5 6 0 7 10 6 8 9 0 10 3 9 1 ffffffffttt
0121034423ttfff	12113123ffft	4 0 2 0 3 3 2 1 4 5 9 0 9 1 10 3 7 0 6 10 7 8 ffffffffttt
0121034423ttfff	12113123fftf	4 0 2 0 3 3 2 1 4 8 9 0 10 7 9 5 6 0 7 3 6 1 ffffffffttt
0121034423ttfff	12113321ffft	4 0 2 0 3 3 2 1 4 5 9 0 10 10 9 8 6 0 7 3 6 1 ffffffffttt
0121034423ttfff	12113321fftf	4 0 2 0 3 3 2 1 4 8 9 0 10 3 9 1 6 0 7 7 6 5 ffffffffttt
0121132421ttfff	12112331ffft	4 0 4 2 3 4 1 2 4 5 6 4 7 8 4 8 9 4 10 2 4 2 ffffffffttt
0121132421ttfff	12113123fftf	5 0 5 2 3 5 1 2 5 6 5 8 9 5 10 6 7 5 4 2 5 2 ffffffffttt
0121132421ttfff	12113321ffft	4 0 4 2 3 4 1 2 4 5 9 4 10 8 4 8 6 4 7 2 4 2 ffffffffttt
0121132443tftff	12233133fftf	5 0 1 4 3 4 2 3 6 8 8 4 10 4 9 3 1 4 3 4 2 7 ffffffffttt
0121132443ttfff	12112331ffft	4 0 2 4 3 1 2 3 4 5 6 4 7 8 6 10 9 4 10 1 9 3 ffffffffttt
0121132443ttfff	12113123ffft	4 0 2 4 3 1 2 3 4 5 9 4 10 1 9 3 6 4 7 8 6 10 ffffffffttt
0121132443ttfff	12113123fftf	4 0 2 4 3 1 2 3 4 8 9 4 10 5 9 7 6 4 7 1 6 3 ffffffffttt
0121132443ttfff	12113321ffft	4 0 2 4 3 1 2 3 4 5 9 4 10 8 9 10 6 4 7 1 6 3 ffffffffttt
0121132443ttfff	12113321fftf	4 0 2 4 3 1 2 3 4 8 9 4 10 1 9 3 6 4 7 5 6 7 ffffffffttt
0121132444ttfff	12112331ffft	4 0 2 4 3 1 3 3 4 5 6 4 7 8 7 10 9 4 10 1 10 3 ffffffffttt
0121132444ttfff	12113123ffft	4 0 2 4 3 1 3 3 4 5 9 4 10 1 10 3 6 4 7 8 7 10 ffffffffttt
0121132444ttfff	12113123fftf	4 0 2 4 3 1 3 3 4 8 9 4 10 5 10 7 6 4 7 1 7 3 ffffffffttt
0121232421ttfff	12112331ffft	4 0 4 2 3 2 1 2 4 5 6 8 7 8 4 8 9 2 10 2 4 2 ffffffffttt
0121232421ttfff	12113123fftf	5 0 5 2 3 2 1 2 5 6 5 8 9 6 10 6 7 2 4 2 5 2 ffffffffttt
0121232421ttfff	12113321ffft	4 0 4 2 3 2 1 2 4 5 9 8 10 8 4 8 6 2 7 2 4 2 ffffffffttt
0121232443tftff	12233133fftf	5 0 6 1 2 1 4 1 3 4 8 1 10 1 9 4 2 1 4 1 3 7 ffffffffttt
0121234144ttfff	12113321ffft	4 0 4 3 1 2 3 3 4 5 9 8 10 10 4 10 7 2 4 3 6 3 ffffffffttt
0121234423tftff	12213333fftf	5 0 7 1 2 1 4 1 3 3 8 1 10 1 9 6 2 1 4 1 3 3 ffffffffttt
0121312444tfftf	11223333fftf	5 0 6 7 2 4 3 3 2 1 8 10 9 9 8 1 2 4 3 3 2 1 ffffffffttt
0121312444tfftf	12213333fftf	5 0 1 3 2 2 1 4 6 10 8 7 9 6 8 4 1 3 2 2 1 4 ffffffffttt
0121312444tfftf	12233133fftf	5 0 1 3 2 2 1 4 6 10 8 3 9 2 8 4 1 7 2 6 1 4 ffffffffttt
0121313431tftff	12113123ffft	3 0 3 2 1 2 3 4 3 7 8 4 8 2 10 2 5 4 6 9 5 9 ffffffffttt
0121313431tftff	12113123fftf	3 0 3 2 1 2 3 4 3 9 8 4 10 6 8 6 5 4 7 2 5 2 ffffffffttt
0121313431tftff	12113321ffft	3 0 3 2 1 2 3 4 3 6 8 4 9 10 8 10 5 4 5 2 7 2 ffffffffttt
0121313431tftff	12113321fftf	3 0 3 2 1 2 3 4 3 9 8 4 10 2 8 2 5 4 7 6 5 6 ffffffffttt
0121332421ttfff	12112331ffft	4 0 4 2 3 3 1 2 4 5 6 9 7 8 4 8 9 3 10 2 4 2 ffffffffttt
0121332421ttfff	12113123fftf	5 0 5 2 3 3 1 2 5 6 5 8 9 7 10 6 7 3 4 2 5 2 ffffffffttt
0121332421ttfff	12113321ffft	4 0 4 2 3 3 1 2 4 5 9 9 10 8 4 8 6 3 7 2 4 2 ffffffffttt
0121342123ttfff	12112331ffft	4 0 4 2 3 1 1 2 4 5 7 10 4 8 6 8 9 1 10 2 4 2 ffffffffttt
0121342123ttfff	12113123fftf	5 0 5 2 3 1 1 2 5 6 5 8 10 4 9 6 7 1 5 2 4 2 ffffffffttt
0121342123ttfff	12113321ffft	4 0 4 2 3 1 1 2 4 5 10 9 9 8 4 8 6 1 4 2 7 2 ffffffffttt
0121342144tfftf	12233133fftf	5 0 1 3 2 2 2 4 5 10 8 3 9 2 9 4 1 7 2 6 2 4 ffffffffttt
0121342321ttfff	12113123fftf	5 0 5 2 1 3 3 2 5 6 5 8 10 7 9 6 4 3 7 2 5 2 ffffffffttt
0121342321ttfff	12113321ffft	4 0 4 2 1 3 3 2 4 5 10 9 9 8 4 8 7 3 6 2 4 2 ffffffffttt
0121342444tfftf	11223333fftf	5 0 6 7 2 4 3 3 3 1 8 10 9 9 9 1 2 4 3 3 3 1 ffffffffttt
0121342444tfftf	12213333fftf	5 0 1 3 2 2 2 4 6 10 8 7 9 6 9 4 1 3 2 2 2 4 ffffffffttt
0121342444tfftf	12233133fftf	5 0 1 3 2 2 2 4 6 10 8 3 9 2 9 4 1 7 2 6 2 4 ffffffffttt
0121343144tftff	11223333fftf	5 0 7 6 2 1 2 3 4 4 8 1 8 9 10 10 2 1 2 3 4 4 ffffffffttt
0121343144tftff	12233133fftf	5 0 1 4 1 2 3 3 7 9 8 4 8 2 10 3 1 4 1 6 3 7 ffffffffttt
0121343321ttfff	12113123fftf	5 0 5 2 1 3 3 3 5 6 5 8 10 7 9 7 4 3 7 3 5 2 ffffffffttt
0121343423tftff	11223333fftf	5 0 6 7 2 1 4 1 3 4 8 1 10 1 9 10 2 1 4 1 3 4 ffffffffttt
0121343423tftff	12233133fftf	5 0 1 4 3 4 2 3 6 10 8 4 10 4 9 3 1 4 3 4 2 7 ffffffffttt
0121343431tftff	11223333fftf	5 0 7 6 2 1 4 3 2 3 8 1 10 9 8 9 2 1 4 3 2 3 ffffffffttt
0121343431tftff	12113123ffft	3 0 3 2 1 2 3 4 1 7 8 4 8 2 10 2 5 4 6 9 5 9 ffffffffttt
0121343431tftff	12113123fftf	3 0 3 2 1 2 3 4 1 9 8 4 10 6 8 6 5 4 7 2 5 2 ffffffffttt
0121343431tftff	12113321ffft	3 0 3 2 1 2 3 4 1 6 8 4 9 10 8 10 5 4 5 2 7 2 ffffffffttt
0121343431tftff	12113321fftf	3 0 3 2 1 2 3 4 1 9 8 4 10 2 8 2 5 4 7 6 5 6 ffffffffttt
0121343431tftff	12213333fftf	5 0 1 4 3 2 1 2 7 9 8 4 10 6 8 6 1 4 3 2 1 2 ffffffffttt
0121343431tftff	12233133fftf	5 0 1 4 3 2 1 2 7 9 8 4 10 2 8 2 1 4 3 6 1 6 ffffffffttt
0123032434ttfff	12112331ffft	4 0 2 0 3 1 3 2 2 5 6 0 7 8 7 9 9 0 10 1 10 2 ffffffffttt
0123032434ttfff	12113123ffft	4 0 2 0 3 1 3 2 2 5 9 0 10 1 10 2 6 0 7 8 7 9 ffffffffttt
0123032434ttfff	12113123fftf	4 0 2 0 3 1 3 2 2 8 9 0 10 5 10 6 6 0 7 1 7 2 ffffffffttt
0123032444ttfff	12112331ffft	4 0 2 0 3 1 3 3 2 5 6 0 7 8 7 10 9 0 10 1 10 3 ffffffffttt
0123032444ttfff	12113123ffft	4 0 2 0 3 1 3 3 2 5 9 0 10 1 10 3 6 0 7 8 7 10 ffffffffttt
0123032444ttfff	12113123fftf	4 0 2 0 3 1 3 3 2 8 9 0 10 5 10 7 6 0 7 1 7 3 ffffffffttt
0123042344ttfff	12233133fftf	4 0 3 0 2 1 3 3 6 8 10 0 9 1 10 3 3 0 2 5 3 7 ffffffffttt
0123043323ttfff	12112331ffft	4 0 3 0 2 2 2 1 2 5 7 0 6 9 6 8 10 0 9 2 9 1 ffffffffttt
0123043323ttfff	12113123ffft	4 0 3 0 2 2 2 1 2 5 10 0 9 2 9 1 7 0 6 9 6 8 ffffffffttt
0123043323ttfff	12113123fftf	4 0 3 0 2 2 2 1 2 8 10 0 9 6 9 5 7 0 6 2 6 1 ffffffffttt
0123044323ttfff	12112331ffft	4 0 3 0 2 3 2 1 2 5 7 0 6 10 6 8 10 0 9 3 9 1 ffffffffttt
0123044323ttfff	12113123ffft	4 0 3 0 2 3 2 1 2 5 10 0 9 3 9 1 7 0 6 10 6 8 ffffffffttt
0123044323ttfff	12113123fftf	4 0 3 0 2 3 2 1 2 8 10 0 9 7 9 5 7 0 6 3 6 1 ffffffffttt
0123044323ttfff	12213333fftf	4 0 3 0 2 3 2 1 6 8 10 0 9 7 9 5 3 0 2 3 2 1 ffffffffttt
0123132444ttfff	12112331ffft	4 0 2 4 3 1 3 3 2 5 6 4 7 8 7 10 9 4 10 1 10 3 ffffffffttt
0123132444ttfff	12113123ffft	4 0 2 4 3 1 3 3 2 5 9 4 10 1 10 3 6 4 7 8 7 10 ffffffffttt
0123132444ttfff	12113123fftf	4 0 2 4 3 1 3 3 2 8 9 4 10 5 10 7 6 4 7 1 7 3 ffffffffttt
0123142344ttfff	12233133fftf	4 0 3 4 2 1 3 3 6 8 10 4 9 1 10 3 3 4 2 5 3 7 ffffffffttt
0123143323ttfff	12112331ffft	4 0 3 4 2 2 2 1 2 5 7 4 6 9 6 8 10 4 9 2 9 1 ffffffffttt
0123143323ttfff	12113123ffft	4 0 3 4 2 2 2 1 2 5 10 4 9 2 9 1 7 4 6 9 6 8 ffffffffttt
0123143323ttfff	12113123fftf	4 0 3 4 2 2 2 1 2 8 10 4 9 6 9 5 7 4 6 2 6 1 ffffffffttt
0123412344ttfff	12213333fftf	5 0 5 4 5 7 3 1 4 4 6 8 9 2 10 7 5 4 3 1 4 4 ffffffffttt
0123413321tffft	12112331ffft	2 0 1 1 1 3 2 4 2 5 6 4 7 10 7 9 9 3 9 1 8 4 ffffffffttt
0123413321tffft	12113123ffft	2 0 1 1 1 3 2 4 2 7 9 3 9 1 8 4 6 10 6 9 5 4 ffffffffttt
0123413321tffft	12113123fftf	2 0 1 1 1 3 2 4 2 10 9 7 9 6 8 4 6 3 6 1 5 4 ffffffffttt
0123413323tffft	11223333fftf	5 0 6 7 3 4 3 3 2 1 9 10 9 9 8 1 3 4 3 3 2 1 ffffffffttt
0123413323tffft	12112331ffft	2 0 1 1 1 3 2 4 1 5 6 4 7 10 7 9 9 3 9 1 8 4 ffffffffttt
0123413323tffft	12113123ffft	2 0 1 1 1 3 2 4 1 7 9 3 9 1 8 4 6 10 6 9 5 4 ffffffffttt
0123413323tffft	12113123fftf	2 0 1 1 1 3 2 4 1 10 9 7 9 6 8 4 6 3 6 1 5 4 ffffffffttt
0123413323tffft	12213333fftf	5 0 2 3 2 2 1 4 6 10 9 7 9 6 8 4 2 3 2 2 1 4 ffffffffttt
0123413341tftff	12233133fftf	5 0 2 4 2 2 1 3 5 10 9 4 9 2 8 3 2 4 2 6 1 7 ffffffffttt
0123433341tftff	11223333fftf	5 0 6 7 3 1 3 3 2 4 9 1 9 9 8 10 3 1 3 3 2 4 ffffffffttt
0123433341tftff	12233133fftf	5 0 2 4 2 2 1 3 6 10 9 4 9 2 8 3 2 4 2 6 1 7 ffffffffttt
1212321432tftff	12112331ffft	1 5 1 6 1 2 1 4 3 2 1 8 7 8 1 10 1 2 1 4 9 2 ffffffffttt
1212321434tftff	12112331ffft	1 5 1 6 1 2 4 2 4 3 1 8 7 8 7 9 1 2 10 2 10 3 ffffffffttt
1212321434tftff	12113321ffft	1 5 1 6 1 2 4 2 4 3 1 8 10 8 10 9 1 2 7 2 7 3 ffffffffttt
1212323432tftff	12112331ffft	1 5 1 6 1 2 1 4 3 4 1 8 7 10 1 10 1 2 1 4 9 4 ffffffffttt
1212323432tftff	12113321ffft	1 5 1 7 1 2 1 4 3 4 1 8 1 10 9 10 1 2 1 4 6 4 ffffffffttt
1212324234tftff	12111321ffft	1 5 1 6 1 2 1 4 4 3 1 8 1 10 4 9 1 2 1 4 7 3 ffffffffttt
1212324234tftff	12113321ffft	1 5 1 6 1 2 1 4 4 3 1 8 1 10 10 9 1 2 1 4 7 3 ffffffffttt
1212324432tftff	12112311ffft	1 5 1 7 1 2 1 4 3 3 1 8 1 10 6 9 1 2 1 4 3 3 ffffffffttt
1212324432tftff	12112331ffft	1 5 1 6 1 2 1 4 3 3 1 8 7 9 1 10 1 2 1 4 9 3 ffffffffttt
1212341434tftff	11223333fftf	1 5 7 6 1 2 4 2 4 3 1 8 10 8 10 9 1 2 4 2 4 3 ffffffffttt
1212341434tftff	11232232ffft	1 5 7 6 1 2 4 2 4 3 1 8 4 8 4 9 1 2 10 2 10 3 ffffffffttt
1212341434tftff	12112331ffft	1 5 4 6 1 2 4 2 4 3 1 8 7 8 7 9 1 2 10 2 10 3 ffffffffttt
1212341434tftff	12113321ffft	1 5 4 6 1 2 4 2 4 3 1 8 10 8 10 9 1 2 7 2 7 3 ffffffffttt
1212344234tftff	11223333fftf	1 5 7 6 1 2 1 4 4 3 1 8 1 10 10 9 1 2 1 4 4 3 ffffffffttt
1212344234tftff	11232222ffft	1 5 7 6 1 2 1 4 4 3 1 8 1 10 4 9 1 2 1 4 4 3 ffffffffttt
1212344234tftff	11232232ffft	1 5 6 7 1 2 1 4 4 3 1 8 4 9 1 10 1 2 1 4 10 3 ffffffffttt
1212344234tftff	12111321ffft	1 5 4 6 1 2 1 4 4 3 1 8 1 10 4 9 1 2 1 4 7 3 ffffffffttt
1212344234tftff	12113321ffft	1 5 4 6 1 2 1 4 4 3 1 8 1 10 10 9 1 2 1 4 7 3 ffffffffttt
1232143234ttfff	12112331ffft	1 4 3 4 1 2 3 2 1 6 7 4 5 9 7 9 10 4 8 2 10 2 ffffffffttt
1232143234ttfff	12113123ffft	1 4 3 4 1 2 3 2 1 7 10 4 10 2 8 2 6 4 5 9 6 9 ffffffffttt
1232143234ttfff	12113123fftf	1 4 3 4 1 2 3 2 1 9 10 4 8 6 10 6 7 4 5 2 7 2 ffffffffttt
1232143234ttfff	12113321ffft	1 4 3 4 1 2 3 2 1 6 9 4 8 10 9 10 7 4 7 2 5 2 ffffffffttt
1232143234ttfff	12113321fftf	1 4 3 4 1 2 3 2 1 9 10 4 8 2 10 2 7 4 5 6 7 6 ffffffffttt
1232143244ttfff	12112331ffft	1 4 3 4 1 2 3 3 1 6 7 4 5 9 7 10 10 4 8 2 10 3 ffffffffttt
1232143244ttfff	12113321ffft	1 4 3 4 1 2 3 3 1 6 9 4 8 10 9 9 7 4 7 3 5 2 ffffffffttt
1232143244ttfff	12113321fftf	1 4 3 4 1 2 3 3 1 9 10 4 8 2 10 3 7 4 5 6 7 7 ffffffffttt
1232143244ttfff	12233133fftf	5 4 3 4 1 2 3 3 5 9 10 4 8 2 10 3 3 4 1 6 3 7 ffffffffttt
