112222ftf	11223333fftf	2 2 1 1 3 3 4 4 1 1 fffft
112222ftf	11232222ffft	2 2 1 1 3 3 1 4 1 1 fffft
112222ftf	11232232ffft	2 2 1 1 3 3 1 4 4 1 fffft
112222ftf	12111311ffft	2 2 1 1 1 3 1 4 1 1 fffft
112222ftf	12111321ffft	2 2 1 1 1 3 1 4 3 1 fffft
112222ftf	12111321fftf	2 2 1 1 1 4 4 1 1 3 fffft
112222ftf	12111331ffft	2 2 1 1 1 3 1 4 4 1 fffft
112222ftf	12112311ffft	2 2 1 1 1 3 3 4 1 1 fffft
112222ftf	12112331ffft	2 2 1 1 1 3 3 4 4 1 fffft
112222ftf	12113111ffft	2 2 1 1 1 3 4 1 1 1 fffft
112222ftf	12113111fftt	2 2 1 1 1 3 4 1 1 1 ffftt
112222ftf	12113113ffft	2 2 1 1 1 3 4 1 1 4 fffft
112222ftf	12113121ffft	2 2 1 1 1 3 4 1 3 1 fffft
112222ftf	12113121fftf	2 2 1 1 1 4 4 1 3 1 fffft
112222ftf	12113123ffft	2 2 1 1 1 3 4 1 3 4 fffft
112222ftf	12113123fftf	2 2 1 1 1 4 4 3 3 1 fffft
112222ftf	12113131ffft	2 2 1 1 1 3 4 1 4 1 fffft
112222ftf	12113311ffft	2 2 1 1 1 3 4 4 1 1 fffft
112222ftf	12113321ffft	2 2 1 1 1 3 4 4 3 1 fffft
112222ftf	12113321fftf	2 2 1 1 1 4 4 1 3 3 fffft
112222ftf	12213333fftf	2 2 1 1 3 4 4 3 1 1 fffft
112222ftf	12233133fftf	2 2 1 1 3 4 4 1 1 3 fffft
112222ftf	12233333fftf	2 2 1 1 3 4 4 1 1 1 fffft
121111fft	11223333fftf	1 2 1 1 3 3 4 4 1 1 fffft
121111fft	11232222ffft	1 2 1 1 3 3 1 4 1 1 fffft
121111fft	11232232ffft	1 2 1 1 3 3 1 4 4 1 fffft
121111fft	12111311ffft	1 2 1 1 1 3 1 4 1 1 fffft
121111fft	12111321ffft	1 2 1 1 1 3 1 4 3 1 fffft
121111fft	12111321fftf	1 2 1 1 1 4 4 1 1 3 fffft
121111fft	12111331ffft	1 2 1 1 1 3 1 4 4 1 fffft
121111fft	12112311ffft	1 2 1 1 1 3 3 4 1 1 fffft
121111fft	12112331ffft	1 2 1 1 1 3 3 4 4 1 fffft
121111fft	12113111ffft	1 2 1 1 1 3 4 1 1 1 fffft
121111fft	12113111fftt	1 2 1 1 1 3 4 1 1 1 ffftt
121111fft	12113113ffft	1 2 1 1 1 3 4 1 1 4 fffft
121111fft	12113121ffft	1 2 1 1 1 3 4 1 3 1 fffft
121111fft	12113121fftf	1 2 1 1 1 4 4 1 3 1 fffft
121111fft	12113123ffft	1 2 1 1 1 3 4 1 3 4 fffft
121111fft	12113123fftf	1 2 1 1 1 4 4 3 3 1 fffft
121111fft	12113131ffft	1 2 1 1 1 3 4 1 4 1 fffft
121111fft	12113311ffft	1 2 1 1 1 3 4 4 1 1 fffft
121111fft	12113321ffft	1 2 1 1 1 3 4 4 3 1 fffft
121111fft	12113321fftf	1 2 1 1 1 4 4 1 3 3 fffft
121111fft	12213333fftf	1 2 1 1 3 4 4 3 1 1 fffft
121111fft	12233133fftf	1 2 1 1 3 4 4 1 1 3 fffft
121111fft	12233333fftf	1 2 1 1 3 4 4 1 1 1 fffft
121121fft	11223333fftf	1 2 1 1 2 3 4 4 1 1 fffft
121121fft	11232222ffft	1 2 1 1 2 3 1 4 1 1 fffft
121121fft	11232232ffft	1 2 1 1 2 3 1 4 4 1 fffft
121121fft	12111311ffft	1 2 1 1 2 3 1 4 1 1 fffft
121121fft	12111321ffft	1 2 1 1 2 3 1 4 3 1 fffft
121121fft	12111321fftf	1 2 1 1 2 4 4 1 1 3 fffft
121121fft	12111331ffft	1 2 1 1 2 3 1 4 4 1 fffft
121121fft	12112311ffft	1 2 1 1 2 3 3 4 1 1 fffft
121121fft	12112331ffft	1 2 1 1 2 3 3 4 4 1 fffft
121121fft	12113111ffft	1 2 1 1 2 3 4 1 1 1 fffft
121121fft	12113111fftt	1 2 1 1 2 3 4 1 1 1 ffftt
121121fft	12113113ffft	1 2 1 1 2 3 4 1 1 4 fffft
121121fft	12113121ffft	1 2 1 1 2 3 4 1 3 1 fffft
121121fft	12113121fftf	1 2 1 1 2 4 4 1 3 1 fffft
121121fft	12113123ffft	1 2 1 1 2 3 4 1 3 4 fffft
121121fft	12113123fftf	1 2 1 1 2 4 4 3 3 1 fffft
121121fft	12113131ffft	1 2 1 1 2 3 4 1 4 1 fffft
121121fft	12113311ffft	1 2 1 1 2 3 4 4 1 1 fffft
121121fft	12113321ffft	1 2 1 1 2 3 4 4 3 1 fffft
121121fft	12113321fftf	1 2 1 1 2 4 4 1 3 3 fffft
121121fft	12233133fftf	1 2 1 1 2 4 4 1 1 3 fffft
