112222ftf	1122334444ffftf	2 2 1 1 3 3 4 4 5 5 1 1 ffffft
112222ftf	1122343333fffft	2 2 1 1 3 3 4 4 1 5 1 1 ffffft
112222ftf	1122343343fffft	2 2 1 1 3 3 4 4 1 5 5 1 ffffft
112222ftf	1123222422fffft	2 2 1 1 3 3 1 4 1 5 1 1 ffffft
112222ftf	1123222432fffft	2 2 1 1 3 3 1 4 1 5 4 1 ffffft
112222ftf	1123222432ffftf	2 2 1 1 3 3 1 5 5 1 1 4 ffffft
112222ftf	1123222442fffft	2 2 1 1 3 3 1 4 1 5 5 1 ffffft
112222ftf	1123223422fffft	2 2 1 1 3 3 1 4 4 5 1 1 ffffft
112222ftf	1123223442fffft	2 2 1 1 3 3 1 4 4 5 5 1 ffffft
112222ftf	1123224222fffft	2 2 1 1 3 3 1 4 5 1 1 1 ffffft
112222ftf	1123224222ffftt	2 2 1 1 3 3 1 4 5 1 1 1 fffftt
112222ftf	1123224224fffft	2 2 1 1 3 3 1 4 5 1 1 5 ffffft
112222ftf	1123224232fffft	2 2 1 1 3 3 1 4 5 1 4 1 ffffft
112222ftf	1123224232ffftf	2 2 1 1 3 3 1 5 5 1 4 1 ffffft
112222ftf	1123224234fffft	2 2 1 1 3 3 1 4 5 1 4 5 ffffft
112222ftf	1123224234ffftf	2 2 1 1 3 3 1 5 5 4 4 1 ffffft
112222ftf	1123224242fffft	2 2 1 1 3 3 1 4 5 1 5 1 ffffft
112222ftf	1123224422fffft	2 2 1 1 3 3 1 4 5 5 1 1 ffffft
112222ftf	1123224432fffft	2 2 1 1 3 3 1 4 5 5 4 1 ffffft
112222ftf	1123224432ffftf	2 2 1 1 3 3 1 5 5 1 4 4 ffffft
112222ftf	1123324444ffftf	2 2 1 1 3 3 4 5 5 4 1 1 ffffft
112222ftf	1123344244ffftf	2 2 1 1 3 3 4 5 5 1 1 4 ffffft
112222ftf	1123344444ffftf	2 2 1 1 3 3 4 5 5 1 1 1 ffffft
112222ftf	1211131411fffft	2 2 1 1 1 3 1 4 1 5 1 1 ffffft
112222ftf	1211131421fffft	2 2 1 1 1 3 1 4 1 5 3 1 ffffft
112222ftf	1211131421ffftf	2 2 1 1 1 4 4 1 1 5 1 3 ffffft
112222ftf	1211131421fftff	3 3 1 1 1 4 1 5 5 1 1 2 ffffft
112222ftf	1211131431fffft	2 2 1 1 1 3 1 4 1 5 4 1 ffffft
112222ftf	1211131431ffftf	2 2 1 1 1 3 1 5 5 1 1 4 ffffft
112222ftf	1211131441fffft	2 2 1 1 1 3 1 4 1 5 5 1 ffffft
112222ftf	1211132411fffft	2 2 1 1 1 3 1 4 3 5 1 1 ffffft
112222ftf	1211132431fffft	2 2 1 1 1 3 1 4 3 5 4 1 ffffft
112222ftf	1211132431ffftf	2 2 1 1 1 3 1 5 5 1 3 4 ffffft
112222ftf	1211132431fftff	3 3 1 1 4 1 1 5 5 2 1 4 ffffft
112222ftf	1211132441fffft	2 2 1 1 1 3 1 4 3 5 5 1 ffffft
112222ftf	1211133411fffft	2 2 1 1 1 3 1 4 4 5 1 1 ffffft
112222ftf	1211133421fffft	2 2 1 1 1 3 1 4 4 5 3 1 ffffft
112222ftf	1211133421ffftf	2 2 1 1 1 4 4 1 1 5 5 3 ffffft
112222ftf	1211133421fftff	3 3 1 1 2 4 1 5 5 1 1 2 ffffft
112222ftf	1211133441fffft	2 2 1 1 1 3 1 4 4 5 5 1 ffffft
112222ftf	1211134111fffft	2 2 1 1 1 3 1 4 5 1 1 1 ffffft
112222ftf	1211134111ffftt	2 2 1 1 1 3 1 4 5 1 1 1 fffftt
112222ftf	1211134111fftft	2 2 1 1 1 4 5 1 1 3 1 1 fffftt
112222ftf	1211134113fffft	2 2 1 1 1 3 1 4 5 1 1 4 ffffft
112222ftf	1211134113ffftt	2 2 1 1 1 3 1 4 5 1 1 4 fffftt
112222ftf	1211134114fffft	2 2 1 1 1 3 1 4 5 1 1 5 ffffft
112222ftf	1211134121fffft	2 2 1 1 1 3 1 4 5 1 3 1 ffffft
112222ftf	1211134121ffftf	2 2 1 1 1 4 4 1 1 5 3 1 ffffft
112222ftf	1211134121ffftt	2 2 1 1 1 3 1 4 5 1 3 1 fffftt
112222ftf	1211134121fftff	3 3 1 1 4 1 1 5 5 1 1 2 ffffft
112222ftf	1211134121fftft	2 2 1 1 1 4 5 1 1 3 4 1 fffftt
112222ftf	1211134123fffft	2 2 1 1 1 3 1 4 5 1 3 4 ffffft
112222ftf	1211134123ffftf	2 2 1 1 1 3 1 5 3 5 4 1 ffffft
112222ftf	1211134123ffftt	2 2 1 1 1 3 1 4 5 1 3 4 fffftt
112222ftf	1211134123fftff	3 3 1 1 4 1 1 5 5 2 1 2 ffffft
112222ftf	1211134123fftft	2 2 1 1 1 4 5 1 1 3 4 3 fffftt
112222ftf	1211134124fffft	2 2 1 1 1 3 1 4 5 1 3 5 ffffft
112222ftf	1211134124ffftf	2 2 1 1 1 4 4 3 1 5 3 1 ffffft
112222ftf	1211134124fftff	3 3 1 1 4 1 1 5 5 4 1 2 ffffft
112222ftf	1211134131fffft	2 2 1 1 1 3 1 4 5 1 4 1 ffffft
112222ftf	1211134131ffftf	2 2 1 1 1 3 1 5 5 1 4 1 ffffft
112222ftf	1211134131fftft	2 2 1 1 1 4 5 1 1 3 3 1 fffftt
112222ftf	1211134133fffft	2 2 1 1 1 3 1 4 5 1 4 4 ffffft
112222ftf	1211134133ffftf	2 2 1 1 1 3 1 5 5 5 4 1 ffffft
112222ftf	1211134133ffftt	2 2 1 1 1 3 1 4 5 1 4 4 fffftt
112222ftf	1211134133fftft	2 2 1 1 1 4 5 1 1 3 3 3 fffftt
112222ftf	1211134134fffft	2 2 1 1 1 3 1 4 5 1 4 5 ffffft
112222ftf	1211134134ffftf	2 2 1 1 1 3 1 5 5 4 4 1 ffffft
112222ftf	1211134141fffft	2 2 1 1 1 3 1 4 5 1 5 1 ffffft
112222ftf	1211134141fftft	2 2 1 1 1 4 5 1 1 3 5 1 fffftt
112222ftf	1211134143fffft	2 2 1 1 1 3 1 4 5 1 5 4 ffffft
112222ftf	1211134143ffftf	2 2 1 1 1 3 1 5 4 5 4 1 ffffft
112222ftf	1211134143ffftt	2 2 1 1 1 3 1 4 5 1 5 4 fffftt
112222ftf	1211134143fftft	2 2 1 1 1 4 5 1 1 3 5 3 fffftt
112222ftf	1211134411fffft	2 2 1 1 1 3 1 4 5 5 1 1 ffffft
112222ftf	1211134421fffft	2 2 1 1 1 3 1 4 5 5 3 1 ffffft
112222ftf	1211134421ffftf	2 2 1 1 1 4 4 1 1 5 3 3 ffffft
112222ftf	1211134421fftff	3 3 1 1 4 4 1 5 5 1 1 2 ffffft
112222ftf	1211134431fffft	2 2 1 1 1 3 1 4 5 5 4 1 ffffft
112222ftf	1211134431ffftf	2 2 1 1 1 3 1 5 5 1 4 4 ffffft
112222ftf	1211231411fffft	2 2 1 1 1 3 3 4 1 5 1 1 ffffft
112222ftf	1211231431fffft	2 2 1 1 1 3 3 4 1 5 4 1 ffffft
112222ftf	1211231431ffftf	2 2 1 1 1 3 3 5 5 1 1 4 ffffft
112222ftf	1211231441fffft	2 2 1 1 1 3 3 4 1 5 5 1 ffffft
112222ftf	1211233411fffft	2 2 1 1 1 3 3 4 4 5 1 1 ffffft
112222ftf	1211233441fffft	2 2 1 1 1 3 3 4 4 5 5 1 ffffft
112222ftf	1211234111fffft	2 2 1 1 1 3 3 4 5 1 1 1 ffffft
112222ftf	1211234111ffftt	2 2 1 1 1 3 3 4 5 1 1 1 fffftt
112222ftf	1211234114fffft	2 2 1 1 1 3 3 4 5 1 1 5 ffffft
112222ftf	1211234131fffft	2 2 1 1 1 3 3 4 5 1 4 1 ffffft
112222ftf	1211234131ffftf	2 2 1 1 1 3 3 5 5 1 4 1 ffffft
112222ftf	1211234134fffft	2 2 1 1 1 3 3 4 5 1 4 5 ffffft
112222ftf	1211234134ffftf	2 2 1 1 1 3 3 5 5 4 4 1 ffffft
112222ftf	1211234141fffft	2 2 1 1 1 3 3 4 5 1 5 1 ffffft
112222ftf	1211234411fffft	2 2 1 1 1 3 3 4 5 5 1 1 ffffft
112222ftf	1211234431fffft	2 2 1 1 1 3 3 4 5 5 4 1 ffffft
112222ftf	1211234431ffftf	2 2 1 1 1 3 3 5 5 1 4 4 ffffft
112222ftf	1211311411fffft	2 2 1 1 1 3 4 1 1 5 1 1 ffffft
112222ftf	1211311411ffftt	2 2 1 1 1 3 4 1 1 5 1 1 fffftt
112222ftf	1211311413fffft	2 2 1 1 1 3 4 1 1 5 1 4 ffffft
112222ftf	1211311413ffftf	2 2 1 1 1 3 5 1 1 5 1 4 ffffft
112222ftf	1211311414fffft	2 2 1 1 1 3 4 1 1 5 1 5 ffffft
112222ftf	1211311421fffft	2 2 1 1 1 3 4 1 1 5 3 1 ffffft
112222ftf	1211311421ffftf	2 2 1 1 1 4 4 1 5 1 1 3 ffffft
112222ftf	1211311421ffftt	2 2 1 1 1 3 4 1 1 5 3 1 fffftt
112222ftf	1211311421fftff	3 3 1 1 1 4 1 5 5 1 2 1 ffffft
112222ftf	1211311423fffft	2 2 1 1 1 3 4 1 1 5 3 4 ffffft
112222ftf	1211311423ffftf	2 2 1 1 1 3 5 1 3 5 1 4 ffffft
112222ftf	1211311423ffftt	2 2 1 1 1 3 4 1 1 5 3 4 fffftt
112222ftf	1211311423fftff	3 3 1 1 1 4 1 5 5 2 2 1 ffffft
112222ftf	1211311424fffft	2 2 1 1 1 3 4 1 1 5 3 5 ffffft
112222ftf	1211311424ffftf	2 2 1 1 1 4 4 3 5 1 1 3 ffffft
112222ftf	1211311424ffftt	2 2 1 1 1 3 4 1 1 5 3 5 fffftt
112222ftf	1211311424fftff	3 3 1 1 1 4 1 5 5 4 2 1 ffffft
112222ftf	1211311441fffft	2 2 1 1 1 3 4 1 1 5 5 1 ffffft
112222ftf	1211311443fffft	2 2 1 1 1 3 4 1 1 5 5 4 ffffft
112222ftf	1211311443ffftf	2 2 1 1 1 3 5 1 4 5 1 4 ffffft
112222ftf	1211312411fffft	2 2 1 1 1 3 4 1 3 5 1 1 ffffft
112222ftf	1211312411ffftt	2 2 1 1 1 3 4 1 3 5 1 1 fffftt
112222ftf	1211312413fffft	2 2 1 1 1 3 4 1 3 5 1 4 ffffft
112222ftf	1211312413ffftf	2 2 1 1 1 3 5 1 1 5 3 4 ffffft
112222ftf	1211312413ffftt	2 2 1 1 1 3 4 1 3 5 1 4 fffftt
112222ftf	1211312413fftff	3 3 1 1 1 4 1 5 5 2 4 1 ffffft
112222ftf	1211312414fffft	2 2 1 1 1 3 4 1 3 5 1 5 ffffft
112222ftf	1211312414ffftt	2 2 1 1 1 3 4 1 3 5 1 5 fffftt
112222ftf	1211312421fffft	2 2 1 1 1 3 4 1 3 5 3 1 ffffft
112222ftf	1211312421ffftf	2 2 1 1 1 4 4 1 5 1 4 3 ffffft
112222ftf	1211312421ffftt	2 2 1 1 1 3 4 1 3 5 3 1 fffftt
112222ftf	1211312421fftff	2 2 1 1 1 5 5 4 5 1 3 1 ffffft
112222ftf	1211312423fffft	2 2 1 1 1 3 4 1 3 5 3 4 ffffft
112222ftf	1211312423ffftf	2 2 1 1 1 3 5 1 3 5 3 4 ffffft
112222ftf	1211312424fffft	2 2 1 1 1 3 4 1 3 5 3 5 ffffft
112222ftf	1211312424ffftf	2 2 1 1 1 4 4 3 5 1 4 3 ffffft
112222ftf	1211312441fffft	2 2 1 1 1 3 4 1 3 5 5 1 ffffft
112222ftf	1211312443fffft	2 2 1 1 1 3 4 1 3 5 5 4 ffffft
112222ftf	1211312443ffftf	2 2 1 1 1 3 5 1 4 5 3 4 ffffft
112222ftf	1211312443fftff	3 3 1 1 2 4 1 5 5 2 4 1 ffffft
112222ftf	1211313411fffft	2 2 1 1 1 3 4 1 4 5 1 1 ffffft
112222ftf	1211313411ffftt	2 2 1 1 1 3 4 1 4 5 1 1 fffftt
112222ftf	1211313414fffft	2 2 1 1 1 3 4 1 4 5 1 5 ffffft
112222ftf	1211313414ffftt	2 2 1 1 1 3 4 1 4 5 1 5 fffftt
112222ftf	1211313441fffft	2 2 1 1 1 3 4 1 4 5 5 1 ffffft
112222ftf	1211314111fffft	2 2 1 1 1 3 4 1 5 1 1 1 ffffft
112222ftf	1211314111ffftt	2 2 1 1 1 3 4 1 5 1 1 1 fffftt
112222ftf	1211314111fftft	2 2 1 1 1 4 5 1 3 1 1 1 fffftt
112222ftf	1211314111ffttt	2 2 1 1 1 3 4 1 5 1 1 1 fffttt
112222ftf	1211314113fffft	2 2 1 1 1 3 4 1 5 1 1 4 ffffft
112222ftf	1211314113ffftf	2 2 1 1 1 3 5 1 1 5 4 1 ffffft
112222ftf	1211314113fftft	2 2 1 1 1 4 5 1 3 1 1 3 fffftt
112222ftf	1211314114fffft	2 2 1 1 1 3 4 1 5 1 1 5 ffffft
112222ftf	1211314114ffftt	2 2 1 1 1 3 4 1 5 1 1 5 fffftt
112222ftf	1211314121fffft	2 2 1 1 1 3 4 1 5 1 3 1 ffffft
112222ftf	1211314121ffftf	2 2 1 1 1 4 4 1 5 1 3 1 ffffft
112222ftf	1211314121ffftt	2 2 1 1 1 3 4 1 5 1 3 1 fffftt
112222ftf	1211314121fftff	3 3 1 1 4 1 1 5 5 1 2 1 ffffft
112222ftf	1211314121fftft	2 2 1 1 1 4 5 1 3 1 4 1 fffftt
112222ftf	1211314121ffttf	2 2 1 1 1 4 4 1 5 1 3 1 fffftt
112222ftf	1211314123fffft	2 2 1 1 1 3 4 1 5 1 3 4 ffffft
112222ftf	1211314123ffftf	2 2 1 1 1 3 5 1 3 5 4 1 ffffft
112222ftf	1211314123fftff	3 3 1 1 4 1 1 5 5 2 2 1 ffffft
112222ftf	1211314124fffft	2 2 1 1 1 3 4 1 5 1 3 5 ffffft
112222ftf	1211314124ffftf	2 2 1 1 1 4 4 3 5 1 3 1 ffffft
112222ftf	1211314124fftff	3 3 1 1 4 1 1 5 5 4 2 1 ffffft
112222ftf	1211314131fffft	2 2 1 1 1 3 4 1 5 1 4 1 ffffft
112222ftf	1211314131ffttf	2 2 1 1 1 4 5 1 5 1 3 1 fffftt
112222ftf	1211314133fffft	2 2 1 1 1 3 4 1 5 1 4 4 ffffft
112222ftf	1211314133ffftf	2 2 1 1 1 3 5 1 5 5 4 1 ffffft
112222ftf	1211314133fftft	2 2 1 1 1 4 5 1 3 1 3 3 fffftt
112222ftf	1211314141fffft	2 2 1 1 1 3 4 1 5 1 5 1 ffffft
112222ftf	1211314141fftft	2 2 1 1 1 4 5 1 3 1 5 1 fffftt
112222ftf	1211314311fffft	2 2 1 1 1 3 4 1 5 4 1 1 ffffft
112222ftf	1211314311fftft	2 2 1 1 1 4 5 3 3 1 1 1 fffftt
112222ftf	1211314314fffft	2 2 1 1 1 3 4 1 5 4 1 5 ffffft
112222ftf	1211314321fffft	2 2 1 1 1 3 4 1 5 4 3 1 ffffft
112222ftf	1211314321ffftf	2 2 1 1 1 4 4 1 5 1 3 5 ffffft
112222ftf	1211314321fftff	3 3 1 1 4 2 1 5 5 1 2 1 ffffft
112222ftf	1211314324fffft	2 2 1 1 1 3 4 1 5 4 3 5 ffffft
112222ftf	1211314324ffftf	2 2 1 1 1 4 4 3 5 1 3 5 ffffft
112222ftf	1211314324fftff	3 3 1 1 4 2 1 5 5 4 2 1 ffffft
112222ftf	1211314331fffft	2 2 1 1 1 3 4 1 5 4 4 1 ffffft
112222ftf	1211314411fffft	2 2 1 1 1 3 4 1 5 5 1 1 ffffft
112222ftf	1211314411ffftt	2 2 1 1 1 3 4 1 5 5 1 1 fffftt
112222ftf	1211314413fffft	2 2 1 1 1 3 4 1 5 5 1 4 ffffft
112222ftf	1211314413ffftf	2 2 1 1 1 3 5 1 1 5 4 4 ffffft
112222ftf	1211314414fffft	2 2 1 1 1 3 4 1 5 5 1 5 ffffft
112222ftf	1211314414ffftt	2 2 1 1 1 3 4 1 5 5 1 5 fffftt
112222ftf	1211314421fffft	2 2 1 1 1 3 4 1 5 5 3 1 ffffft
112222ftf	1211314421ffftf	2 2 1 1 1 4 4 1 5 1 3 3 ffffft
112222ftf	1211314421fftff	3 3 1 1 4 4 1 5 5 1 2 1 ffffft
112222ftf	1211314423fffft	2 2 1 1 1 3 4 1 5 5 3 4 ffffft
112222ftf	1211314423ffftf	2 2 1 1 1 3 5 1 3 5 4 4 ffffft
112222ftf	1211314423fftff	3 3 1 1 4 4 1 5 5 2 2 1 ffffft
112222ftf	1211331411fffft	2 2 1 1 1 3 4 4 1 5 1 1 ffffft
112222ftf	1211331421fffft	2 2 1 1 1 3 4 4 1 5 3 1 ffffft
112222ftf	1211331421ffftf	2 2 1 1 1 4 4 1 5 5 1 3 ffffft
112222ftf	1211331421fftff	3 3 1 1 1 4 1 5 5 1 2 2 ffffft
112222ftf	1211331441fffft	2 2 1 1 1 3 4 4 1 5 5 1 ffffft
112222ftf	1211332411fffft	2 2 1 1 1 3 4 4 3 5 1 1 ffffft
112222ftf	1211332441fffft	2 2 1 1 1 3 4 4 3 5 5 1 ffffft
112222ftf	1211334111fffft	2 2 1 1 1 3 4 4 5 1 1 1 ffffft
112222ftf	1211334111fftft	2 2 1 1 1 4 5 1 3 3 1 1 fffftt
112222ftf	1211334113fffft	2 2 1 1 1 3 4 4 5 1 1 4 ffffft
112222ftf	1211334113ffftf	2 2 1 1 1 3 5 5 1 5 4 1 ffffft
112222ftf	1211334113fftft	2 2 1 1 1 4 5 1 3 3 1 3 fffftt
112222ftf	1211334114fffft	2 2 1 1 1 3 4 4 5 1 1 5 ffffft
112222ftf	1211334121fffft	2 2 1 1 1 3 4 4 5 1 3 1 ffffft
112222ftf	1211334121ffftf	2 2 1 1 1 4 4 1 5 5 3 1 ffffft
112222ftf	1211334121fftff	3 3 1 1 4 1 1 5 5 1 2 2 ffffft
112222ftf	1211334124fffft	2 2 1 1 1 3 4 4 5 1 3 5 ffffft
112222ftf	1211334124ffftf	2 2 1 1 1 4 4 3 5 5 3 1 ffffft
112222ftf	1211334124fftff	3 3 1 1 4 1 1 5 5 4 2 2 ffffft
112222ftf	1211334131fffft	2 2 1 1 1 3 4 4 5 1 4 1 ffffft
112222ftf	1211334131ffftf	2 2 1 1 1 3 5 5 5 1 4 1 ffffft
112222ftf	1211334131fftft	2 2 1 1 1 4 5 1 3 3 3 1 fffftt
112222ftf	1211334133fffft	2 2 1 1 1 3 4 4 5 1 4 4 ffffft
112222ftf	1211334411fffft	2 2 1 1 1 3 4 4 5 5 1 1 ffffft
112222ftf	1211334421fffft	2 2 1 1 1 3 4 4 5 5 3 1 ffffft
112222ftf	1211334421ffftf	2 2 1 1 1 4 4 1 5 5 3 3 ffffft
112222ftf	1211334421fftff	3 3 1 1 4 4 1 5 5 1 2 2 ffffft
112222ftf	1211341113ffftf	2 2 1 1 1 3 5 4 1 5 1 1 ffffft
112222ftf	1211341121ffftf	2 2 1 1 1 4 4 1 5 3 1 1 ffffft
112222ftf	1211341121ffftt	2 2 1 1 1 3 4 5 1 1 3 1 fffftt
112222ftf	1211341123ffftf	2 2 1 1 1 3 5 4 3 5 1 1 ffffft
112222ftf	1211341143ffftf	2 2 1 1 1 3 5 4 4 5 1 1 ffffft
112222ftf	1211341321ffftf	2 2 1 1 1 4 4 1 5 3 1 5 ffffft
112222ftf	1211341411fffft	2 2 1 1 1 3 4 5 1 5 1 1 ffffft
112222ftf	1211341411ffftt	2 2 1 1 1 3 4 5 1 5 1 1 fffftt
112222ftf	1211341441fffft	2 2 1 1 1 3 4 5 1 5 5 1 ffffft
112222ftf	1211342111fffft	2 2 1 1 1 4 4 1 3 5 1 1 ffffft
112222ftf	1211342111ffftt	2 2 1 1 1 3 4 5 3 1 1 1 fffftt
112222ftf	1211342113fffft	2 2 1 1 1 4 4 1 3 5 1 3 ffffft
112222ftf	1211342113ffftf	2 2 1 1 1 3 5 4 1 5 3 1 ffffft
112222ftf	1211342113fftff	3 3 1 1 1 4 1 5 5 1 4 2 ffffft
112222ftf	1211342121fffft	2 2 1 1 1 4 4 1 3 5 4 1 ffffft
112222ftf	1211342121ffftf	2 2 1 1 1 4 4 1 5 3 4 1 ffffft
112222ftf	1211342141fffft	2 2 1 1 1 4 4 1 3 5 5 1 ffffft
112222ftf	1211342143fffft	2 2 1 1 1 4 4 1 3 5 5 3 ffffft
112222ftf	1211342143ffftf	2 2 1 1 1 3 5 4 4 5 3 1 ffffft
112222ftf	1211342143fftff	3 3 1 1 2 4 1 5 5 1 4 2 ffffft
112222ftf	1211342311fffft	2 2 1 1 1 4 4 3 3 5 1 1 ffffft
112222ftf	1211342341fffft	2 2 1 1 1 4 4 3 3 5 5 1 ffffft
112222ftf	1211342411ffftt	2 2 1 1 1 3 4 5 3 5 1 1 fffftt
112222ftf	1211343111ffftt	2 2 1 1 1 3 4 5 4 1 1 1 fffftt
112222ftf	1211343411ffftt	2 2 1 1 1 3 4 5 4 5 1 1 fffftt
112222ftf	1211344111fffft	2 2 1 1 1 3 4 5 5 1 1 1 ffffft
112222ftf	1211344111ffftt	2 2 1 1 1 3 4 5 5 1 1 1 fffftt
112222ftf	1211344113fffft	2 2 1 1 1 3 4 5 5 1 1 4 ffffft
112222ftf	1211344113ffftf	2 2 1 1 1 3 5 4 1 5 4 1 ffffft
112222ftf	1211344121fffft	2 2 1 1 1 3 4 5 5 1 3 1 ffffft
112222ftf	1211344121ffftf	2 2 1 1 1 4 4 1 5 3 3 1 ffffft
112222ftf	1211344121fftff	3 3 1 1 4 1 1 5 5 1 2 4 ffffft
112222ftf	1211344123fffft	2 2 1 1 1 3 4 5 5 1 3 4 ffffft
112222ftf	1211344123ffftf	2 2 1 1 1 3 5 4 3 5 4 1 ffffft
112222ftf	1211344123fftff	3 3 1 1 4 1 1 5 5 2 2 4 ffffft
112222ftf	1211344311fffft	2 2 1 1 1 3 4 5 5 4 1 1 ffffft
112222ftf	1211344321fffft	2 2 1 1 1 3 4 5 5 4 3 1 ffffft
112222ftf	1211344321ffftf	2 2 1 1 1 4 4 1 5 3 3 5 ffffft
112222ftf	1211344321fftff	3 3 1 1 4 2 1 5 5 1 2 4 ffffft
112222ftf	1211344411fffft	2 2 1 1 1 3 4 5 5 5 1 1 ffffft
112222ftf	1211344411ffftt	2 2 1 1 1 3 4 5 5 5 1 1 fffftt
112222ftf	1221334444ffftf	2 2 1 1 3 4 4 3 5 5 1 1 ffffft
112222ftf	1221343333fffft	2 2 1 1 3 4 4 3 1 5 1 1 ffffft
112222ftf	1221343343fffft	2 2 1 1 3 4 4 3 1 5 5 1 ffffft
112222ftf	1221344344ffftf	2 2 1 1 3 4 4 3 5 1 1 5 ffffft
112222ftf	1221344444ffftf	2 2 1 1 3 4 4 3 5 1 1 1 ffffft
112222ftf	1223314444ffftf	2 2 1 1 3 4 4 5 5 3 1 1 ffffft
112222ftf	1223343323fffft	2 2 1 1 3 4 4 1 1 5 4 1 ffffft
112222ftf	1223343331fffft	2 2 1 1 3 4 4 1 1 5 1 3 ffffft
112222ftf	1223343331fftff	3 3 1 1 1 4 4 5 5 1 1 2 ffffft
112222ftf	1223343331ftfff	3 3 2 4 2 2 5 1 2 5 1 2 ffffft
112222ftf	1223343333fffft	2 2 1 1 3 4 4 1 1 5 1 1 ffffft
112222ftf	1223343333ftfft	2 2 1 1 4 3 1 5 3 1 1 1 fffftt
112222ftf	1223343341fffft	2 2 1 1 3 4 4 1 1 5 5 3 ffffft
112222ftf	1223343341fftff	3 3 1 1 2 4 4 5 5 1 1 2 ffffft
112222ftf	1223343341ftfff	3 3 2 4 2 2 5 1 4 5 1 2 ffffft
112222ftf	1223343343fffft	2 2 1 1 3 4 4 1 1 5 5 1 ffffft
112222ftf	1223344144ffftf	2 2 1 1 3 4 4 5 5 1 1 3 ffffft
112222ftf	1223344144fftff	3 3 2 4 2 2 4 5 5 1 1 2 ffffft
112222ftf	1223344144ftfff	3 3 4 2 2 2 5 1 2 5 1 4 ffffft
112222ftf	1223344444ffftf	2 2 1 1 3 4 4 5 5 1 1 1 ffffft
112222ftf	1223413333fffft	2 2 1 1 3 4 4 1 5 3 1 1 ffffft
112222ftf	1223413334fffft	2 2 1 1 3 4 4 1 5 3 1 5 ffffft
112222ftf	1223433331fffft	2 2 1 1 3 4 4 1 5 1 1 3 ffffft
112222ftf	1223433331fftff	3 3 1 1 1 4 4 5 5 1 2 1 ffffft
112222ftf	1223433331ftfff	3 3 4 2 2 2 5 1 2 5 1 2 ffffft
112222ftf	1223433333fffft	2 2 1 1 3 4 4 1 5 1 1 1 ffffft
112222ftf	1223433334fffft	2 2 1 1 3 4 4 1 5 1 1 5 ffffft
112222ftf	1223442444fftff	2 2 1 1 3 5 5 4 5 1 1 1 ffffft
112222ftf	1223443144fftff	3 3 1 4 2 2 4 5 5 1 2 2 ffffft
112222ftf	1223443331fffft	2 2 1 1 3 4 4 1 5 5 1 3 ffffft
112222ftf	1223443331fftff	3 3 1 1 1 4 4 5 5 1 2 2 ffffft
112222ftf	1223443331ftfff	3 3 4 4 2 2 5 1 2 5 1 2 ffffft
112222ftf	1223443333fffft	2 2 1 1 3 4 4 1 5 5 1 1 ffffft
112222ftf	1223444144fftff	3 3 2 4 2 2 4 5 5 1 2 2 ffffft
112222ftf	1231234444ffftf	2 2 1 1 3 4 5 3 4 5 1 1 ffffft
112222ftf	1231432444ffftf	2 2 1 1 3 4 5 3 1 5 4 1 ffffft
112222ftf	1231432444fftff	3 3 4 1 2 2 1 5 5 2 2 4 ffffft
112222ftf	1231434444ffftf	2 2 1 1 3 4 5 3 1 5 1 1 ffffft
112222ftf	1231442344fftff	3 3 4 1 2 2 1 5 5 4 2 2 ffffft
112222ftf	1231442444fftff	3 3 4 1 2 2 1 5 5 2 2 2 ffffft
112222ftf	1233343321ftfff	3 3 2 4 2 2 5 1 1 5 2 2 ffffft
112222ftf	1233343323ftfft	2 2 1 1 4 3 1 5 1 1 3 1 fffftt
112222ftf	1233343331ftfff	3 3 2 4 2 2 5 1 2 5 2 2 ffffft
112222ftf	1233343341ftfff	3 3 2 4 2 2 5 1 4 5 2 2 ffffft
112222ftf	1233344444ffftf	2 2 1 1 3 4 5 5 5 1 1 1 ffffft
112222ftf	1233433321ftfff	3 3 4 2 2 2 5 1 1 5 2 2 ffffft
112222ftf	1233433331ftfff	3 3 4 2 2 2 5 1 2 5 2 2 ffffft
112222ftf	1233433341ftfff	3 3 4 2 2 2 5 1 4 5 2 2 ffffft
112222ftf	1233434444ffftf	2 2 1 1 3 4 5 5 1 5 1 1 ffffft
112222ftf	1233442144fftff	3 3 4 4 2 2 1 5 5 1 2 2 ffffft
112222ftf	1233442444fftff	3 3 4 4 2 2 1 5 5 2 2 2 ffffft
112222ftf	1234343333ftfft	2 2 1 1 4 3 1 5 1 5 1 1 fffftt
112222ftf	1234432144ffftf	2 2 1 1 3 4 5 1 1 5 4 3 ffffft
112222ftf	1234432144fftff	3 3 4 2 2 2 1 5 5 1 2 4 ffffft
112222ftf	1234432444ffftf	2 2 1 1 3 4 5 1 1 5 4 1 ffffft
112222ftf	1234432444fftff	3 3 4 2 2 2 1 5 5 2 2 4 ffffft
112222ftf	1234433321fffft	2 2 1 1 3 4 1 5 5 1 4 3 ffffft
112222ftf	1234433321fftff	3 3 2 4 2 2 1 5 5 1 4 2 ffffft
112222ftf	1234433323fffft	2 2 1 1 3 4 1 5 5 1 4 1 ffffft
112222ftf	1234433323fftff	3 3 2 4 2 2 1 5 5 2 4 2 ffffft
112222ftf	1234433333fffft	2 2 1 1 3 4 1 5 5 1 1 1 ffffft
112222ftf	1234434444ffftf	2 2 1 1 3 4 5 1 1 5 1 1 ffffft
121111fft	1122334444ffftf	1 2 1 1 3 3 4 4 5 5 1 1 ffffft
121111fft	1122343333fffft	1 2 1 1 3 3 4 4 1 5 1 1 ffffft
121111fft	1122343343fffft	1 2 1 1 3 3 4 4 1 5 5 1 ffffft
121111fft	1123222422fffft	1 2 1 1 3 3 1 4 1 5 1 1 ffffft
121111fft	1123222432fffft	1 2 1 1 3 3 1 4 1 5 4 1 ffffft
121111fft	1123222432ffftf	1 2 1 1 3 3 1 5 5 1 1 4 ffffft
121111fft	1123222442fffft	1 2 1 1 3 3 1 4 1 5 5 1 ffffft
121111fft	1123223422fffft	1 2 1 1 3 3 1 4 4 5 1 1 ffffft
121111fft	1123223442fffft	1 2 1 1 3 3 1 4 4 5 5 1 ffffft
121111fft	1123224222fffft	1 2 1 1 3 3 1 4 5 1 1 1 ffffft
121111fft	1123224222ffftt	1 2 1 1 3 3 1 4 5 1 1 1 fffftt
121111fft	1123224224fffft	1 2 1 1 3 3 1 4 5 1 1 5 ffffft
121111fft	1123224232fffft	1 2 1 1 3 3 1 4 5 1 4 1 ffffft
121111fft	1123224232ffftf	1 2 1 1 3 3 1 5 5 1 4 1 ffffft
121111fft	1123224234fffft	1 2 1 1 3 3 1 4 5 1 4 5 ffffft
121111fft	1123224234ffftf	1 2 1 1 3 3 1 5 5 4 4 1 ffffft
121111fft	1123224242fffft	1 2 1 1 3 3 1 4 5 1 5 1 ffffft
121111fft	1123224422fffft	1 2 1 1 3 3 1 4 5 5 1 1 ffffft
121111fft	1123224432fffft	1 2 1 1 3 3 1 4 5 5 4 1 ffffft
121111fft	1123224432ffftf	1 2 1 1 3 3 1 5 5 1 4 4 ffffft
121111fft	1123324444ffftf	1 2 1 1 3 3 4 5 5 4 1 1 ffffft
121111fft	1123344244ffftf	1 2 1 1 3 3 4 5 5 1 1 4 ffffft
121111fft	1123344444ffftf	1 2 1 1 3 3 4 5 5 1 1 1 ffffft
121111fft	1211131411fffft	1 2 1 1 1 3 1 4 1 5 1 1 ffffft
121111fft	1211131421fffft	1 2 1 1 1 3 1 4 1 5 3 1 ffffft
121111fft	1211131421ffftf	1 2 1 1 1 4 4 1 1 5 1 3 ffffft
121111fft	1211131421fftff	1 3 1 1 1 4 1 5 5 1 1 2 ffffft
121111fft	1211131431fffft	1 2 1 1 1 3 1 4 1 5 4 1 ffffft
121111fft	1211131431ffftf	1 2 1 1 1 3 1 5 5 1 1 4 ffffft
121111fft	1211131441fffft	1 2 1 1 1 3 1 4 1 5 5 1 ffffft
121111fft	1211132411fffft	1 2 1 1 1 3 1 4 3 5 1 1 ffffft
121111fft	1211132431fffft	1 2 1 1 1 3 1 4 3 5 4 1 ffffft
121111fft	1211132431ffftf	1 2 1 1 1 3 1 5 5 1 3 4 ffffft
121111fft	1211132431fftff	1 3 1 1 4 1 1 5 5 2 1 4 ffffft
121111fft	1211132441fffft	1 2 1 1 1 3 1 4 3 5 5 1 ffffft
121111fft	1211133411fffft	1 2 1 1 1 3 1 4 4 5 1 1 ffffft
121111fft	1211133421fffft	1 2 1 1 1 3 1 4 4 5 3 1 ffffft
121111fft	1211133421ffftf	1 2 1 1 1 4 4 1 1 5 5 3 ffffft
121111fft	1211133421fftff	1 3 1 1 2 4 1 5 5 1 1 2 ffffft
121111fft	1211133441fffft	1 2 1 1 1 3 1 4 4 5 5 1 ffffft
121111fft	1211134111fffft	1 2 1 1 1 3 1 4 5 1 1 1 ffffft
121111fft	1211134111ffftt	1 2 1 1 1 3 1 4 5 1 1 1 fffftt
121111fft	1211134111fftft	1 2 1 1 1 4 5 1 1 3 1 1 fffftt
121111fft	1211134113fffft	1 2 1 1 1 3 1 4 5 1 1 4 ffffft
121111fft	1211134113ffftt	1 2 1 1 1 3 1 4 5 1 1 4 fffftt
121111fft	1211134114fffft	1 2 1 1 1 3 1 4 5 1 1 5 ffffft
121111fft	1211134121fffft	1 2 1 1 1 3 1 4 5 1 3 1 ffffft
121111fft	1211134121ffftf	1 2 1 1 1 4 4 1 1 5 3 1 ffffft
121111fft	1211134121ffftt	1 2 1 1 1 3 1 4 5 1 3 1 fffftt
121111fft	1211134121fftff	1 3 1 1 4 1 1 5 5 1 1 2 ffffft
121111fft	1211134121fftft	1 2 1 1 1 4 5 1 1 3 4 1 fffftt
121111fft	1211134123fffft	1 2 1 1 1 3 1 4 5 1 3 4 ffffft
121111fft	1211134123ffftf	1 2 1 1 1 3 1 5 3 5 4 1 ffffft
121111fft	1211134123ffftt	1 2 1 1 1 3 1 4 5 1 3 4 fffftt
121111fft	1211134123fftff	1 3 1 1 4 1 1 5 5 2 1 2 ffffft
121111fft	1211134123fftft	1 2 1 1 1 4 5 1 1 3 4 3 fffftt
121111fft	1211134124fffft	1 2 1 1 1 3 1 4 5 1 3 5 ffffft
121111fft	1211134124ffftf	1 2 1 1 1 4 4 3 1 5 3 1 ffffft
121111fft	1211134124fftff	1 3 1 1 4 1 1 5 5 4 1 2 ffffft
121111fft	1211134131fffft	1 2 1 1 1 3 1 4 5 1 4 1 ffffft
121111fft	1211134131ffftf	1 2 1 1 1 3 1 5 5 1 4 1 ffffft
121111fft	1211134131fftft	1 2 1 1 1 4 5 1 1 3 3 1 fffftt
121111fft	1211134133fffft	1 2 1 1 1 3 1 4 5 1 4 4 ffffft
121111fft	1211134133ffftf	1 2 1 1 1 3 1 5 5 5 4 1 ffffft
121111fft	1211134133ffftt	1 2 1 1 1 3 1 4 5 1 4 4 fffftt
121111fft	1211134133fftft	1 2 1 1 1 4 5 1 1 3 3 3 fffftt
121111fft	1211134134fffft	1 2 1 1 1 3 1 4 5 1 4 5 ffffft
121111fft	1211134134ffftf	1 2 1 1 1 3 1 5 5 4 4 1 ffffft
121111fft	1211134141fffft	1 2 1 1 1 3 1 4 5 1 5 1 ffffft
121111fft	1211134141fftft	1 2 1 1 1 4 5 1 1 3 5 1 fffftt
121111fft	1211134143fffft	1 2 1 1 1 3 1 4 5 1 5 4 ffffft
121111fft	1211134143ffftf	1 2 1 1 1 3 1 5 4 5 4 1 ffffft
121111fft	1211134143ffftt	1 2 1 1 1 3 1 4 5 1 5 4 fffftt
121111fft	1211134143fftft	1 2 1 1 1 4 5 1 1 3 5 3 fffftt
121111fft	1211134411fffft	1 2 1 1 1 3 1 4 5 5 1 1 ffffft
121111fft	1211134421fffft	1 2 1 1 1 3 1 4 5 5 3 1 ffffft
121111fft	1211134421ffftf	1 2 1 1 1 4 4 1 1 5 3 3 ffffft
121111fft	1211134421fftff	1 3 1 1 4 4 1 5 5 1 1 2 ffffft
121111fft	1211134431fffft	1 2 1 1 1 3 1 4 5 5 4 1 ffffft
121111fft	1211134431ffftf	1 2 1 1 1 3 1 5 5 1 4 4 ffffft
121111fft	1211231411fffft	1 2 1 1 1 3 3 4 1 5 1 1 ffffft
121111fft	1211231431fffft	1 2 1 1 1 3 3 4 1 5 4 1 ffffft
121111fft	1211231431ffftf	1 2 1 1 1 3 3 5 5 1 1 4 ffffft
121111fft	1211231441fffft	1 2 1 1 1 3 3 4 1 5 5 1 ffffft
121111fft	1211233411fffft	1 2 1 1 1 3 3 4 4 5 1 1 ffffft
121111fft	1211233441fffft	1 2 1 1 1 3 3 4 4 5 5 1 ffffft
121111fft	1211234111fffft	1 2 1 1 1 3 3 4 5 1 1 1 ffffft
121111fft	1211234111ffftt	1 2 1 1 1 3 3 4 5 1 1 1 fffftt
121111fft	1211234114fffft	1 2 1 1 1 3 3 4 5 1 1 5 ffffft
121111fft	1211234131fffft	1 2 1 1 1 3 3 4 5 1 4 1 ffffft
121111fft	1211234131ffftf	1 2 1 1 1 3 3 5 5 1 4 1 ffffft
121111fft	1211234134fffft	1 2 1 1 1 3 3 4 5 1 4 5 ffffft
121111fft	1211234134ffftf	1 2 1 1 1 3 3 5 5 4 4 1 ffffft
121111fft	1211234141fffft	1 2 1 1 1 3 3 4 5 1 5 1 ffffft
121111fft	1211234411fffft	1 2 1 1 1 3 3 4 5 5 1 1 ffffft
121111fft	1211234431fffft	1 2 1 1 1 3 3 4 5 5 4 1 ffffft
121111fft	1211234431ffftf	1 2 1 1 1 3 3 5 5 1 4 4 ffffft
121111fft	1211311411fffft	1 2 1 1 1 3 4 1 1 5 1 1 ffffft
121111fft	1211311411ffftt	1 2 1 1 1 3 4 1 1 5 1 1 fffftt
121111fft	1211311413fffft	1 2 1 1 1 3 4 1 1 5 1 4 ffffft
121111fft	1211311413ffftf	1 2 1 1 1 3 5 1 1 5 1 4 ffffft
121111fft	1211311414fffft	1 2 1 1 1 3 4 1 1 5 1 5 ffffft
121111fft	1211311421fffft	1 2 1 1 1 3 4 1 1 5 3 1 ffffft
121111fft	1211311421ffftf	1 2 1 1 1 4 4 1 5 1 1 3 ffffft
121111fft	1211311421ffftt	1 2 1 1 1 3 4 1 1 5 3 1 fffftt
121111fft	1211311421fftff	1 3 1 1 1 4 1 5 5 1 2 1 ffffft
121111fft	1211311423fffft	1 2 1 1 1 3 4 1 1 5 3 4 ffffft
121111fft	1211311423ffftf	1 2 1 1 1 3 5 1 3 5 1 4 ffffft
121111fft	1211311423ffftt	1 2 1 1 1 3 4 1 1 5 3 4 fffftt
121111fft	1211311423fftff	1 3 1 1 1 4 1 5 5 2 2 1 ffffft
121111fft	1211311424fffft	1 2 1 1 1 3 4 1 1 5 3 5 ffffft
121111fft	1211311424ffftf	1 2 1 1 1 4 4 3 5 1 1 3 ffffft
121111fft	1211311424ffftt	1 2 1 1 1 3 4 1 1 5 3 5 fffftt
121111fft	1211311424fftff	1 3 1 1 1 4 1 5 5 4 2 1 ffffft
121111fft	1211311441fffft	1 2 1 1 1 3 4 1 1 5 5 1 ffffft
121111fft	1211311443fffft	1 2 1 1 1 3 4 1 1 5 5 4 ffffft
121111fft	1211311443ffftf	1 2 1 1 1 3 5 1 4 5 1 4 ffffft
121111fft	1211312411fffft	1 2 1 1 1 3 4 1 3 5 1 1 ffffft
121111fft	1211312411ffftt	1 2 1 1 1 3 4 1 3 5 1 1 fffftt
121111fft	1211312413fffft	1 2 1 1 1 3 4 1 3 5 1 4 ffffft
121111fft	1211312413ffftf	1 2 1 1 1 3 5 1 1 5 3 4 ffffft
121111fft	1211312413ffftt	1 2 1 1 1 3 4 1 3 5 1 4 fffftt
121111fft	1211312413fftff	1 3 1 1 1 4 1 5 5 2 4 1 ffffft
121111fft	1211312414fffft	1 2 1 1 1 3 4 1 3 5 1 5 ffffft
121111fft	1211312414ffftt	1 2 1 1 1 3 4 1 3 5 1 5 fffftt
121111fft	1211312421fffft	1 2 1 1 1 3 4 1 3 5 3 1 ffffft
121111fft	1211312421ffftf	1 2 1 1 1 4 4 1 5 1 4 3 ffffft
121111fft	1211312421ffftt	1 2 1 1 1 3 4 1 3 5 3 1 fffftt
121111fft	1211312421fftff	1 2 1 1 1 5 5 4 5 1 3 1 ffffft
121111fft	1211312423fffft	1 2 1 1 1 3 4 1 3 5 3 4 ffffft
121111fft	1211312423ffftf	1 2 1 1 1 3 5 1 3 5 3 4 ffffft
121111fft	1211312424fffft	1 2 1 1 1 3 4 1 3 5 3 5 ffffft
121111fft	1211312424ffftf	1 2 1 1 1 4 4 3 5 1 4 3 ffffft
121111fft	1211312441fffft	1 2 1 1 1 3 4 1 3 5 5 1 ffffft
121111fft	1211312443fffft	1 2 1 1 1 3 4 1 3 5 5 4 ffffft
121111fft	1211312443ffftf	1 2 1 1 1 3 5 1 4 5 3 4 ffffft
121111fft	1211312443fftff	1 3 1 1 2 4 1 5 5 2 4 1 ffffft
121111fft	1211313411fffft	1 2 1 1 1 3 4 1 4 5 1 1 ffffft
121111fft	1211313411ffftt	1 2 1 1 1 3 4 1 4 5 1 1 fffftt
121111fft	1211313414fffft	1 2 1 1 1 3 4 1 4 5 1 5 ffffft
121111fft	1211313414ffftt	1 2 1 1 1 3 4 1 4 5 1 5 fffftt
121111fft	1211313441fffft	1 2 1 1 1 3 4 1 4 5 5 1 ffffft
121111fft	1211314111fffft	1 2 1 1 1 3 4 1 5 1 1 1 ffffft
121111fft	1211314111ffftt	1 2 1 1 1 3 4 1 5 1 1 1 fffftt
121111fft	1211314111fftft	1 2 1 1 1 4 5 1 3 1 1 1 fffftt
121111fft	1211314111ffttt	1 2 1 1 1 3 4 1 5 1 1 1 fffttt
121111fft	1211314113fffft	1 2 1 1 1 3 4 1 5 1 1 4 ffffft
121111fft	1211314113ffftf	1 2 1 1 1 3 5 1 1 5 4 1 ffffft
121111fft	1211314113fftft	1 2 1 1 1 4 5 1 3 1 1 3 fffftt
121111fft	1211314114fffft	1 2 1 1 1 3 4 1 5 1 1 5 ffffft
121111fft	1211314114ffftt	1 2 1 1 1 3 4 1 5 1 1 5 fffftt
121111fft	1211314121fffft	1 2 1 1 1 3 4 1 5 1 3 1 ffffft
121111fft	1211314121ffftf	1 2 1 1 1 4 4 1 5 1 3 1 ffffft
121111fft	1211314121ffftt	1 2 1 1 1 3 4 1 5 1 3 1 fffftt
121111fft	1211314121fftff	1 3 1 1 4 1 1 5 5 1 2 1 ffffft
121111fft	1211314121fftft	1 2 1 1 1 4 5 1 3 1 4 1 fffftt
121111fft	1211314121ffttf	1 2 1 1 1 4 4 1 5 1 3 1 fffftt
121111fft	1211314123fffft	1 2 1 1 1 3 4 1 5 1 3 4 ffffft
121111fft	1211314123ffftf	1 2 1 1 1 3 5 1 3 5 4 1 ffffft
121111fft	1211314123fftff	1 3 1 1 4 1 1 5 5 2 2 1 ffffft
121111fft	1211314124fffft	1 2 1 1 1 3 4 1 5 1 3 5 ffffft
121111fft	1211314124ffftf	1 2 1 1 1 4 4 3 5 1 3 1 ffffft
121111fft	1211314124fftff	1 3 1 1 4 1 1 5 5 4 2 1 ffffft
121111fft	1211314131fffft	1 2 1 1 1 3 4 1 5 1 4 1 ffffft
121111fft	1211314131ffttf	1 2 1 1 1 4 5 1 5 1 3 1 fffftt
121111fft	1211314133fffft	1 2 1 1 1 3 4 1 5 1 4 4 ffffft
121111fft	1211314133ffftf	1 2 1 1 1 3 5 1 5 5 4 1 ffffft
121111fft	1211314133fftft	1 2 1 1 1 4 5 1 3 1 3 3 fffftt
121111fft	1211314141fffft	1 2 1 1 1 3 4 1 5 1 5 1 ffffft
121111fft	1211314141fftft	1 2 1 1 1 4 5 1 3 1 5 1 fffftt
121111fft	1211314311fffft	1 2 1 1 1 3 4 1 5 4 1 1 ffffft
121111fft	1211314311fftft	1 2 1 1 1 4 5 3 3 1 1 1 fffftt
121111fft	1211314314fffft	1 2 1 1 1 3 4 1 5 4 1 5 ffffft
121111fft	1211314321fffft	1 2 1 1 1 3 4 1 5 4 3 1 ffffft
121111fft	1211314321ffftf	1 2 1 1 1 4 4 1 5 1 3 5 ffffft
121111fft	1211314321fftff	1 3 1 1 4 2 1 5 5 1 2 1 ffffft
121111fft	1211314324fffft	1 2 1 1 1 3 4 1 5 4 3 5 ffffft
121111fft	1211314324ffftf	1 2 1 1 1 4 4 3 5 1 3 5 ffffft
121111fft	1211314324fftff	1 3 1 1 4 2 1 5 5 4 2 1 ffffft
121111fft	1211314331fffft	1 2 1 1 1 3 4 1 5 4 4 1 ffffft
121111fft	1211314411fffft	1 2 1 1 1 3 4 1 5 5 1 1 ffffft
121111fft	1211314411ffftt	1 2 1 1 1 3 4 1 5 5 1 1 fffftt
121111fft	1211314413fffft	1 2 1 1 1 3 4 1 5 5 1 4 ffffft
121111fft	1211314413ffftf	1 2 1 1 1 3 5 1 1 5 4 4 ffffft
121111fft	1211314414fffft	1 2 1 1 1 3 4 1 5 5 1 5 ffffft
121111fft	1211314414ffftt	1 2 1 1 1 3 4 1 5 5 1 5 fffftt
121111fft	1211314421fffft	1 2 1 1 1 3 4 1 5 5 3 1 ffffft
121111fft	1211314421ffftf	1 2 1 1 1 4 4 1 5 1 3 3 ffffft
121111fft	1211314421fftff	1 3 1 1 4 4 1 5 5 1 2 1 ffffft
121111fft	1211314423fffft	1 2 1 1 1 3 4 1 5 5 3 4 ffffft
121111fft	1211314423ffftf	1 2 1 1 1 3 5 1 3 5 4 4 ffffft
121111fft	1211314423fftff	1 3 1 1 4 4 1 5 5 2 2 1 ffffft
121111fft	1211331411fffft	1 2 1 1 1 3 4 4 1 5 1 1 ffffft
121111fft	1211331421fffft	1 2 1 1 1 3 4 4 1 5 3 1 ffffft
121111fft	1211331421ffftf	1 2 1 1 1 4 4 1 5 5 1 3 ffffft
121111fft	1211331421fftff	1 3 1 1 1 4 1 5 5 1 2 2 ffffft
121111fft	1211331441fffft	1 2 1 1 1 3 4 4 1 5 5 1 ffffft
121111fft	1211332411fffft	1 2 1 1 1 3 4 4 3 5 1 1 ffffft
121111fft	1211332441fffft	1 2 1 1 1 3 4 4 3 5 5 1 ffffft
121111fft	1211334111fffft	1 2 1 1 1 3 4 4 5 1 1 1 ffffft
121111fft	1211334111fftft	1 2 1 1 1 4 5 1 3 3 1 1 fffftt
121111fft	1211334113fffft	1 2 1 1 1 3 4 4 5 1 1 4 ffffft
121111fft	1211334113ffftf	1 2 1 1 1 3 5 5 1 5 4 1 ffffft
121111fft	1211334113fftft	1 2 1 1 1 4 5 1 3 3 1 3 fffftt
121111fft	1211334114fffft	1 2 1 1 1 3 4 4 5 1 1 5 ffffft
121111fft	1211334121fffft	1 2 1 1 1 3 4 4 5 1 3 1 ffffft
121111fft	1211334121ffftf	1 2 1 1 1 4 4 1 5 5 3 1 ffffft
121111fft	1211334121fftff	1 3 1 1 4 1 1 5 5 1 2 2 ffffft
121111fft	1211334124fffft	1 2 1 1 1 3 4 4 5 1 3 5 ffffft
121111fft	1211334124ffftf	1 2 1 1 1 4 4 3 5 5 3 1 ffffft
121111fft	1211334124fftff	1 3 1 1 4 1 1 5 5 4 2 2 ffffft
121111fft	1211334131fffft	1 2 1 1 1 3 4 4 5 1 4 1 ffffft
121111fft	1211334131ffftf	1 2 1 1 1 3 5 5 5 1 4 1 ffffft
121111fft	1211334131fftft	1 2 1 1 1 4 5 1 3 3 3 1 fffftt
121111fft	1211334133fffft	1 2 1 1 1 3 4 4 5 1 4 4 ffffft
121111fft	1211334411fffft	1 2 1 1 1 3 4 4 5 5 1 1 ffffft
121111fft	1211334421fffft	1 2 1 1 1 3 4 4 5 5 3 1 ffffft
121111fft	1211334421ffftf	1 2 1 1 1 4 4 1 5 5 3 3 ffffft
121111fft	1211334421fftff	1 3 1 1 4 4 1 5 5 1 2 2 ffffft
121111fft	1211341113ffftf	1 2 1 1 1 3 5 4 1 5 1 1 ffffft
121111fft	1211341121ffftf	1 2 1 1 1 4 4 1 5 3 1 1 ffffft
121111fft	1211341121ffftt	1 2 1 1 1 3 4 5 1 1 3 1 fffftt
121111fft	1211341123ffftf	1 2 1 1 1 3 5 4 3 5 1 1 ffffft
121111fft	1211341143ffftf	1 2 1 1 1 3 5 4 4 5 1 1 ffffft
121111fft	1211341321ffftf	1 2 1 1 1 4 4 1 5 3 1 5 ffffft
121111fft	1211341411fffft	1 2 1 1 1 3 4 5 1 5 1 1 ffffft
121111fft	1211341411ffftt	1 2 1 1 1 3 4 5 1 5 1 1 fffftt
121111fft	1211341441fffft	1 2 1 1 1 3 4 5 1 5 5 1 ffffft
121111fft	1211342111fffft	1 2 1 1 1 4 4 1 3 5 1 1 ffffft
121111fft	1211342111ffftt	1 2 1 1 1 3 4 5 3 1 1 1 fffftt
121111fft	1211342113fffft	1 2 1 1 1 4 4 1 3 5 1 3 ffffft
121111fft	1211342113ffftf	1 2 1 1 1 3 5 4 1 5 3 1 ffffft
121111fft	1211342113fftff	1 3 1 1 1 4 1 5 5 1 4 2 ffffft
121111fft	1211342121fffft	1 2 1 1 1 4 4 1 3 5 4 1 ffffft
121111fft	1211342121ffftf	1 2 1 1 1 4 4 1 5 3 4 1 ffffft
121111fft	1211342141fffft	1 2 1 1 1 4 4 1 3 5 5 1 ffffft
121111fft	1211342143fffft	1 2 1 1 1 4 4 1 3 5 5 3 ffffft
121111fft	1211342143ffftf	1 2 1 1 1 3 5 4 4 5 3 1 ffffft
121111fft	1211342143fftff	1 3 1 1 2 4 1 5 5 1 4 2 ffffft
121111fft	1211342311fffft	1 2 1 1 1 4 4 3 3 5 1 1 ffffft
121111fft	1211342341fffft	1 2 1 1 1 4 4 3 3 5 5 1 ffffft
121111fft	1211342411ffftt	1 2 1 1 1 3 4 5 3 5 1 1 fffftt
121111fft	1211343111ffftt	1 2 1 1 1 3 4 5 4 1 1 1 fffftt
121111fft	1211343411ffftt	1 2 1 1 1 3 4 5 4 5 1 1 fffftt
121111fft	1211344111fffft	1 2 1 1 1 3 4 5 5 1 1 1 ffffft
121111fft	1211344111ffftt	1 2 1 1 1 3 4 5 5 1 1 1 fffftt
121111fft	1211344113fffft	1 2 1 1 1 3 4 5 5 1 1 4 ffffft
121111fft	1211344113ffftf	1 2 1 1 1 3 5 4 1 5 4 1 ffffft
121111fft	1211344121fffft	1 2 1 1 1 3 4 5 5 1 3 1 ffffft
121111fft	1211344121ffftf	1 2 1 1 1 4 4 1 5 3 3 1 ffffft
121111fft	1211344121fftff	1 3 1 1 4 1 1 5 5 1 2 4 ffffft
121111fft	1211344123fffft	1 2 1 1 1 3 4 5 5 1 3 4 ffffft
121111fft	1211344123ffftf	1 2 1 1 1 3 5 4 3 5 4 1 ffffft
121111fft	1211344123fftff	1 3 1 1 4 1 1 5 5 2 2 4 ffffft
121111fft	1211344311fffft	1 2 1 1 1 3 4 5 5 4 1 1 ffffft
121111fft	1211344321fffft	1 2 1 1 1 3 4 5 5 4 3 1 ffffft
121111fft	1211344321ffftf	1 2 1 1 1 4 4 1 5 3 3 5 ffffft
121111fft	1211344321fftff	1 3 1 1 4 2 1 5 5 1 2 4 ffffft
121111fft	1211344411fffft	1 2 1 1 1 3 4 5 5 5 1 1 ffffft
121111fft	1211344411ffftt	1 2 1 1 1 3 4 5 5 5 1 1 fffftt
121111fft	1221334444ffftf	1 2 1 1 3 4 4 3 5 5 1 1 ffffft
121111fft	1221343333fffft	1 2 1 1 3 4 4 3 1 5 1 1 ffffft
121111fft	1221343343fffft	1 2 1 1 3 4 4 3 1 5 5 1 ffffft
121111fft	1221344344ffftf	1 2 1 1 3 4 4 3 5 1 1 5 ffffft
121111fft	1221344444ffftf	1 2 1 1 3 4 4 3 5 1 1 1 ffffft
121111fft	1223314444ffftf	1 2 1 1 3 4 4 5 5 3 1 1 ffffft
121111fft	1223343323fffft	1 2 1 1 3 4 4 1 1 5 4 1 ffffft
121111fft	1223343331fffft	1 2 1 1 3 4 4 1 1 5 1 3 ffffft
121111fft	1223343331fftff	1 3 1 1 1 4 4 5 5 1 1 2 ffffft
121111fft	1223343331ftfff	1 3 1 1 1 4 5 2 1 5 2 1 ffffft
121111fft	1223343333fffft	1 2 1 1 3 4 4 1 1 5 1 1 ffffft
121111fft	1223343333ftfft	1 2 1 1 4 3 1 5 3 1 1 1 fffftt
121111fft	1223343341fffft	1 2 1 1 3 4 4 1 1 5 5 3 ffffft
121111fft	1223343341fftff	1 3 1 1 2 4 4 5 5 1 1 2 ffffft
121111fft	1223343341ftfff	1 3 1 1 1 4 5 2 4 5 2 1 ffffft
121111fft	1223343343fffft	1 2 1 1 3 4 4 1 1 5 5 1 ffffft
121111fft	1223344144ffftf	1 2 1 1 3 4 4 5 5 1 1 3 ffffft
121111fft	1223344144fftff	1 3 1 1 1 4 4 5 5 2 2 1 ffffft
121111fft	1223344144ftfff	1 3 1 1 4 1 5 2 1 5 2 4 ffffft
121111fft	1223344444ffftf	1 2 1 1 3 4 4 5 5 1 1 1 ffffft
121111fft	1223413333fffft	1 2 1 1 3 4 4 1 5 3 1 1 ffffft
121111fft	1223413334fffft	1 2 1 1 3 4 4 1 5 3 1 5 ffffft
121111fft	1223433331fffft	1 2 1 1 3 4 4 1 5 1 1 3 ffffft
121111fft	1223433331fftff	1 3 1 1 1 4 4 5 5 1 2 1 ffffft
121111fft	1223433331ftfff	1 3 1 1 4 1 5 2 1 5 2 1 ffffft
121111fft	1223433333fffft	1 2 1 1 3 4 4 1 5 1 1 1 ffffft
121111fft	1223433334fffft	1 2 1 1 3 4 4 1 5 1 1 5 ffffft
121111fft	1223442444fftff	1 2 1 1 3 5 5 4 5 1 1 1 ffffft
121111fft	1223443144fftff	1 3 1 1 2 4 4 5 5 2 1 1 ffffft
121111fft	1223443331fffft	1 2 1 1 3 4 4 1 5 5 1 3 ffffft
121111fft	1223443331fftff	1 3 1 1 1 4 4 5 5 1 2 2 ffffft
121111fft	1223443331ftfff	1 3 1 1 4 4 5 2 1 5 2 1 ffffft
121111fft	1223443333fffft	1 2 1 1 3 4 4 1 5 5 1 1 ffffft
121111fft	1223444144fftff	1 3 1 1 1 4 4 5 5 2 1 1 ffffft
121111fft	1231234444ffftf	1 2 1 1 3 4 5 3 4 5 1 1 ffffft
121111fft	1231432444ffftf	1 2 1 1 3 4 5 3 1 5 4 1 ffffft
121111fft	1231432444fftff	1 3 1 1 4 2 2 5 5 1 1 4 ffffft
121111fft	1231434444ffftf	1 2 1 1 3 4 5 3 1 5 1 1 ffffft
121111fft	1231442344fftff	1 3 1 1 4 2 2 5 5 4 1 1 ffffft
121111fft	1231442444fftff	1 3 1 1 4 2 2 5 5 1 1 1 ffffft
121111fft	1233343321ftfff	1 3 1 1 1 4 5 2 2 5 1 1 ffffft
121111fft	1233343323ftfft	1 2 1 1 4 3 1 5 1 1 3 1 fffftt
121111fft	1233343331ftfff	1 3 1 1 1 4 5 2 1 5 1 1 ffffft
121111fft	1233343341ftfff	1 3 1 1 1 4 5 2 4 5 1 1 ffffft
121111fft	1233344444ffftf	1 2 1 1 3 4 5 5 5 1 1 1 ffffft
121111fft	1233433321ftfff	1 3 1 1 4 1 5 2 2 5 1 1 ffffft
121111fft	1233433331ftfff	1 3 1 1 4 1 5 2 1 5 1 1 ffffft
121111fft	1233433341ftfff	1 3 1 1 4 1 5 2 4 5 1 1 ffffft
121111fft	1233434444ffftf	1 2 1 1 3 4 5 5 1 5 1 1 ffffft
121111fft	1233442144fftff	1 3 1 1 4 4 2 5 5 2 1 1 ffffft
121111fft	1233442444fftff	1 3 1 1 4 4 2 5 5 1 1 1 ffffft
121111fft	1234343333ftfft	1 2 1 1 4 3 1 5 1 5 1 1 fffftt
121111fft	1234432144ffftf	1 2 1 1 3 4 5 1 1 5 4 3 ffffft
121111fft	1234432144fftff	1 3 1 1 4 1 2 5 5 2 1 4 ffffft
121111fft	1234432444ffftf	1 2 1 1 3 4 5 1 1 5 4 1 ffffft
121111fft	1234432444fftff	1 3 1 1 4 1 2 5 5 1 1 4 ffffft
121111fft	1234433321fffft	1 2 1 1 3 4 1 5 5 1 4 3 ffffft
121111fft	1234433321fftff	1 3 1 1 1 4 2 5 5 2 4 1 ffffft
121111fft	1234433323fffft	1 2 1 1 3 4 1 5 5 1 4 1 ffffft
121111fft	1234433323fftff	1 3 1 1 1 4 2 5 5 1 4 1 ffffft
121111fft	1234433333fffft	1 2 1 1 3 4 1 5 5 1 1 1 ffffft
121111fft	1234434444ffftf	1 2 1 1 3 4 5 1 1 5 1 1 ffffft
121121fft	1122334444ffftf	1 2 1 1 2 3 4 4 5 5 1 1 ffffft
121121fft	1122343333fffft	1 2 1 1 2 3 4 4 1 5 1 1 ffffft
121121fft	1122343343fffft	1 2 1 1 2 3 4 4 1 5 5 1 ffffft
121121fft	1123222422fffft	1 2 1 1 2 3 1 4 1 5 1 1 ffffft
121121fft	1123222432fffft	1 2 1 1 2 3 1 4 1 5 4 1 ffffft
121121fft	1123222432ffftf	1 2 1 1 2 3 1 5 5 1 1 4 ffffft
121121fft	1123222442fffft	1 2 1 1 2 3 1 4 1 5 5 1 ffffft
121121fft	1123223422fffft	1 2 1 1 2 3 1 4 4 5 1 1 ffffft
121121fft	1123223442fffft	1 2 1 1 2 3 1 4 4 5 5 1 ffffft
121121fft	1123224222fffft	1 2 1 1 2 3 1 4 5 1 1 1 ffffft
121121fft	1123224222ffftt	1 2 1 1 2 3 1 4 5 1 1 1 fffftt
121121fft	1123224224fffft	1 2 1 1 2 3 1 4 5 1 1 5 ffffft
121121fft	1123224232fffft	1 2 1 1 2 3 1 4 5 1 4 1 ffffft
121121fft	1123224232ffftf	1 2 1 1 2 3 1 5 5 1 4 1 ffffft
121121fft	1123224234fffft	1 2 1 1 2 3 1 4 5 1 4 5 ffffft
121121fft	1123224234ffftf	1 2 1 1 2 3 1 5 5 4 4 1 ffffft
121121fft	1123224242fffft	1 2 1 1 2 3 1 4 5 1 5 1 ffffft
121121fft	1123224422fffft	1 2 1 1 2 3 1 4 5 5 1 1 ffffft
121121fft	1123224432fffft	1 2 1 1 2 3 1 4 5 5 4 1 ffffft
121121fft	1123224432ffftf	1 2 1 1 2 3 1 5 5 1 4 4 ffffft
121121fft	1123324444ffftf	1 2 1 1 2 3 4 5 5 4 1 1 ffffft
121121fft	1123344244ffftf	1 2 1 1 2 3 4 5 5 1 1 4 ffffft
121121fft	1123344444ffftf	1 2 1 1 2 3 4 5 5 1 1 1 ffffft
121121fft	1211131411fffft	1 2 1 1 2 3 1 4 1 5 1 1 ffffft
121121fft	1211131421fffft	1 2 1 1 2 3 1 4 1 5 3 1 ffffft
121121fft	1211131421ffftf	1 2 1 1 2 4 4 1 1 5 1 3 ffffft
121121fft	1211131421fftff	1 3 1 1 1 4 3 5 5 1 1 2 ffffft
121121fft	1211131431fffft	1 2 1 1 2 3 1 4 1 5 4 1 ffffft
121121fft	1211131431ffftf	1 2 1 1 2 3 1 5 5 1 1 4 ffffft
121121fft	1211131441fffft	1 2 1 1 2 3 1 4 1 5 5 1 ffffft
121121fft	1211132411fffft	1 2 1 1 2 3 1 4 3 5 1 1 ffffft
121121fft	1211132431fffft	1 2 1 1 2 3 1 4 3 5 4 1 ffffft
121121fft	1211132431ffftf	1 2 1 1 2 3 1 5 5 1 3 4 ffffft
121121fft	1211132431fftff	1 3 1 1 4 1 3 5 5 2 1 4 ffffft
121121fft	1211132441fffft	1 2 1 1 2 3 1 4 3 5 5 1 ffffft
121121fft	1211133411fffft	1 2 1 1 2 3 1 4 4 5 1 1 ffffft
121121fft	1211133421fffft	1 2 1 1 2 3 1 4 4 5 3 1 ffffft
121121fft	1211133421ffftf	1 2 1 1 2 4 4 1 1 5 5 3 ffffft
121121fft	1211133421fftff	1 3 1 1 2 4 3 5 5 1 1 2 ffffft
121121fft	1211133441fffft	1 2 1 1 2 3 1 4 4 5 5 1 ffffft
121121fft	1211134111fffft	1 2 1 1 2 3 1 4 5 1 1 1 ffffft
121121fft	1211134111ffftt	1 2 1 1 2 3 1 4 5 1 1 1 fffftt
121121fft	1211134111fftft	1 2 1 1 2 4 5 1 1 3 1 1 fffftt
121121fft	1211134113fffft	1 2 1 1 2 3 1 4 5 1 1 4 ffffft
121121fft	1211134113ffftt	1 2 1 1 2 3 1 4 5 1 1 4 fffftt
121121fft	1211134114fffft	1 2 1 1 2 3 1 4 5 1 1 5 ffffft
121121fft	1211134121fffft	1 2 1 1 2 3 1 4 5 1 3 1 ffffft
121121fft	1211134121ffftf	1 2 1 1 2 4 4 1 1 5 3 1 ffffft
121121fft	1211134121ffftt	1 2 1 1 2 3 1 4 5 1 3 1 fffftt
121121fft	1211134121fftff	1 3 1 1 4 1 3 5 5 1 1 2 ffffft
121121fft	1211134121fftft	1 2 1 1 2 4 5 1 1 3 4 1 fffftt
121121fft	1211134123fffft	1 2 1 1 2 3 1 4 5 1 3 4 ffffft
121121fft	1211134123ffftf	1 2 1 1 2 3 1 5 3 5 4 1 ffffft
121121fft	1211134123ffftt	1 2 1 1 2 3 1 4 5 1 3 4 fffftt
121121fft	1211134123fftff	1 3 1 1 4 1 3 5 5 2 1 2 ffffft
121121fft	1211134123fftft	1 2 1 1 2 4 5 1 1 3 4 3 fffftt
121121fft	1211134124fffft	1 2 1 1 2 3 1 4 5 1 3 5 ffffft
121121fft	1211134124ffftf	1 2 1 1 2 4 4 3 1 5 3 1 ffffft
121121fft	1211134124fftff	1 3 1 1 4 1 3 5 5 4 1 2 ffffft
121121fft	1211134131fffft	1 2 1 1 2 3 1 4 5 1 4 1 ffffft
121121fft	1211134131ffftf	1 2 1 1 2 3 1 5 5 1 4 1 ffffft
121121fft	1211134131fftft	1 2 1 1 2 4 5 1 1 3 3 1 fffftt
121121fft	1211134133fffft	1 2 1 1 2 3 1 4 5 1 4 4 ffffft
121121fft	1211134133ffftf	1 2 1 1 2 3 1 5 5 5 4 1 ffffft
121121fft	1211134133ffftt	1 2 1 1 2 3 1 4 5 1 4 4 fffftt
121121fft	1211134133fftft	1 2 1 1 2 4 5 1 1 3 3 3 fffftt
121121fft	1211134134fffft	1 2 1 1 2 3 1 4 5 1 4 5 ffffft
121121fft	1211134134ffftf	1 2 1 1 2 3 1 5 5 4 4 1 ffffft
121121fft	1211134141fffft	1 2 1 1 2 3 1 4 5 1 5 1 ffffft
121121fft	1211134141fftft	1 2 1 1 2 4 5 1 1 3 5 1 fffftt
121121fft	1211134143fffft	1 2 1 1 2 3 1 4 5 1 5 4 ffffft
121121fft	1211134143ffftf	1 2 1 1 2 3 1 5 4 5 4 1 ffffft
121121fft	1211134143ffftt	1 2 1 1 2 3 1 4 5 1 5 4 fffftt
121121fft	1211134143fftft	1 2 1 1 2 4 5 1 1 3 5 3 fffftt
121121fft	1211134411fffft	1 2 1 1 2 3 1 4 5 5 1 1 ffffft
121121fft	1211134421fffft	1 2 1 1 2 3 1 4 5 5 3 1 ffffft
121121fft	1211134421ffftf	1 2 1 1 2 4 4 1 1 5 3 3 ffffft
121121fft	1211134421fftff	1 3 1 1 4 4 3 5 5 1 1 2 ffffft
121121fft	1211134431fffft	1 2 1 1 2 3 1 4 5 5 4 1 ffffft
121121fft	1211134431ffftf	1 2 1 1 2 3 1 5 5 1 4 4 ffffft
121121fft	1211231411fffft	1 2 1 1 2 3 3 4 1 5 1 1 ffffft
121121fft	1211231431fffft	1 2 1 1 2 3 3 4 1 5 4 1 ffffft
121121fft	1211231431ffftf	1 2 1 1 2 3 3 5 5 1 1 4 ffffft
121121fft	1211231441fffft	1 2 1 1 2 3 3 4 1 5 5 1 ffffft
121121fft	1211233411fffft	1 2 1 1 2 3 3 4 4 5 1 1 ffffft
121121fft	1211233441fffft	1 2 1 1 2 3 3 4 4 5 5 1 ffffft
121121fft	1211234111fffft	1 2 1 1 2 3 3 4 5 1 1 1 ffffft
121121fft	1211234111ffftt	1 2 1 1 2 3 3 4 5 1 1 1 fffftt
121121fft	1211234114fffft	1 2 1 1 2 3 3 4 5 1 1 5 ffffft
121121fft	1211234131fffft	1 2 1 1 2 3 3 4 5 1 4 1 ffffft
121121fft	1211234131ffftf	1 2 1 1 2 3 3 5 5 1 4 1 ffffft
121121fft	1211234134fffft	1 2 1 1 2 3 3 4 5 1 4 5 ffffft
121121fft	1211234134ffftf	1 2 1 1 2 3 3 5 5 4 4 1 ffffft
121121fft	1211234141fffft	1 2 1 1 2 3 3 4 5 1 5 1 ffffft
121121fft	1211234411fffft	1 2 1 1 2 3 3 4 5 5 1 1 ffffft
121121fft	1211234431fffft	1 2 1 1 2 3 3 4 5 5 4 1 ffffft
121121fft	1211234431ffftf	1 2 1 1 2 3 3 5 5 1 4 4 ffffft
121121fft	1211311411fffft	1 2 1 1 2 3 4 1 1 5 1 1 ffffft
121121fft	1211311411ffftt	1 2 1 1 2 3 4 1 1 5 1 1 fffftt
121121fft	1211311413fffft	1 2 1 1 2 3 4 1 1 5 1 4 ffffft
121121fft	1211311413ffftf	1 2 1 1 2 3 5 1 1 5 1 4 ffffft
121121fft	1211311414fffft	1 2 1 1 2 3 4 1 1 5 1 5 ffffft
121121fft	1211311421fffft	1 2 1 1 2 3 4 1 1 5 3 1 ffffft
121121fft	1211311421ffftf	1 2 1 1 2 4 4 1 5 1 1 3 ffffft
121121fft	1211311421ffftt	1 2 1 1 2 3 4 1 1 5 3 1 fffftt
121121fft	1211311421fftff	1 3 1 1 1 4 3 5 5 1 2 1 ffffft
121121fft	1211311423fffft	1 2 1 1 2 3 4 1 1 5 3 4 ffffft
121121fft	1211311423ffftf	1 2 1 1 2 3 5 1 3 5 1 4 ffffft
121121fft	1211311423ffftt	1 2 1 1 2 3 4 1 1 5 3 4 fffftt
121121fft	1211311423fftff	1 3 1 1 1 4 3 5 5 2 2 1 ffffft
121121fft	1211311424fffft	1 2 1 1 2 3 4 1 1 5 3 5 ffffft
121121fft	1211311424ffftf	1 2 1 1 2 4 4 3 5 1 1 3 ffffft
121121fft	1211311424ffftt	1 2 1 1 2 3 4 1 1 5 3 5 fffftt
121121fft	1211311424fftff	1 3 1 1 1 4 3 5 5 4 2 1 ffffft
121121fft	1211311441fffft	1 2 1 1 2 3 4 1 1 5 5 1 ffffft
121121fft	1211311443fffft	1 2 1 1 2 3 4 1 1 5 5 4 ffffft
121121fft	1211311443ffftf	1 2 1 1 2 3 5 1 4 5 1 4 ffffft
121121fft	1211312411fffft	1 2 1 1 2 3 4 1 3 5 1 1 ffffft
121121fft	1211312411ffftt	1 2 1 1 2 3 4 1 3 5 1 1 fffftt
121121fft	1211312413fffft	1 2 1 1 2 3 4 1 3 5 1 4 ffffft
121121fft	1211312413ffftf	1 2 1 1 2 3 5 1 1 5 3 4 ffffft
121121fft	1211312413ffftt	1 2 1 1 2 3 4 1 3 5 1 4 fffftt
121121fft	1211312413fftff	1 3 1 1 1 4 3 5 5 2 4 1 ffffft
121121fft	1211312414fffft	1 2 1 1 2 3 4 1 3 5 1 5 ffffft
121121fft	1211312414ffftt	1 2 1 1 2 3 4 1 3 5 1 5 fffftt
121121fft	1211312421fffft	1 2 1 1 2 3 4 1 3 5 3 1 ffffft
121121fft	1211312421ffftf	1 2 1 1 2 4 4 1 5 1 4 3 ffffft
121121fft	1211312421ffftt	1 2 1 1 2 3 4 1 3 5 3 1 fffftt
121121fft	1211312421fftff	1 2 1 1 2 5 5 4 5 1 3 1 ffffft
121121fft	1211312423fffft	1 2 1 1 2 3 4 1 3 5 3 4 ffffft
121121fft	1211312423ffftf	1 2 1 1 2 3 5 1 3 5 3 4 ffffft
121121fft	1211312424fffft	1 2 1 1 2 3 4 1 3 5 3 5 ffffft
121121fft	1211312424ffftf	1 2 1 1 2 4 4 3 5 1 4 3 ffffft
121121fft	1211312441fffft	1 2 1 1 2 3 4 1 3 5 5 1 ffffft
121121fft	1211312443fffft	1 2 1 1 2 3 4 1 3 5 5 4 ffffft
121121fft	1211312443ffftf	1 2 1 1 2 3 5 1 4 5 3 4 ffffft
121121fft	1211312443fftff	1 3 1 1 2 4 3 5 5 2 4 1 ffffft
121121fft	1211313411fffft	1 2 1 1 2 3 4 1 4 5 1 1 ffffft
121121fft	1211313411ffftt	1 2 1 1 2 3 4 1 4 5 1 1 fffftt
121121fft	1211313414fffft	1 2 1 1 2 3 4 1 4 5 1 5 ffffft
121121fft	1211313414ffftt	1 2 1 1 2 3 4 1 4 5 1 5 fffftt
121121fft	1211313441fffft	1 2 1 1 2 3 4 1 4 5 5 1 ffffft
121121fft	1211314111fffft	1 2 1 1 2 3 4 1 5 1 1 1 ffffft
121121fft	1211314111ffftt	1 2 1 1 2 3 4 1 5 1 1 1 fffftt
121121fft	1211314111fftft	1 2 1 1 2 4 5 1 3 1 1 1 fffftt
121121fft	1211314111ffttt	1 2 1 1 2 3 4 1 5 1 1 1 fffttt
121121fft	1211314113fffft	1 2 1 1 2 3 4 1 5 1 1 4 ffffft
121121fft	1211314113ffftf	1 2 1 1 2 3 5 1 1 5 4 1 ffffft
121121fft	1211314113fftft	1 2 1 1 2 4 5 1 3 1 1 3 fffftt
121121fft	1211314114fffft	1 2 1 1 2 3 4 1 5 1 1 5 ffffft
121121fft	1211314114ffftt	1 2 1 1 2 3 4 1 5 1 1 5 fffftt
121121fft	1211314121fffft	1 2 1 1 2 3 4 1 5 1 3 1 ffffft
121121fft	1211314121ffftf	1 2 1 1 2 4 4 1 5 1 3 1 ffffft
121121fft	1211314121ffftt	1 2 1 1 2 3 4 1 5 1 3 1 fffftt
121121fft	1211314121fftff	1 3 1 1 4 1 3 5 5 1 2 1 ffffft
121121fft	1211314121fftft	1 2 1 1 2 4 5 1 3 1 4 1 fffftt
121121fft	1211314121ffttf	1 2 1 1 2 4 4 1 5 1 3 1 fffftt
121121fft	1211314123fffft	1 2 1 1 2 3 4 1 5 1 3 4 ffffft
121121fft	1211314123ffftf	1 2 1 1 2 3 5 1 3 5 4 1 ffffft
121121fft	1211314123fftff	1 3 1 1 4 1 3 5 5 2 2 1 ffffft
121121fft	1211314124fffft	1 2 1 1 2 3 4 1 5 1 3 5 ffffft
121121fft	1211314124ffftf	1 2 1 1 2 4 4 3 5 1 3 1 ffffft
121121fft	1211314124fftff	1 3 1 1 4 1 3 5 5 4 2 1 ffffft
121121fft	1211314131fffft	1 2 1 1 2 3 4 1 5 1 4 1 ffffft
121121fft	1211314131ffttf	1 2 1 1 2 4 5 1 5 1 3 1 fffftt
121121fft	1211314133fffft	1 2 1 1 2 3 4 1 5 1 4 4 ffffft
121121fft	1211314133ffftf	1 2 1 1 2 3 5 1 5 5 4 1 ffffft
121121fft	1211314133fftft	1 2 1 1 2 4 5 1 3 1 3 3 fffftt
121121fft	1211314141fffft	1 2 1 1 2 3 4 1 5 1 5 1 ffffft
121121fft	1211314141fftft	1 2 1 1 2 4 5 1 3 1 5 1 fffftt
121121fft	1211314311fffft	1 2 1 1 2 3 4 1 5 4 1 1 ffffft
121121fft	1211314311fftft	1 2 1 1 2 4 5 3 3 1 1 1 fffftt
121121fft	1211314314fffft	1 2 1 1 2 3 4 1 5 4 1 5 ffffft
121121fft	1211314321fffft	1 2 1 1 2 3 4 1 5 4 3 1 ffffft
121121fft	1211314321ffftf	1 2 1 1 2 4 4 1 5 1 3 5 ffffft
121121fft	1211314321fftff	1 3 1 1 4 2 3 5 5 1 2 1 ffffft
121121fft	1211314324fffft	1 2 1 1 2 3 4 1 5 4 3 5 ffffft
121121fft	1211314324ffftf	1 2 1 1 2 4 4 3 5 1 3 5 ffffft
121121fft	1211314324fftff	1 3 1 1 4 2 3 5 5 4 2 1 ffffft
121121fft	1211314331fffft	1 2 1 1 2 3 4 1 5 4 4 1 ffffft
121121fft	1211314411fffft	1 2 1 1 2 3 4 1 5 5 1 1 ffffft
121121fft	1211314411ffftt	1 2 1 1 2 3 4 1 5 5 1 1 fffftt
121121fft	1211314413fffft	1 2 1 1 2 3 4 1 5 5 1 4 ffffft
121121fft	1211314413ffftf	1 2 1 1 2 3 5 1 1 5 4 4 ffffft
121121fft	1211314414fffft	1 2 1 1 2 3 4 1 5 5 1 5 ffffft
121121fft	1211314414ffftt	1 2 1 1 2 3 4 1 5 5 1 5 fffftt
121121fft	1211314421fffft	1 2 1 1 2 3 4 1 5 5 3 1 ffffft
121121fft	1211314421ffftf	1 2 1 1 2 4 4 1 5 1 3 3 ffffft
121121fft	1211314421fftff	1 3 1 1 4 4 3 5 5 1 2 1 ffffft
121121fft	1211314423fffft	1 2 1 1 2 3 4 1 5 5 3 4 ffffft
121121fft	1211314423ffftf	1 2 1 1 2 3 5 1 3 5 4 4 ffffft
121121fft	1211314423fftff	1 3 1 1 4 4 3 5 5 2 2 1 ffffft
121121fft	1211331411fffft	1 2 1 1 2 3 4 4 1 5 1 1 ffffft
121121fft	1211331421fffft	1 2 1 1 2 3 4 4 1 5 3 1 ffffft
121121fft	1211331421ffftf	1 2 1 1 2 4 4 1 5 5 1 3 ffffft
121121fft	1211331421fftff	1 3 1 1 1 4 3 5 5 1 2 2 ffffft
121121fft	1211331441fffft	1 2 1 1 2 3 4 4 1 5 5 1 ffffft
121121fft	1211332411fffft	1 2 1 1 2 3 4 4 3 5 1 1 ffffft
121121fft	1211332441fffft	1 2 1 1 2 3 4 4 3 5 5 1 ffffft
121121fft	1211334111fffft	1 2 1 1 2 3 4 4 5 1 1 1 ffffft
121121fft	1211334111fftft	1 2 1 1 2 4 5 1 3 3 1 1 fffftt
121121fft	1211334113fffft	1 2 1 1 2 3 4 4 5 1 1 4 ffffft
121121fft	1211334113ffftf	1 2 1 1 2 3 5 5 1 5 4 1 ffffft
121121fft	1211334113fftft	1 2 1 1 2 4 5 1 3 3 1 3 fffftt
121121fft	1211334114fffft	1 2 1 1 2 3 4 4 5 1 1 5 ffffft
121121fft	1211334121fffft	1 2 1 1 2 3 4 4 5 1 3 1 ffffft
121121fft	1211334121ffftf	1 2 1 1 2 4 4 1 5 5 3 1 ffffft
121121fft	1211334121fftff	1 3 1 1 4 1 3 5 5 1 2 2 ffffft
121121fft	1211334124fffft	1 2 1 1 2 3 4 4 5 1 3 5 ffffft
121121fft	1211334124ffftf	1 2 1 1 2 4 4 3 5 5 3 1 ffffft
121121fft	1211334124fftff	1 3 1 1 4 1 3 5 5 4 2 2 ffffft
121121fft	1211334131fffft	1 2 1 1 2 3 4 4 5 1 4 1 ffffft
121121fft	1211334131ffftf	1 2 1 1 2 3 5 5 5 1 4 1 ffffft
121121fft	1211334131fftft	1 2 1 1 2 4 5 1 3 3 3 1 fffftt
121121fft	1211334133fffft	1 2 1 1 2 3 4 4 5 1 4 4 ffffft
121121fft	1211334411fffft	1 2 1 1 2 3 4 4 5 5 1 1 ffffft
121121fft	1211334421fffft	1 2 1 1 2 3 4 4 5 5 3 1 ffffft
121121fft	1211334421ffftf	1 2 1 1 2 4 4 1 5 5 3 3 ffffft
121121fft	1211334421fftff	1 3 1 1 4 4 3 5 5 1 2 2 ffffft
121121fft	1211341113ffftf	1 2 1 1 2 3 5 4 1 5 1 1 ffffft
121121fft	1211341121ffftf	1 2 1 1 2 4 4 1 5 3 1 1 ffffft
121121fft	1211341121ffftt	1 2 1 1 2 3 4 5 1 1 3 1 fffftt
121121fft	1211341123ffftf	1 2 1 1 2 3 5 4 3 5 1 1 ffffft
121121fft	1211341143ffftf	1 2 1 1 2 3 5 4 4 5 1 1 ffffft
121121fft	1211341321ffftf	1 2 1 1 2 4 4 1 5 3 1 5 ffffft
121121fft	1211341411fffft	1 2 1 1 2 3 4 5 1 5 1 1 ffffft
121121fft	1211341411ffftt	1 2 1 1 2 3 4 5 1 5 1 1 fffftt
121121fft	1211341441fffft	1 2 1 1 2 3 4 5 1 5 5 1 ffffft
121121fft	1211342111fffft	1 2 1 1 2 4 4 1 3 5 1 1 ffffft
121121fft	1211342111ffftt	1 2 1 1 2 3 4 5 3 1 1 1 fffftt
121121fft	1211342113fffft	1 2 1 1 2 4 4 1 3 5 1 3 ffffft
121121fft	1211342113ffftf	1 2 1 1 2 3 5 4 1 5 3 1 ffffft
121121fft	1211342113fftff	1 3 1 1 1 4 3 5 5 1 4 2 ffffft
121121fft	1211342121fffft	1 2 1 1 2 4 4 1 3 5 4 1 ffffft
121121fft	1211342121ffftf	1 2 1 1 2 4 4 1 5 3 4 1 ffffft
121121fft	1211342141fffft	1 2 1 1 2 4 4 1 3 5 5 1 ffffft
121121fft	1211342143fffft	1 2 1 1 2 4 4 1 3 5 5 3 ffffft
121121fft	1211342143ffftf	1 2 1 1 2 3 5 4 4 5 3 1 ffffft
121121fft	1211342143fftff	1 3 1 1 2 4 3 5 5 1 4 2 ffffft
121121fft	1211342311fffft	1 2 1 1 2 4 4 3 3 5 1 1 ffffft
121121fft	1211342341fffft	1 2 1 1 2 4 4 3 3 5 5 1 ffffft
121121fft	1211342411ffftt	1 2 1 1 2 3 4 5 3 5 1 1 fffftt
121121fft	1211343111ffftt	1 2 1 1 2 3 4 5 4 1 1 1 fffftt
121121fft	1211343411ffftt	1 2 1 1 2 3 4 5 4 5 1 1 fffftt
121121fft	1211344111fffft	1 2 1 1 2 3 4 5 5 1 1 1 ffffft
121121fft	1211344111ffftt	1 2 1 1 2 3 4 5 5 1 1 1 fffftt
121121fft	1211344113fffft	1 2 1 1 2 3 4 5 5 1 1 4 ffffft
121121fft	1211344113ffftf	1 2 1 1 2 3 5 4 1 5 4 1 ffffft
121121fft	1211344121fffft	1 2 1 1 2 3 4 5 5 1 3 1 ffffft
121121fft	1211344121ffftf	1 2 1 1 2 4 4 1 5 3 3 1 ffffft
121121fft	1211344121fftff	1 3 1 1 4 1 3 5 5 1 2 4 ffffft
121121fft	1211344123fffft	1 2 1 1 2 3 4 5 5 1 3 4 ffffft
121121fft	1211344123ffftf	1 2 1 1 2 3 5 4 3 5 4 1 ffffft
121121fft	1211344123fftff	1 3 1 1 4 1 3 5 5 2 2 4 ffffft
121121fft	1211344311fffft	1 2 1 1 2 3 4 5 5 4 1 1 ffffft
121121fft	1211344321fffft	1 2 1 1 2 3 4 5 5 4 3 1 ffffft
121121fft	1211344321ffftf	1 2 1 1 2 4 4 1 5 3 3 5 ffffft
121121fft	1211344321fftff	1 3 1 1 4 2 3 5 5 1 2 4 ffffft
121121fft	1211344411fffft	1 2 1 1 2 3 4 5 5 5 1 1 ffffft
121121fft	1211344411ffftt	1 2 1 1 2 3 4 5 5 5 1 1 fffftt
121121fft	1223314444ffftf	1 2 1 1 2 4 4 5 5 3 1 1 ffffft
121121fft	1223343331fffft	1 2 1 1 2 4 4 1 1 5 1 3 ffffft
121121fft	1223343331fftff	1 3 1 1 1 4 3 5 5 1 1 2 ffffft
121121fft	1223343331ftfff	1 2 1 1 2 3 1 4 1 5 3 1 ffffft
121121fft	1223343341fffft	1 2 1 1 2 4 4 1 1 5 5 3 ffffft
121121fft	1223343341fftff	1 3 1 1 2 4 3 5 5 1 1 2 ffffft
121121fft	1223343341ftfff	1 2 1 1 2 3 1 4 4 5 3 1 ffffft
121121fft	1223344144ffftf	1 2 1 1 2 4 4 5 5 1 1 3 ffffft
121121fft	1223344144fftff	1 3 1 1 1 4 3 5 5 2 2 1 ffffft
121121fft	1223344144ftfff	1 2 1 1 2 3 4 1 1 5 3 4 ffffft
121121fft	1223413333fffft	1 2 1 1 2 4 4 1 5 3 1 1 ffffft
121121fft	1223413334fffft	1 2 1 1 2 4 4 1 5 3 1 5 ffffft
121121fft	1223433331fffft	1 2 1 1 2 4 4 1 5 1 1 3 ffffft
121121fft	1223433331fftff	1 3 1 1 1 4 3 5 5 1 2 1 ffffft
121121fft	1223433331ftfff	1 2 1 1 2 3 4 1 1 5 3 1 ffffft
121121fft	1223443331fffft	1 2 1 1 2 4 4 1 5 5 1 3 ffffft
121121fft	1223443331fftff	1 3 1 1 1 4 3 5 5 1 2 2 ffffft
121121fft	1223443331ftfff	1 2 1 1 2 3 4 4 1 5 3 1 ffffft
121121fft	1233343321ftfff	1 2 1 1 2 3 1 4 3 5 1 1 ffffft
121121fft	1233343331ftfff	1 2 1 1 2 3 1 4 1 5 1 1 ffffft
121121fft	1233343341ftfff	1 2 1 1 2 3 1 4 4 5 1 1 ffffft
121121fft	1233433321ftfff	1 2 1 1 2 3 4 1 3 5 1 1 ffffft
121121fft	1233433331ftfff	1 2 1 1 2 3 4 1 1 5 1 1 ffffft
121121fft	1233433341ftfff	1 2 1 1 2 3 4 1 4 5 1 1 ffffft
121121fft	1234432144ffftf	1 2 1 1 2 4 5 1 1 5 4 3 ffffft
121121fft	1234432144fftff	1 3 1 1 4 1 3 5 5 2 1 4 ffffft
121121fft	1234433321fffft	1 2 1 1 2 4 1 5 5 1 4 3 ffffft
121121fft	1234433321fftff	1 3 1 1 1 4 3 5 5 2 4 1 ffffft
