11223333fftf	1111tf	2 2 1 1 3 3 1 1 ffft
11232222ffft	1111tf	2 2 1 1 1 3 1 1 ffft
11232232ffft	1111tf	2 2 1 1 1 3 3 1 ffft
12111311ffft	1111tf	1 2 1 1 1 3 1 1 ffft
12111321ffft	1111tf	1 2 1 1 1 3 2 1 ffft
12111321fftf	1111tf	1 3 1 1 3 1 1 2 ffft
12111331ffft	1111tf	1 2 1 1 1 3 3 1 ffft
12112311ffft	1111tf	1 2 1 1 2 3 1 1 ffft
12112331ffft	1111tf	1 2 1 1 2 3 3 1 ffft
12113111ffft	1111tf	1 2 1 1 3 1 1 1 ffft
12113111fftt	1111tf	1 2 1 1 3 1 1 1 fftt
12113113ffft	1111tf	1 2 1 1 3 1 1 3 ffft
12113121ffft	1111tf	1 2 1 1 3 1 2 1 ffft
12113121fftf	1111tf	1 3 1 1 3 1 2 1 ffft
12113123ffft	1111tf	1 2 1 1 3 1 2 3 ffft
12113123fftf	1111tf	1 3 1 1 3 2 2 1 ffft
12113131ffft	1111tf	1 2 1 1 3 1 3 1 ffft
12113311ffft	1111tf	1 2 1 1 3 3 1 1 ffft
12113321ffft	1111tf	1 2 1 1 3 3 2 1 ffft
12113321fftf	1111tf	1 3 1 1 3 1 2 2 ffft
12213333fftf	1111tf	1 3 3 1 2 2 2 2 ffft
12233133fftf	1111tf	1 3 3 2 2 2 2 1 ffft
12233333fftf	1111tf	1 3 3 2 2 2 2 2 ffft
