1211134123fftff	1211312443fftff	1 8 1 1 3 1 8 2 8 6 5 9 7 9 8 10 1 12 11 5 13 5 9 1 4 1 8 2 fffffffffffttt
1211134123fftff	1211314324fftff	1 8 1 1 4 1 7 6 8 2 8 3 9 6 8 10 1 12 11 9 13 9 6 1 5 1 8 2 fffffffffffttt
1211134123fftff	1211334421fffft	1 4 1 1 3 1 4 2 1 6 8 8 10 8 4 9 11 11 13 11 4 12 5 1 7 1 4 2 fffffffffffttt
1211134123fftff	1211342341fffft	1 5 1 1 3 1 5 2 5 7 1 9 8 6 10 6 6 11 4 11 5 12 11 1 13 1 5 2 fffffffffffttt
1211311424ffftf	1211332441fffft	1 3 1 1 3 2 4 1 1 6 8 8 9 10 4 8 5 11 4 11 7 12 11 1 13 2 4 1 fffffffffffttt
1211311424ffftf	1211334421fffft	1 3 1 1 3 2 4 1 1 7 8 8 4 8 10 9 11 11 12 13 4 11 5 1 4 1 6 2 fffffffffffttt
1211311424ffftf	1211342143ffftf	1 3 1 1 3 2 4 1 1 7 4 8 11 8 12 9 8 11 10 13 4 11 6 1 4 1 5 2 fffffffffffttt
1211311424ffftf	1211344123ffftf	1 3 1 1 3 2 4 1 1 7 4 8 11 8 13 10 6 11 4 11 5 12 8 1 9 2 4 1 fffffffffffttt
1211312413fffft	1211314123fffft	1 2 1 1 3 1 2 4 1 7 8 1 9 1 10 4 11 1 12 4 13 1 5 8 7 8 6 4 fffffffffffttt
1211312413fffft	1211314123ffftf	1 2 1 1 3 1 2 4 1 8 7 4 11 1 12 1 13 4 6 11 8 11 9 1 10 4 5 1 fffffffffffttt
1211312413fffft	1211314123fftff	1 2 1 1 3 1 2 7 8 1 10 1 9 7 1 13 11 4 13 4 12 7 4 1 6 1 5 7 fffffffffffttt
1211312413fffft	1211314124fffft	1 2 1 1 3 1 2 4 1 7 8 1 9 1 10 4 11 1 12 4 13 1 5 11 7 11 6 4 fffffffffffttt
1211312413fffft	1211314124ffftf	1 2 1 1 3 1 2 4 1 10 8 5 10 5 9 4 11 1 13 1 12 4 5 1 7 1 6 4 fffffffffffttt
1211312413fffft	1211314124fftff	1 2 1 1 3 1 2 7 8 1 10 1 9 7 1 13 11 8 13 8 12 7 4 1 6 1 5 7 fffffffffffttt
1211312413fffft	1211314321fffft	1 2 1 1 3 1 2 4 1 6 8 1 9 4 10 1 11 8 13 8 12 4 5 1 6 1 7 4 fffffffffffttt
1211312413fffft	1211314321ffftf	1 2 1 1 3 1 2 4 1 9 8 1 9 1 10 4 11 1 12 4 13 1 5 11 7 11 6 4 fffffffffffttt
1211312413fffft	1211314321fftff	1 2 1 1 3 1 2 7 8 4 10 4 9 7 1 13 11 1 13 1 12 7 4 1 6 1 5 7 fffffffffffttt
1211312413fffft	1211314324fffft	1 2 1 1 3 1 2 4 1 7 8 1 10 1 9 4 11 8 13 8 12 4 5 11 7 11 6 4 fffffffffffttt
1211312413fffft	1211314324ffftf	1 2 1 1 3 1 2 4 1 9 8 5 9 5 10 4 11 1 12 4 13 1 5 11 7 11 6 4 fffffffffffttt
1211312413fffft	1211314324fftff	1 2 1 1 3 1 2 7 8 4 10 4 9 7 1 13 11 8 13 8 12 7 4 1 6 1 5 7 fffffffffffttt
1211312413fffft	1211314421fffft	1 2 1 1 3 1 2 4 1 6 8 1 9 4 10 1 11 11 13 11 12 4 5 1 6 1 7 4 fffffffffffttt
1211312413fffft	1211314421ffftf	1 2 1 1 3 1 2 4 1 10 8 1 10 1 9 4 11 1 13 1 12 4 5 5 7 5 6 4 fffffffffffttt
1211312413fffft	1211314421fftff	1 2 1 1 3 1 2 7 8 8 10 8 9 7 1 13 11 1 13 1 12 7 4 1 6 1 5 7 fffffffffffttt
1211312413fffft	1211314423fffft	1 2 1 1 3 1 2 4 1 6 8 1 9 4 10 1 11 11 13 11 12 4 5 8 6 8 7 4 fffffffffffttt
1211312413fffft	1211314423ffftf	1 2 1 1 3 1 2 4 1 8 7 4 11 1 13 1 12 4 6 11 8 11 9 9 5 9 10 4 fffffffffffttt
1211312413fffft	1211314423fftff	1 2 1 1 3 1 2 7 8 8 10 8 9 7 1 13 11 4 13 4 12 7 4 1 6 1 5 7 fffffffffffttt
1211312413fffft	1211334121fffft	1 2 1 1 3 1 2 4 1 7 8 8 10 8 9 4 11 1 12 1 13 4 5 1 6 4 7 1 fffffffffffttt
1211312413fffft	1211334121ffftf	1 2 1 1 3 1 2 4 1 10 8 1 9 4 10 1 11 11 13 11 12 4 5 1 6 1 7 4 fffffffffffttt
1211312413fffft	1211334121fftff	1 2 1 1 3 1 2 7 8 1 10 1 9 7 1 13 11 1 13 1 12 7 4 4 6 4 5 7 fffffffffffttt
1211312413fffft	1211334124fffft	1 2 1 1 3 1 2 4 1 7 8 8 9 8 10 4 11 1 12 4 13 1 5 11 7 11 6 4 fffffffffffttt
1211312413fffft	1211334124ffftf	1 2 1 1 3 1 2 4 1 10 8 5 9 4 10 5 11 11 13 11 12 4 5 1 6 1 7 4 fffffffffffttt
1211312413fffft	1211334124fftff	1 2 1 1 3 1 2 7 8 1 10 1 9 7 1 13 11 8 13 8 12 7 4 4 6 4 5 7 fffffffffffttt
1211312413fffft	1211334421fffft	1 2 1 1 3 1 2 4 1 7 8 8 10 8 9 4 11 11 13 11 12 4 5 1 7 1 6 4 fffffffffffttt
1211312413fffft	1211334421ffftf	1 2 1 1 3 1 2 4 1 10 8 1 9 4 10 1 11 11 13 11 12 4 5 5 6 5 7 4 fffffffffffttt
1211312413fffft	1211334421fftff	1 2 1 1 3 1 2 7 8 8 10 8 9 7 1 13 11 1 13 1 12 7 4 4 6 4 5 7 fffffffffffttt
1211312413fffft	1211344121fffft	1 2 1 1 3 1 2 4 1 5 9 4 8 11 10 11 11 1 12 1 13 4 6 1 7 4 5 1 fffffffffffttt
1211312413fffft	1211344121ffftf	1 2 1 1 3 1 2 4 1 10 8 1 10 1 9 4 11 5 13 5 12 4 5 1 7 1 6 4 fffffffffffttt
1211312413fffft	1211344121fftff	1 2 1 1 3 1 2 7 8 1 10 1 9 7 1 13 11 1 13 1 12 7 4 8 6 8 5 7 fffffffffffttt
1211312413fffft	1211344123fffft	1 2 1 1 3 1 2 4 1 5 9 4 8 11 10 11 11 1 13 1 12 4 6 8 5 8 7 4 fffffffffffttt
1211312413fffft	1211344123ffftf	1 2 1 1 3 1 2 4 1 8 7 4 11 9 12 9 13 4 6 11 8 11 9 1 10 4 5 1 fffffffffffttt
1211312413fffft	1211344123fftff	1 2 1 1 3 1 2 7 8 1 10 1 9 7 1 13 11 4 13 4 12 7 4 8 6 8 5 7 fffffffffffttt
1211312413fffft	1211344321fffft	1 2 1 1 3 1 2 4 1 5 9 4 8 11 10 11 11 8 12 8 13 4 6 1 7 4 5 1 fffffffffffttt
1211312413fffft	1211344321ffftf	1 2 1 1 3 1 2 4 1 9 8 1 9 1 10 4 11 5 12 4 13 5 5 11 7 11 6 4 fffffffffffttt
1211312413fffft	1211344321fftff	1 2 1 1 3 1 2 7 8 4 10 4 9 7 1 13 11 1 13 1 12 7 4 8 6 8 5 7 fffffffffffttt
1211312423fffft	1211314123fffft	1 2 1 1 3 1 2 4 2 7 8 1 9 1 10 4 12 1 13 4 11 1 6 4 5 8 7 8 fffffffffffttt
1211312423fffft	1211314123ffftf	1 2 1 1 3 1 2 5 7 5 2 8 11 1 12 1 13 5 6 11 8 11 9 1 10 5 4 1 fffffffffffttt
1211312423fffft	1211314123fftff	1 2 1 1 3 1 2 7 9 1 8 1 10 7 2 13 12 7 11 4 13 4 4 1 6 1 5 7 fffffffffffttt
1211312423fffft	1211314124fffft	1 2 1 1 3 1 2 4 2 7 8 1 9 1 10 4 12 1 13 4 11 1 6 4 5 12 7 12 fffffffffffttt
1211312423fffft	1211314124ffftf	1 2 1 1 3 1 2 7 9 7 8 5 10 5 2 10 11 1 13 1 12 7 5 1 4 1 6 7 fffffffffffttt
1211312423fffft	1211314124fftff	1 2 1 1 3 1 2 7 9 1 8 1 10 7 2 13 12 7 11 9 13 9 4 1 6 1 5 7 fffffffffffttt
1211312423fffft	1211314321fffft	1 2 1 1 3 1 2 4 2 6 8 1 9 4 10 1 12 8 11 8 13 4 7 4 5 1 6 1 fffffffffffttt
1211312423fffft	1211314321ffftf	1 2 1 1 3 1 2 7 10 7 8 1 9 1 2 9 11 1 12 7 13 1 5 11 4 11 6 7 fffffffffffttt
1211312423fffft	1211314321fftff	1 2 1 1 3 1 2 7 9 4 8 4 10 7 2 13 12 7 11 1 13 1 4 1 6 1 5 7 fffffffffffttt
1211312423fffft	1211314324fffft	1 2 1 1 3 1 2 4 2 7 8 1 10 1 9 4 12 8 11 8 13 4 6 4 5 12 7 12 fffffffffffttt
1211312423fffft	1211314324ffftf	1 2 1 1 3 1 2 7 10 7 8 5 9 5 2 9 11 1 12 7 13 1 5 11 4 11 6 7 fffffffffffttt
1211312423fffft	1211314324fftff	1 2 1 1 3 1 2 7 9 4 8 4 10 7 2 13 12 7 11 9 13 9 4 1 6 1 5 7 fffffffffffttt
1211312423fffft	1211314421fffft	1 2 1 1 3 1 2 4 2 6 8 1 9 4 10 1 12 12 11 12 13 4 7 4 5 1 6 1 fffffffffffttt
1211312423fffft	1211314421ffftf	1 2 1 1 3 1 2 7 9 7 8 1 10 1 2 10 11 1 13 1 12 7 5 5 4 5 6 7 fffffffffffttt
1211312423fffft	1211314421fftff	1 2 1 1 3 1 2 7 9 9 8 9 10 7 2 13 12 7 11 1 13 1 4 1 6 1 5 7 fffffffffffttt
1211312423fffft	1211314423fffft	1 2 1 1 3 1 2 4 2 6 8 1 9 4 10 1 12 12 11 12 13 4 7 4 5 8 6 8 fffffffffffttt
1211312423fffft	1211314423ffftf	1 2 1 1 3 1 2 5 7 5 2 8 11 1 13 1 12 5 6 11 8 11 9 9 4 9 10 5 fffffffffffttt
1211312423fffft	1211314423fftff	1 2 1 1 3 1 2 7 9 9 8 9 10 7 2 13 12 7 11 4 13 4 4 1 6 1 5 7 fffffffffffttt
1211312423fffft	1211334121fffft	1 2 1 1 3 1 2 4 2 7 8 8 10 8 9 4 12 1 11 1 13 4 6 4 5 1 7 1 fffffffffffttt
1211312423fffft	1211334121ffftf	1 2 1 1 3 1 2 6 9 6 8 1 2 10 10 1 11 11 13 11 12 6 5 1 4 1 7 6 fffffffffffttt
1211312423fffft	1211334121fftff	1 2 1 1 3 1 2 7 9 1 8 1 10 7 2 13 12 7 11 1 13 1 4 4 6 4 5 7 fffffffffffttt
1211312423fffft	1211334124fffft	1 2 1 1 3 1 2 4 2 7 8 8 9 8 10 4 12 1 13 4 11 1 6 4 5 12 7 12 fffffffffffttt
1211312423fffft	1211334124ffftf	1 2 1 1 3 1 2 6 9 6 8 5 2 10 10 5 11 11 13 11 12 6 5 1 4 1 7 6 fffffffffffttt
1211312423fffft	1211334124fftff	1 2 1 1 3 1 2 7 9 1 8 1 10 7 2 13 12 7 11 9 13 9 4 4 6 4 5 7 fffffffffffttt
1211312423fffft	1211334421fffft	1 2 1 1 3 1 2 4 2 7 8 8 10 8 9 4 12 12 11 12 13 4 6 4 5 1 7 1 fffffffffffttt
1211312423fffft	1211334421ffftf	1 2 1 1 3 1 2 6 9 6 8 1 2 10 10 1 11 11 13 11 12 6 5 5 4 5 7 6 fffffffffffttt
1211312423fffft	1211334421fftff	1 2 1 1 3 1 2 7 9 9 8 9 10 7 2 13 12 7 11 1 13 1 4 4 6 4 5 7 fffffffffffttt
1211312423fffft	1211344121fffft	1 2 1 1 3 1 2 4 2 5 9 4 8 12 10 12 12 1 11 1 13 4 7 4 6 1 5 1 fffffffffffttt
1211312423fffft	1211344121ffftf	1 2 1 1 3 1 2 7 9 7 8 1 10 1 2 10 11 5 13 5 12 7 5 1 4 1 6 7 fffffffffffttt
1211312423fffft	1211344121fftff	1 2 1 1 3 1 2 7 9 1 8 1 10 7 2 13 12 7 11 1 13 1 4 9 6 9 5 7 fffffffffffttt
1211312423fffft	1211344123fffft	1 2 1 1 3 1 2 4 2 5 9 4 8 12 10 12 12 1 11 1 13 4 7 4 6 8 5 8 fffffffffffttt
1211312423fffft	1211344123ffftf	1 2 1 1 3 1 2 5 7 5 2 8 11 9 12 9 13 5 6 11 8 11 9 1 10 5 4 1 fffffffffffttt
1211312423fffft	1211344123fftff	1 2 1 1 3 1 2 7 9 1 8 1 10 7 2 13 12 7 11 4 13 4 4 9 6 9 5 7 fffffffffffttt
1211312423fffft	1211344321fffft	1 2 1 1 3 1 2 4 2 5 9 4 8 12 10 12 12 8 11 8 13 4 7 4 6 1 5 1 fffffffffffttt
1211312423fffft	1211344321ffftf	1 2 1 1 3 1 2 7 10 7 8 1 9 1 2 9 11 5 12 7 13 5 5 11 4 11 6 7 fffffffffffttt
1211312423fffft	1211344321fftff	1 2 1 1 3 1 2 7 9 4 8 4 10 7 2 13 12 7 11 1 13 1 4 9 6 9 5 7 fffffffffffttt
1211312424ffftf	1211332441fffft	1 3 1 1 3 2 4 1 3 6 8 8 9 10 4 8 5 11 4 11 7 12 11 1 13 2 4 1 fffffffffffttt
1211312424ffftf	1211334421fffft	1 3 1 1 3 2 4 1 3 7 8 8 4 8 10 9 11 11 12 13 4 11 5 1 4 1 6 2 fffffffffffttt
1211312424ffftf	1211342143ffftf	1 3 1 1 3 2 4 1 3 7 4 8 11 8 12 9 8 11 10 13 4 11 6 1 4 1 5 2 fffffffffffttt
1211312424ffftf	1211344123ffftf	1 3 1 1 3 2 4 1 3 7 4 8 11 8 13 10 6 11 4 11 5 12 8 1 9 2 4 1 fffffffffffttt
1211312424ffftf	1223314444ffftf	1 3 1 1 3 2 4 1 7 10 4 6 9 11 4 11 5 12 11 6 13 8 1 1 3 2 4 1 fffffffffffttt
1211312424ffftf	1223343341ftfff	1 3 1 1 3 2 7 1 1 8 3 9 7 8 13 5 8 11 10 12 7 11 4 1 6 2 7 1 fffffffffffttt
1211312424ffftf	1223443331ftfff	1 3 1 1 3 2 7 1 8 8 10 9 7 8 13 5 1 11 3 12 7 11 4 1 6 2 7 1 fffffffffffttt
1211312443fffft	1211314123fffft	1 2 1 1 3 1 2 4 4 7 8 1 9 1 10 4 11 1 12 4 13 1 5 8 7 8 6 4 fffffffffffttt
1211312443fffft	1211314123ffftf	1 2 1 1 3 1 2 4 4 8 7 4 11 1 12 1 13 4 6 11 8 11 9 1 10 4 5 1 fffffffffffttt
1211312443fffft	1211314123fftff	1 2 1 1 3 1 2 7 8 1 10 1 9 7 7 13 11 4 13 4 12 7 4 1 6 1 5 7 fffffffffffttt
1211312443fffft	1211314124fffft	1 2 1 1 3 1 2 4 4 7 8 1 9 1 10 4 11 1 12 4 13 1 5 11 7 11 6 4 fffffffffffttt
1211312443fffft	1211314124ffftf	1 2 1 1 3 1 2 4 4 10 8 5 10 5 9 4 11 1 13 1 12 4 5 1 7 1 6 4 fffffffffffttt
1211312443fffft	1211314124fftff	1 2 1 1 3 1 2 7 8 1 10 1 9 7 7 13 11 8 13 8 12 7 4 1 6 1 5 7 fffffffffffttt
1211312443fffft	1211314321fffft	1 2 1 1 3 1 2 4 4 6 8 1 9 4 10 1 11 8 13 8 12 4 5 1 6 1 7 4 fffffffffffttt
1211312443fffft	1211314321ffftf	1 2 1 1 3 1 2 4 4 9 8 1 9 1 10 4 11 1 12 4 13 1 5 11 7 11 6 4 fffffffffffttt
1211312443fffft	1211314321fftff	1 2 1 1 3 1 2 7 8 4 10 4 9 7 7 13 11 1 13 1 12 7 4 1 6 1 5 7 fffffffffffttt
1211312443fffft	1211314324fffft	1 2 1 1 3 1 2 4 4 7 8 1 10 1 9 4 11 8 13 8 12 4 5 11 7 11 6 4 fffffffffffttt
1211312443fffft	1211314324ffftf	1 2 1 1 3 1 2 4 4 9 8 5 9 5 10 4 11 1 12 4 13 1 5 11 7 11 6 4 fffffffffffttt
1211312443fffft	1211314324fftff	1 2 1 1 3 1 2 7 8 4 10 4 9 7 7 13 11 8 13 8 12 7 4 1 6 1 5 7 fffffffffffttt
1211312443fffft	1211314421fffft	1 2 1 1 3 1 2 4 4 6 8 1 9 4 10 1 11 11 13 11 12 4 5 1 6 1 7 4 fffffffffffttt
1211312443fffft	1211314421ffftf	1 2 1 1 3 1 2 4 4 10 8 1 10 1 9 4 11 1 13 1 12 4 5 5 7 5 6 4 fffffffffffttt
1211312443fffft	1211314421fftff	1 2 1 1 3 1 2 7 8 8 10 8 9 7 7 13 11 1 13 1 12 7 4 1 6 1 5 7 fffffffffffttt
1211312443fffft	1211314423fffft	1 2 1 1 3 1 2 4 4 6 8 1 9 4 10 1 11 11 13 11 12 4 5 8 6 8 7 4 fffffffffffttt
1211312443fffft	1211314423ffftf	1 2 1 1 3 1 2 4 4 8 7 4 11 1 13 1 12 4 6 11 8 11 9 9 5 9 10 4 fffffffffffttt
1211312443fffft	1211314423fftff	1 2 1 1 3 1 2 7 8 8 10 8 9 7 7 13 11 4 13 4 12 7 4 1 6 1 5 7 fffffffffffttt
1211312443fffft	1211334121fffft	1 2 1 1 3 1 2 4 4 7 8 8 10 8 9 4 11 1 12 1 13 4 5 1 6 4 7 1 fffffffffffttt
1211312443fffft	1211334121ffftf	1 2 1 1 3 1 2 4 4 10 8 1 9 4 10 1 11 11 13 11 12 4 5 1 6 1 7 4 fffffffffffttt
1211312443fffft	1211334121fftff	1 2 1 1 3 1 2 7 8 1 10 1 9 7 7 13 11 1 13 1 12 7 4 4 6 4 5 7 fffffffffffttt
1211312443fffft	1211334124fffft	1 2 1 1 3 1 2 4 4 7 8 8 9 8 10 4 11 1 12 4 13 1 5 11 7 11 6 4 fffffffffffttt
1211312443fffft	1211334124ffftf	1 2 1 1 3 1 2 4 4 10 8 5 9 4 10 5 11 11 13 11 12 4 5 1 6 1 7 4 fffffffffffttt
1211312443fffft	1211334124fftff	1 2 1 1 3 1 2 7 8 1 10 1 9 7 7 13 11 8 13 8 12 7 4 4 6 4 5 7 fffffffffffttt
1211312443fffft	1211334421fffft	1 2 1 1 3 1 2 4 4 7 8 8 10 8 9 4 11 11 13 11 12 4 5 1 7 1 6 4 fffffffffffttt
1211312443fffft	1211334421ffftf	1 2 1 1 3 1 2 4 4 10 8 1 9 4 10 1 11 11 13 11 12 4 5 5 6 5 7 4 fffffffffffttt
1211312443fffft	1211334421fftff	1 2 1 1 3 1 2 7 8 8 10 8 9 7 7 13 11 1 13 1 12 7 4 4 6 4 5 7 fffffffffffttt
1211312443fffft	1211344121fffft	1 2 1 1 3 1 2 4 4 5 9 4 8 11 10 11 11 1 12 1 13 4 6 1 7 4 5 1 fffffffffffttt
1211312443fffft	1211344121ffftf	1 2 1 1 3 1 2 4 4 10 8 1 10 1 9 4 11 5 13 5 12 4 5 1 7 1 6 4 fffffffffffttt
1211312443fffft	1211344121fftff	1 2 1 1 3 1 2 7 8 1 10 1 9 7 7 13 11 1 13 1 12 7 4 8 6 8 5 7 fffffffffffttt
1211312443fffft	1211344123fffft	1 2 1 1 3 1 2 4 4 5 9 4 8 11 10 11 11 1 13 1 12 4 6 8 5 8 7 4 fffffffffffttt
1211312443fffft	1211344123ffftf	1 2 1 1 3 1 2 4 4 8 7 4 11 9 12 9 13 4 6 11 8 11 9 1 10 4 5 1 fffffffffffttt
1211312443fffft	1211344123fftff	1 2 1 1 3 1 2 7 8 1 10 1 9 7 7 13 11 4 13 4 12 7 4 8 6 8 5 7 fffffffffffttt
1211312443fffft	1211344321fffft	1 2 1 1 3 1 2 4 4 5 9 4 8 11 10 11 11 8 12 8 13 4 6 1 7 4 5 1 fffffffffffttt
1211312443fffft	1211344321ffftf	1 2 1 1 3 1 2 4 4 9 8 1 9 1 10 4 11 5 12 4 13 5 5 11 7 11 6 4 fffffffffffttt
1211312443fffft	1211344321fftff	1 2 1 1 3 1 2 7 8 4 10 4 9 7 7 13 11 1 13 1 12 7 4 8 6 8 5 7 fffffffffffttt
1211342113fffft	1211314123fffft	1 3 1 1 3 1 2 4 1 6 8 1 9 1 10 4 11 1 12 4 13 1 5 8 7 8 6 4 fffffffffffttt
1211342113fffft	1211314123ffftf	1 3 1 1 3 1 2 4 1 7 7 4 11 1 12 1 13 4 6 11 8 11 9 1 10 4 5 1 fffffffffffttt
1211342113fffft	1211314123fftff	1 3 1 1 3 1 2 7 8 1 10 1 9 7 1 12 11 4 13 4 12 7 4 1 6 1 5 7 fffffffffffttt
1211342113fffft	1211314124fffft	1 3 1 1 3 1 2 4 1 6 8 1 9 1 10 4 11 1 12 4 13 1 5 11 7 11 6 4 fffffffffffttt
1211342113fffft	1211314124ffftf	1 3 1 1 3 1 2 4 1 9 8 5 10 5 9 4 11 1 13 1 12 4 5 1 7 1 6 4 fffffffffffttt
1211342113fffft	1211314124fftff	1 3 1 1 3 1 2 7 8 1 10 1 9 7 1 12 11 8 13 8 12 7 4 1 6 1 5 7 fffffffffffttt
1211342113fffft	1211314321fffft	1 3 1 1 3 1 2 4 1 7 8 1 9 4 10 1 11 8 13 8 12 4 5 1 6 1 7 4 fffffffffffttt
1211342113fffft	1211314321ffftf	1 3 1 1 3 1 2 4 1 10 8 1 9 1 10 4 11 1 12 4 13 1 5 11 7 11 6 4 fffffffffffttt
1211342113fffft	1211314321fftff	1 3 1 1 3 1 2 7 8 4 10 4 9 7 1 12 11 1 13 1 12 7 4 1 6 1 5 7 fffffffffffttt
1211342113fffft	1211314324fffft	1 3 1 1 3 1 2 4 1 7 8 1 10 4 9 1 11 8 12 4 13 8 5 11 6 11 7 4 fffffffffffttt
1211342113fffft	1211314324ffftf	1 3 1 1 3 1 2 4 1 10 8 5 9 5 10 4 11 1 12 4 13 1 5 11 7 11 6 4 fffffffffffttt
1211342113fffft	1211314324fftff	1 3 1 1 3 1 2 7 8 4 10 4 9 7 1 12 11 8 13 8 12 7 4 1 6 1 5 7 fffffffffffttt
1211342113fffft	1211314421fffft	1 3 1 1 3 1 2 4 1 7 8 1 9 4 10 1 11 11 13 11 12 4 5 1 6 1 7 4 fffffffffffttt
1211342113fffft	1211314421ffftf	1 3 1 1 3 1 2 4 1 9 8 1 10 1 9 4 11 1 13 1 12 4 5 5 7 5 6 4 fffffffffffttt
1211342113fffft	1211314421fftff	1 3 1 1 3 1 2 7 8 8 10 8 9 7 1 12 11 1 13 1 12 7 4 1 6 1 5 7 fffffffffffttt
1211342113fffft	1211314423fffft	1 3 1 1 3 1 2 4 1 7 8 1 9 4 10 1 11 11 13 11 12 4 5 8 6 8 7 4 fffffffffffttt
1211342113fffft	1211314423ffftf	1 3 1 1 3 1 2 4 1 8 8 4 11 1 13 4 12 1 6 11 7 11 9 9 10 4 5 9 fffffffffffttt
1211342113fffft	1211314423fftff	1 3 1 1 3 1 2 7 8 8 10 8 9 7 1 12 11 4 13 4 12 7 4 1 6 1 5 7 fffffffffffttt
1211342113fffft	1211334121fffft	1 3 1 1 3 1 2 4 1 6 8 8 10 8 9 4 11 1 12 1 13 4 5 1 6 4 7 1 fffffffffffttt
1211342113fffft	1211334121ffftf	1 3 1 1 3 1 2 4 1 9 8 1 9 4 10 1 11 11 13 11 12 4 5 1 6 1 7 4 fffffffffffttt
1211342113fffft	1211334121fftff	1 3 1 1 3 1 2 7 8 1 10 1 9 7 1 12 11 1 13 1 12 7 4 4 6 4 5 7 fffffffffffttt
1211342113fffft	1211334124fffft	1 3 1 1 3 1 2 4 1 6 8 8 9 8 10 4 11 1 12 4 13 1 5 11 7 11 6 4 fffffffffffttt
1211342113fffft	1211334124ffftf	1 3 1 1 3 1 2 4 1 9 8 5 9 4 10 5 11 11 13 11 12 4 5 1 6 1 7 4 fffffffffffttt
1211342113fffft	1211334124fftff	1 3 1 1 3 1 2 7 8 1 10 1 9 7 1 12 11 8 13 8 12 7 4 4 6 4 5 7 fffffffffffttt
1211342113fffft	1211334421fffft	1 3 1 1 3 1 2 4 1 7 8 8 9 4 10 8 11 11 12 11 13 4 5 1 7 4 6 1 fffffffffffttt
1211342113fffft	1211334421ffftf	1 3 1 1 3 1 2 4 1 9 8 1 9 4 10 1 11 11 13 11 12 4 5 5 6 5 7 4 fffffffffffttt
1211342113fffft	1211334421fftff	1 3 1 1 3 1 2 7 8 8 10 8 9 7 1 12 11 1 13 1 12 7 4 4 6 4 5 7 fffffffffffttt
1211342113fffft	1211344121fffft	1 3 1 1 3 1 2 4 1 7 9 4 8 11 10 11 11 1 12 1 13 4 6 1 7 4 5 1 fffffffffffttt
1211342113fffft	1211344121ffftf	1 3 1 1 3 1 2 4 1 9 8 1 10 1 9 4 11 5 13 5 12 4 5 1 7 1 6 4 fffffffffffttt
1211342113fffft	1211344121fftff	1 3 1 1 3 1 2 7 8 1 10 1 9 7 1 12 11 1 13 1 12 7 4 8 6 8 5 7 fffffffffffttt
1211342113fffft	1211344123fffft	1 3 1 1 3 1 2 4 1 7 10 4 8 11 9 11 11 1 13 4 12 1 6 8 7 4 5 8 fffffffffffttt
1211342113fffft	1211344123ffftf	1 3 1 1 3 1 2 4 1 7 7 4 11 9 12 9 13 4 6 11 8 11 9 1 10 4 5 1 fffffffffffttt
1211342113fffft	1211344123fftff	1 3 1 1 3 1 2 7 8 1 10 1 9 7 1 12 11 4 13 4 12 7 4 8 6 8 5 7 fffffffffffttt
1211342113fffft	1211344321fffft	1 3 1 1 3 1 2 4 1 7 9 4 8 11 10 11 11 8 12 8 13 4 6 1 7 4 5 1 fffffffffffttt
1211342113fffft	1211344321ffftf	1 3 1 1 3 1 2 4 1 10 8 1 9 1 10 4 11 5 12 4 13 5 5 11 7 11 6 4 fffffffffffttt
1211342113fffft	1211344321fftff	1 3 1 1 3 1 2 7 8 4 10 4 9 7 1 12 11 1 13 1 12 7 4 8 6 8 5 7 fffffffffffttt
1211342143fffft	1211314123fffft	1 3 1 1 3 1 2 4 4 6 8 1 9 1 10 4 11 1 12 4 13 1 5 8 7 8 6 4 fffffffffffttt
1211342143fffft	1211314123ffftf	1 3 1 1 3 1 2 4 4 7 7 4 11 1 12 1 13 4 6 11 8 11 9 1 10 4 5 1 fffffffffffttt
1211342143fffft	1211314123fftff	1 3 1 1 3 1 2 7 8 1 10 1 9 7 7 12 11 4 13 4 12 7 4 1 6 1 5 7 fffffffffffttt
1211342143fffft	1211314124fffft	1 3 1 1 3 1 2 4 4 6 8 1 9 1 10 4 11 1 12 4 13 1 5 11 7 11 6 4 fffffffffffttt
1211342143fffft	1211314124ffftf	1 3 1 1 3 1 2 4 4 9 8 5 10 5 9 4 11 1 13 1 12 4 5 1 7 1 6 4 fffffffffffttt
1211342143fffft	1211314124fftff	1 3 1 1 3 1 2 7 8 1 10 1 9 7 7 12 11 8 13 8 12 7 4 1 6 1 5 7 fffffffffffttt
1211342143fffft	1211314321fffft	1 3 1 1 3 1 2 4 4 7 8 1 9 4 10 1 11 8 13 8 12 4 5 1 6 1 7 4 fffffffffffttt
1211342143fffft	1211314321ffftf	1 3 1 1 3 1 2 4 4 10 8 1 9 1 10 4 11 1 12 4 13 1 5 11 7 11 6 4 fffffffffffttt
1211342143fffft	1211314321fftff	1 3 1 1 3 1 2 7 8 4 10 4 9 7 7 12 11 1 13 1 12 7 4 1 6 1 5 7 fffffffffffttt
1211342143fffft	1211314324fffft	1 3 1 1 3 1 2 4 4 7 8 1 10 4 9 1 11 8 12 4 13 8 5 11 6 11 7 4 fffffffffffttt
1211342143fffft	1211314324ffftf	1 3 1 1 3 1 2 4 4 10 8 5 9 5 10 4 11 1 12 4 13 1 5 11 7 11 6 4 fffffffffffttt
1211342143fffft	1211314324fftff	1 3 1 1 3 1 2 7 8 4 10 4 9 7 7 12 11 8 13 8 12 7 4 1 6 1 5 7 fffffffffffttt
1211342143fffft	1211314421fffft	1 3 1 1 3 1 2 4 4 7 8 1 9 4 10 1 11 11 13 11 12 4 5 1 6 1 7 4 fffffffffffttt
1211342143fffft	1211314421ffftf	1 3 1 1 3 1 2 4 4 9 8 1 10 1 9 4 11 1 13 1 12 4 5 5 7 5 6 4 fffffffffffttt
1211342143fffft	1211314421fftff	1 3 1 1 3 1 2 7 8 8 10 8 9 7 7 12 11 1 13 1 12 7 4 1 6 1 5 7 fffffffffffttt
1211342143fffft	1211314423fffft	1 3 1 1 3 1 2 4 4 7 8 1 9 4 10 1 11 11 13 11 12 4 5 8 6 8 7 4 fffffffffffttt
1211342143fffft	1211314423ffftf	1 3 1 1 3 1 2 4 4 8 8 4 11 1 13 4 12 1 6 11 7 11 9 9 10 4 5 9 fffffffffffttt
1211342143fffft	1211314423fftff	1 3 1 1 3 1 2 7 8 8 10 8 9 7 7 12 11 4 13 4 12 7 4 1 6 1 5 7 fffffffffffttt
1211342143fffft	1211334121fffft	1 3 1 1 3 1 2 4 4 6 8 8 10 8 9 4 11 1 12 1 13 4 5 1 6 4 7 1 fffffffffffttt
1211342143fffft	1211334121ffftf	1 3 1 1 3 1 2 4 4 9 8 1 9 4 10 1 11 11 13 11 12 4 5 1 6 1 7 4 fffffffffffttt
1211342143fffft	1211334121fftff	1 3 1 1 3 1 2 7 8 1 10 1 9 7 7 12 11 1 13 1 12 7 4 4 6 4 5 7 fffffffffffttt
1211342143fffft	1211334124fffft	1 3 1 1 3 1 2 4 4 6 8 8 9 8 10 4 11 1 12 4 13 1 5 11 7 11 6 4 fffffffffffttt
1211342143fffft	1211334124ffftf	1 3 1 1 3 1 2 4 4 9 8 5 9 4 10 5 11 11 13 11 12 4 5 1 6 1 7 4 fffffffffffttt
1211342143fffft	1211334124fftff	1 3 1 1 3 1 2 7 8 1 10 1 9 7 7 12 11 8 13 8 12 7 4 4 6 4 5 7 fffffffffffttt
1211342143fffft	1211334421fffft	1 3 1 1 3 1 2 4 4 7 8 8 9 4 10 8 11 11 12 11 13 4 5 1 7 4 6 1 fffffffffffttt
1211342143fffft	1211334421ffftf	1 3 1 1 3 1 2 4 4 9 8 1 9 4 10 1 11 11 13 11 12 4 5 5 6 5 7 4 fffffffffffttt
1211342143fffft	1211334421fftff	1 3 1 1 3 1 2 7 8 8 10 8 9 7 7 12 11 1 13 1 12 7 4 4 6 4 5 7 fffffffffffttt
1211342143fffft	1211344121fffft	1 3 1 1 3 1 2 4 4 7 9 4 8 11 10 11 11 1 12 1 13 4 6 1 7 4 5 1 fffffffffffttt
1211342143fffft	1211344121ffftf	1 3 1 1 3 1 2 4 4 9 8 1 10 1 9 4 11 5 13 5 12 4 5 1 7 1 6 4 fffffffffffttt
1211342143fffft	1211344121fftff	1 3 1 1 3 1 2 7 8 1 10 1 9 7 7 12 11 1 13 1 12 7 4 8 6 8 5 7 fffffffffffttt
1211342143fffft	1211344123fffft	1 3 1 1 3 1 2 4 4 7 10 4 8 11 9 11 11 1 13 4 12 1 6 8 7 4 5 8 fffffffffffttt
1211342143fffft	1211344123ffftf	1 3 1 1 3 1 2 4 4 7 7 4 11 9 12 9 13 4 6 11 8 11 9 1 10 4 5 1 fffffffffffttt
1211342143fffft	1211344123fftff	1 3 1 1 3 1 2 7 8 1 10 1 9 7 7 12 11 4 13 4 12 7 4 8 6 8 5 7 fffffffffffttt
1211342143fffft	1211344321fffft	1 3 1 1 3 1 2 4 4 7 9 4 8 11 10 11 11 8 12 8 13 4 6 1 7 4 5 1 fffffffffffttt
1211342143fffft	1211344321ffftf	1 3 1 1 3 1 2 4 4 10 8 1 9 1 10 4 11 5 12 4 13 5 5 11 7 11 6 4 fffffffffffttt
1211342143fffft	1211344321fftff	1 3 1 1 3 1 2 7 8 4 10 4 9 7 7 12 11 1 13 1 12 7 4 8 6 8 5 7 fffffffffffttt
