010212tff	012122ttf	0 3 2 1 0 1 0 4 2 4 tfftt
010222tff	012101tff	0 3 4 2 1 2 0 2 4 2 tffft
010222tff	012101ttf	0 3 2 4 2 4 0 4 1 4 tfttt
010222ttf	010202ttf	0 2 3 1 0 4 3 4 3 1 tfttt
010222ttf	010212tff	0 3 2 1 4 1 0 2 4 2 tfftt
010222ttf	010212ttf	0 2 4 1 0 4 3 4 3 1 tfttt
010222ttf	010222tff	0 3 1 1 4 1 0 2 4 2 tfftt
010222ttf	010222ttf	0 2 1 1 0 4 3 4 3 1 tfttt
010222ttf	012101tff	0 3 4 2 1 2 0 2 4 2 tfftt
010222ttf	012101ttf	0 2 3 4 0 4 3 4 1 4 tfttt
012101tff	011222ttf	0 3 0 2 1 2 4 2 0 2 tfftt
012101tff	111222ttf	0 3 0 2 1 2 4 2 0 2 tfftt
012122ttf	010202ttf	0 2 3 1 3 2 3 4 3 1 tfttt
012122ttf	010212tff	0 3 2 1 4 1 4 3 4 2 tfftt
012122ttf	010212ttf	0 2 4 1 3 2 3 4 3 1 tfttt
012122ttf	010222tff	0 3 1 1 4 1 4 3 4 2 tfftt
012122ttf	010222ttf	0 2 1 1 3 2 3 4 3 1 tfttt
012122ttf	011212ttf	0 2 4 1 3 2 3 4 4 1 tfttt
012122ttf	011222ttf	0 2 1 1 3 2 3 4 4 1 tfttt
012122ttf	012101tff	0 3 4 2 1 2 4 3 4 2 tfftt
012122ttf	012101ttf	0 2 3 4 3 2 3 4 1 4 tfttt
012122ttf	012111tft	0 2 4 1 3 2 3 1 1 1 tfttt
012122ttf	012111ttf	0 2 4 4 3 2 3 4 1 4 tfttt
012122ttf	012121ttf	0 2 1 4 3 2 3 4 1 4 tfttt
012122ttf	012122ttf	0 2 1 1 3 2 3 4 1 4 tfttt
012122ttf	012222ttf	0 2 1 1 3 2 3 4 1 1 tfttt
