0102132434tffff	01020333tfff	0 11 12 5 13 6 14 6 12 9 13 10 14 10 0 8 7 9 8 10 9 10 0 4 0 1 12 2 13 3 tfffffffffffttt
0102132434tffff	01020333ttff	0 11 9 6 10 6 0 4 3 5 4 6 5 6 8 5 0 12 8 13 9 14 0 7 8 1 9 2 10 2 tfffffffttttttt
0102132434tffff	01020333tttf	0 8 4 2 1 3 2 3 0 1 0 9 5 10 6 11 0 12 5 13 6 14 7 14 5 2 6 3 7 3 tfffftttttttttt
0102132434tffff	01023221ttff	0 11 4 2 5 3 6 3 0 12 7 13 1 14 0 1 0 12 8 13 9 14 0 1 8 2 9 3 10 3 tfffffffttttttt
0102132444tffff	01020333tfff	0 11 12 5 13 6 14 6 12 9 13 10 14 10 0 8 7 9 8 10 10 10 0 4 0 1 12 2 14 3 tfffffffffffttt
0102132444tffff	01020333ttff	0 11 9 6 10 6 0 4 3 5 4 6 6 6 8 5 0 12 8 13 10 14 0 7 8 1 9 2 10 2 tfffffffttttttt
0102132444tffff	01020333tttf	0 8 4 2 1 3 3 3 0 1 0 9 5 10 7 11 0 12 5 13 6 14 7 14 5 2 6 3 7 3 tfffftttttttttt
0102132444tffff	01023221ttff	0 11 4 2 5 3 6 3 0 12 7 13 3 14 0 1 0 12 8 13 10 14 0 1 8 2 9 3 10 3 tfffffffttttttt
0102341144tffff	01021323tttf	0 7 14 2 13 2 0 1 5 7 0 8 6 9 0 12 4 13 6 13 5 11 0 1 10 2 9 2 7 3 tfffttttttttttt
0102341144tffff	01021333tttf	0 8 3 2 2 2 4 4 0 1 6 8 0 9 7 10 0 13 5 14 7 14 6 12 0 1 11 2 10 2 tfffftttttttttt
0102342144tffff	01021323tttf	0 7 14 2 13 2 0 1 5 7 4 9 6 9 0 12 4 13 6 13 5 11 0 1 10 2 9 2 8 3 tfffttttttttttt
