121121fft	01020303tttf	4 2 3 1 2 2 3 5 3 4 3 6 3 1 ffftttt
121121fft	01020313tfff	6 3 5 2 5 4 3 3 1 4 5 1 5 6 ffffftt
121121fft	01020313ttff	5 3 4 2 6 2 3 3 4 6 4 5 4 1 ffffttt
121121fft	01020313tttf	4 2 5 1 2 2 3 5 3 4 3 6 3 1 ffftttt
121121fft	01020323tfff	6 3 5 2 5 4 3 3 2 4 5 1 5 6 ffffftt
121121fft	01020323ttff	5 2 4 3 2 2 1 3 4 6 4 5 4 1 ffffttt
121121fft	01020323tttf	4 2 6 1 2 2 3 5 3 4 3 6 3 1 ffftttt
121121fft	01021313tttf	4 2 5 1 2 2 3 5 3 4 3 6 5 1 ffftttt
121121fft	01021323tfff	6 2 5 4 2 2 4 3 1 3 5 1 5 6 ffffftt
121121fft	01021323ttff	5 2 6 3 2 2 1 3 4 6 4 5 4 1 ffffttt
121121fft	01021323tttf	4 2 6 1 2 2 3 5 3 4 3 6 5 1 ffftttt
121121fft	01022323tttf	4 2 6 1 2 2 3 5 3 4 3 6 6 1 ffftttt
121121fft	01023201tfff	6 3 5 4 5 1 3 3 2 4 5 1 5 6 ffffftt
121121fft	01023201ttff	5 1 1 1 3 2 4 6 4 6 4 5 4 2 ffffttt
121121fft	01023201tttf	4 1 1 1 3 5 3 5 3 4 3 6 2 6 ffftttt
121121fft	01023202ttff	5 2 4 3 2 2 1 3 4 6 4 5 4 3 ffffttt
121121fft	01023202tttf	4 1 1 1 3 6 3 5 3 4 3 6 2 6 ffftttt
121121fft	01023211tfff	6 2 5 3 2 2 4 3 1 1 5 1 5 6 ffffftt
121121fft	01023211tfft	5 3 4 2 6 2 3 3 4 1 4 5 1 1 ffffttt
121121fft	01023211ttff	5 1 1 1 3 2 6 6 4 6 4 5 4 2 ffffttt
121121fft	01023211ttft	4 2 5 1 2 2 3 6 3 4 6 6 3 1 ffftttt
121121fft	01023211tttf	4 1 1 1 5 5 3 5 3 4 3 6 2 6 ffftttt
121121fft	01023212tfff	6 2 5 3 2 2 4 3 1 3 5 1 5 6 ffffftt
121121fft	01023212tfft	5 3 4 2 6 2 3 3 4 1 4 5 1 2 ffffttt
121121fft	01023212ttff	5 2 6 3 2 2 1 3 4 6 4 5 4 3 ffffttt
121121fft	01023212ttft	4 2 6 1 2 2 3 5 3 4 3 1 5 1 ffftttt
121121fft	01023212tttf	4 1 1 1 5 6 3 5 3 4 3 6 2 6 ffftttt
121121fft	01023221tfff	6 2 5 3 2 2 4 3 3 1 5 1 5 6 ffffftt
121121fft	01023221tfft	5 3 4 2 6 2 3 3 4 1 4 5 2 1 ffffttt
121121fft	01023221ttff	5 1 1 1 3 2 2 6 4 6 4 5 4 2 ffffttt
121121fft	01023221ttft	4 2 6 1 2 2 3 5 3 4 3 1 1 5 ffftttt
121121fft	01023221tttf	4 1 1 1 6 5 3 5 3 4 3 6 2 6 ffftttt
121121fft	01023222tfft	5 3 4 2 6 2 3 3 4 1 4 5 2 2 ffffttt
121121fft	01023222ttft	4 2 6 1 2 2 3 5 3 4 3 1 1 1 ffftttt
121121fft	01023222tttf	4 1 1 1 6 6 3 5 3 4 3 6 2 6 ffftttt
121121fft	01023231tfff	6 2 5 3 2 2 4 3 4 1 5 1 5 6 ffffftt
121121fft	01023231ttff	5 1 1 1 3 2 3 6 4 6 4 5 4 2 ffffttt
121121fft	01023231tttf	4 1 1 1 2 5 3 5 3 4 3 6 2 6 ffftttt
121121fft	01023232ttft	4 2 6 1 2 2 3 5 3 4 3 1 6 1 ffftttt
121121fft	01023232tttf	4 1 1 1 2 6 3 5 3 4 3 6 2 6 ffftttt
121121fft	01121313tttf	4 2 5 1 2 2 3 5 3 4 5 6 5 1 ffftttt
121121fft	01121323ttff	5 2 6 3 2 2 1 3 4 6 4 5 6 1 ffffttt
121121fft	01121323tttf	4 2 6 1 2 2 3 5 3 4 5 6 5 1 ffftttt
121121fft	01122323tttf	4 2 6 1 2 2 3 5 3 4 5 6 6 1 ffftttt
121121fft	01123212ttff	5 2 6 3 2 2 1 3 4 6 4 5 6 3 ffffttt
121121fft	01123212tttf	4 1 1 1 5 6 3 5 3 4 5 6 2 6 ffftttt
121121fft	01123222ttft	4 2 6 1 2 2 3 5 3 4 5 1 1 1 ffftttt
121121fft	01123222tttf	4 1 1 1 6 6 3 5 3 4 5 6 2 6 ffftttt
121121fft	01123232tttf	4 1 1 1 2 6 3 5 3 4 5 6 2 6 ffftttt
121121fft	01210321ttff	5 2 4 3 2 2 1 6 4 6 4 5 1 6 ffffttt
121121fft	01210321tttf	4 1 1 1 6 5 3 5 3 4 6 5 3 2 ffftttt
121121fft	01210323ttff	5 2 4 3 2 2 1 3 4 6 4 5 1 6 ffffttt
121121fft	01210323tttf	4 2 6 1 2 2 3 5 3 4 6 5 3 1 ffftttt
121121fft	01211321ttff	5 2 6 3 2 2 1 6 4 6 4 5 1 6 ffffttt
121121fft	01211321tttf	4 1 1 1 6 5 3 5 3 4 6 5 5 2 ffftttt
121121fft	01211323ttff	5 2 6 3 2 2 1 3 4 6 4 5 1 6 ffffttt
121121fft	01211323tttf	4 2 6 1 2 2 3 5 3 4 6 5 5 1 ffftttt
121121fft	01212321ttff	5 1 1 1 2 3 2 6 4 6 4 5 2 6 ffffttt
121121fft	01212321tttf	4 1 1 1 6 5 3 5 3 4 6 5 6 2 ffftttt
121121fft	01212322ttft	4 1 1 1 2 6 3 5 3 4 2 5 2 2 ffftttt
121121fft	01212322tttf	4 1 1 1 6 6 3 5 3 4 6 5 6 2 ffftttt
121121fft	01212323tttf	4 2 6 1 2 2 3 5 3 4 6 5 6 1 ffftttt
121121fft	01213101tfff	6 2 5 3 2 2 4 3 1 3 5 3 5 6 ffffftt
121121fft	01213101tftf	5 3 6 1 4 1 3 3 4 1 4 5 2 1 ffffttt
121121fft	01213101ttff	5 1 1 1 3 6 4 6 4 6 4 5 2 6 ffffttt
121121fft	01213101tttf	4 1 1 1 3 5 3 5 3 4 6 5 2 5 ffftttt
121121fft	01213111tfft	5 2 6 3 2 2 1 3 4 3 4 5 3 3 ffffttt
121121fft	01213111tftf	5 2 6 1 2 2 1 1 4 1 4 5 3 1 ffffttt
121121fft	01213111tftt	5 2 4 1 2 2 3 1 6 1 3 5 1 1 ffftttt
121121fft	01213111ttff	5 1 1 1 3 6 6 6 4 6 4 5 2 6 ffffttt
121121fft	01213111ttft	4 1 1 1 5 6 3 6 3 4 6 6 2 6 ffftttt
121121fft	01213111tttf	4 1 1 1 5 5 3 5 3 4 6 5 2 5 ffftttt
121121fft	01213121tfft	5 2 6 3 2 2 1 3 4 3 4 5 1 3 ffffttt
121121fft	01213121tttf	4 1 1 1 6 5 3 5 3 4 6 5 2 5 ffftttt
121121fft	01213123ttff	5 1 1 1 3 2 2 6 4 6 4 5 3 6 ffffttt
121121fft	01213123tttf	4 2 6 1 2 2 3 5 3 4 6 5 1 5 ffftttt
121121fft	01213131tftf	5 2 6 1 2 2 3 1 4 1 4 5 3 1 ffffttt
121121fft	01213131tttf	4 1 1 1 2 5 3 5 3 4 6 5 2 5 ffftttt
121121fft	01213132ttff	5 1 1 1 2 3 2 6 4 6 4 5 3 6 ffffttt
121121fft	01213132tttf	4 1 1 1 2 6 3 5 3 4 6 5 2 5 ffftttt
121121fft	01213232tttf	4 1 1 1 2 6 3 5 3 4 6 5 2 6 ffftttt
121121fft	01213321ttff	5 1 1 1 3 3 2 6 4 6 4 5 2 6 ffffttt
121121fft	01213321tttf	4 1 1 1 6 5 3 5 3 4 6 5 2 2 ffftttt
121121fft	01213323tttf	4 2 6 1 2 2 3 5 3 4 6 5 1 1 ffftttt
121121fft	01222323tttf	4 2 6 1 2 2 3 5 3 4 6 6 6 1 ffftttt
121121fft	01223232tttf	4 1 1 1 2 6 3 5 3 4 6 6 2 6 ffftttt
121121fft	01230113tfff	6 2 5 4 2 2 4 3 1 3 5 4 5 6 ffffftt
121121fft	01230123ttff	5 1 1 1 3 2 4 6 4 6 4 5 3 2 ffffttt
121121fft	01230313tfff	6 2 5 3 2 2 4 3 1 3 5 4 5 6 ffffftt
121121fft	01230313tftf	6 2 5 3 2 2 1 3 4 1 4 3 4 6 ffffttt
121121fft	01230313tttf	4 2 5 1 2 2 3 5 3 4 6 1 3 1 ffftttt
121121fft	01230323ttff	5 2 4 3 2 2 1 3 4 6 4 5 1 3 ffffttt
121121fft	01230323tttf	4 2 6 1 2 2 3 5 3 4 6 1 3 1 ffftttt
121121fft	01231123ttff	5 1 1 1 3 2 6 6 4 6 4 5 3 2 ffffttt
121121fft	01231123tttf	4 2 5 1 2 2 3 6 3 4 6 6 5 1 ffftttt
121121fft	01231323ttff	5 2 6 3 2 2 1 3 4 6 4 5 1 3 ffffttt
121121fft	01232123ttff	5 1 1 1 3 2 3 6 4 6 4 5 3 2 ffffttt
121121fft	01232313tftf	6 2 5 3 2 2 1 3 4 1 5 3 4 6 ffffttt
121121fft	01233123ttff	5 1 1 1 3 2 2 6 4 6 4 5 3 2 ffffttt
121121fft	01233123tttf	4 2 6 1 2 2 3 5 3 4 6 1 1 5 ffftttt
121121fft	01233323tttf	4 2 6 1 2 2 3 5 3 4 6 1 1 1 ffftttt
