121121fft	0102030404ttttf	4 2 3 1 2 2 3 5 3 4 3 6 3 7 3 1 fffttttt
121121fft	0102030414tffff	7 4 6 2 6 3 6 5 4 4 1 5 6 1 6 7 fffffftt
121121fft	0102030414ttfff	6 4 5 2 5 3 7 3 4 4 5 7 5 6 5 1 fffffttt
121121fft	0102030414tttff	5 3 4 2 6 2 3 3 4 6 4 5 4 7 4 1 fffftttt
121121fft	0102030414ttttf	4 2 5 1 2 2 3 5 3 4 3 6 3 7 3 1 fffttttt
121121fft	0102030424tffff	7 4 6 2 6 3 6 5 4 4 2 5 6 1 6 7 fffffftt
121121fft	0102030424ttfff	6 3 5 4 5 1 3 3 2 4 5 7 5 6 5 2 fffffttt
121121fft	0102030424tttff	5 3 4 2 7 2 3 3 4 6 4 5 4 7 4 1 fffftttt
121121fft	0102030424ttttf	4 2 6 1 2 2 3 5 3 4 3 6 3 7 3 1 fffttttt
121121fft	0102030434tffff	7 4 6 2 6 3 6 5 4 4 3 5 6 1 6 7 fffffftt
121121fft	0102030434ttfff	6 3 5 4 5 1 3 3 1 4 5 7 5 6 5 2 fffffttt
121121fft	0102030434tttff	5 2 4 3 2 2 1 3 4 6 4 5 4 7 4 1 fffftttt
121121fft	0102030434ttttf	4 2 7 1 2 2 3 5 3 4 3 6 3 7 3 1 fffttttt
121121fft	0102031414ttttf	4 2 5 1 2 2 3 5 3 4 3 6 3 7 5 1 fffttttt
121121fft	0102031424tffff	7 3 6 2 6 4 3 3 1 5 2 5 6 1 6 7 fffffftt
121121fft	0102031424ttfff	6 3 5 2 7 4 3 3 1 4 5 7 5 6 5 1 fffffttt
121121fft	0102031424tttff	5 3 6 2 7 2 3 3 4 6 4 5 4 7 4 1 fffftttt
121121fft	0102031424ttttf	4 2 6 1 2 2 3 5 3 4 3 6 3 7 5 1 fffttttt
121121fft	0102031434tffff	7 3 6 2 6 5 3 3 5 4 1 4 6 1 6 7 fffffftt
121121fft	0102031434ttfff	6 3 5 2 7 4 3 3 2 4 5 7 5 6 5 1 fffffttt
121121fft	0102031434tttff	5 2 6 3 2 2 1 3 4 6 4 5 4 7 4 1 fffftttt
121121fft	0102031434ttttf	4 2 7 1 2 2 3 5 3 4 3 6 3 7 5 1 fffttttt
121121fft	0102032424ttttf	4 2 6 1 2 2 3 5 3 4 3 6 3 7 6 1 fffttttt
121121fft	0102032434tffff	7 3 6 2 6 5 3 3 5 4 2 4 6 1 6 7 fffffftt
121121fft	0102032434ttfff	6 2 5 4 2 2 4 3 1 3 5 7 5 6 5 1 fffffttt
121121fft	0102032434tttff	5 2 7 3 2 2 1 3 4 6 4 5 4 7 4 1 fffftttt
121121fft	0102032434ttttf	4 2 7 1 2 2 3 5 3 4 3 6 3 7 6 1 fffttttt
121121fft	0102033434ttttf	4 2 7 1 2 2 3 5 3 4 3 6 3 7 7 1 fffttttt
121121fft	0102034301tffff	7 4 6 3 6 1 6 5 4 4 2 5 6 1 6 7 fffffftt
121121fft	0102034301ttfff	6 2 5 3 2 2 4 3 5 7 5 7 5 6 5 1 fffffttt
121121fft	0102034301tttff	5 1 1 1 3 2 4 6 4 6 4 5 4 7 4 2 fffftttt
121121fft	0102034301ttttf	4 1 1 1 3 5 3 5 3 4 3 6 3 7 2 7 fffttttt
121121fft	0102034302ttfff	6 3 5 4 5 1 3 3 2 4 5 7 5 6 5 1 fffffttt
121121fft	0102034302tttff	5 1 1 1 3 2 4 7 4 6 4 5 4 7 4 2 fffftttt
121121fft	0102034302ttttf	4 1 1 1 3 6 3 5 3 4 3 6 3 7 2 7 fffttttt
121121fft	0102034303ttfft	5 3 4 2 7 2 3 3 4 6 4 5 4 1 4 2 fffftttt
121121fft	0102034303tttff	5 2 4 3 2 2 1 3 4 6 4 5 4 7 4 3 fffftttt
121121fft	0102034303ttttf	4 1 1 1 3 7 3 5 3 4 3 6 3 7 2 7 fffttttt
121121fft	0102034311tffff	7 3 6 2 6 4 3 3 5 4 1 1 6 1 6 7 fffffftt
121121fft	0102034311tffft	6 4 5 2 5 3 7 3 4 4 5 1 5 6 1 1 fffffttt
121121fft	0102034311ttfff	6 2 5 3 2 2 4 3 7 7 5 7 5 6 5 1 fffffttt
121121fft	0102034311ttfft	5 3 4 2 6 2 3 3 4 7 4 5 7 7 4 1 fffftttt
121121fft	0102034311tttff	5 1 1 1 3 2 6 6 4 6 4 5 4 7 4 2 fffftttt
121121fft	0102034311tttft	4 2 5 1 2 2 3 6 3 4 6 6 3 7 3 1 fffttttt
121121fft	0102034311ttttf	4 1 1 1 5 5 3 5 3 4 3 6 3 7 2 7 fffttttt
121121fft	0102034312tffff	7 3 6 2 6 4 3 3 5 4 1 2 6 1 6 7 fffffftt
121121fft	0102034312tffft	6 4 5 2 5 3 7 3 4 4 5 1 5 6 1 2 fffffttt
121121fft	0102034312ttfff	6 3 5 4 7 1 3 3 2 4 5 7 5 6 5 1 fffffttt
121121fft	0102034312ttfft	5 3 4 2 7 2 3 3 4 6 4 5 4 1 6 1 fffftttt
121121fft	0102034312tttff	5 1 1 1 3 2 6 7 4 6 4 5 4 7 4 2 fffftttt
121121fft	0102034312tttft	4 2 6 1 2 2 3 5 3 4 3 7 5 7 3 1 fffttttt
121121fft	0102034312ttttf	4 1 1 1 5 6 3 5 3 4 3 6 3 7 2 7 fffttttt
121121fft	0102034313tffff	7 3 6 2 6 4 3 3 5 4 1 4 6 1 6 7 fffffftt
121121fft	0102034313tffft	6 4 5 2 5 3 7 3 4 4 5 1 5 6 1 3 fffffttt
121121fft	0102034313ttfff	6 3 5 4 7 4 3 3 2 4 5 7 5 6 5 1 fffffttt
121121fft	0102034313ttfft	5 3 4 2 7 2 3 3 4 6 4 5 4 1 6 2 fffftttt
121121fft	0102034313tttff	5 2 6 3 2 2 1 3 4 6 4 5 4 7 4 3 fffftttt
121121fft	0102034313tttft	4 2 7 1 2 2 3 5 3 4 3 6 3 1 5 1 fffttttt
121121fft	0102034313ttttf	4 1 1 1 5 7 3 5 3 4 3 6 3 7 2 7 fffttttt
121121fft	0102034321tffff	7 3 6 2 6 4 3 3 5 4 2 1 6 1 6 7 fffffftt
121121fft	0102034321tffft	6 4 5 2 5 3 7 3 4 4 5 1 5 6 2 1 fffffttt
121121fft	0102034321ttfff	6 2 5 3 2 2 4 3 1 7 5 7 5 6 5 1 fffffttt
121121fft	0102034321ttfft	5 3 4 2 7 2 3 3 4 6 4 5 4 1 1 6 fffftttt
121121fft	0102034321tttff	5 1 1 1 3 2 7 6 4 6 4 5 4 7 4 2 fffftttt
121121fft	0102034321tttft	4 2 6 1 2 2 3 5 3 4 3 7 7 5 3 1 fffttttt
121121fft	0102034321ttttf	4 1 1 1 6 5 3 5 3 4 3 6 3 7 2 7 fffttttt
121121fft	0102034322tffff	7 3 6 2 6 4 3 3 5 4 2 2 6 1 6 7 fffffftt
121121fft	0102034322tffft	6 4 5 2 5 3 7 3 4 4 5 1 5 6 2 2 fffffttt
121121fft	0102034322ttfff	6 2 5 3 2 2 4 3 1 1 5 7 5 6 5 1 fffffttt
121121fft	0102034322ttfft	5 3 4 2 7 2 3 3 4 6 4 5 4 1 1 1 fffftttt
121121fft	0102034322tttff	5 1 1 1 3 2 7 7 4 6 4 5 4 7 4 2 fffftttt
121121fft	0102034322tttft	4 2 6 1 2 2 3 5 3 4 3 7 7 7 3 1 fffttttt
121121fft	0102034322ttttf	4 1 1 1 6 6 3 5 3 4 3 6 3 7 2 7 fffttttt
121121fft	0102034323tffff	7 3 6 2 6 4 3 3 5 4 2 4 6 1 6 7 fffffftt
121121fft	0102034323tffft	6 4 5 2 5 3 7 3 4 4 5 1 5 6 2 3 fffffttt
121121fft	0102034323ttfff	6 2 5 3 2 2 4 3 1 3 5 7 5 6 5 1 fffffttt
121121fft	0102034323ttfft	5 3 4 2 7 2 3 3 4 6 4 5 4 1 1 2 fffftttt
121121fft	0102034323tttff	5 2 7 3 2 2 1 3 4 6 4 5 4 7 4 3 fffftttt
121121fft	0102034323tttft	4 2 7 1 2 2 3 5 3 4 3 6 3 1 6 1 fffttttt
121121fft	0102034323ttttf	4 1 1 1 6 7 3 5 3 4 3 6 3 7 2 7 fffttttt
121121fft	0102034331tffff	7 3 6 2 6 4 3 3 5 4 4 1 6 1 6 7 fffffftt
121121fft	0102034331tffft	6 4 5 2 5 3 7 3 4 4 5 1 5 6 3 1 fffffttt
121121fft	0102034331ttfff	6 2 5 3 2 2 4 3 3 7 5 7 5 6 5 1 fffffttt
121121fft	0102034331ttfft	5 3 4 2 7 2 3 3 4 6 4 5 4 1 2 6 fffftttt
121121fft	0102034331tttff	5 1 1 1 3 2 2 6 4 6 4 5 4 7 4 2 fffftttt
121121fft	0102034331tttft	4 2 7 1 2 2 3 5 3 4 3 6 3 1 1 5 fffttttt
121121fft	0102034331ttttf	4 1 1 1 7 5 3 5 3 4 3 6 3 7 2 7 fffttttt
121121fft	0102034332tffff	7 3 6 2 6 4 3 3 5 4 4 2 6 1 6 7 fffffftt
121121fft	0102034332tffft	6 4 5 2 5 3 7 3 4 4 5 1 5 6 3 2 fffffttt
121121fft	0102034332ttfff	6 2 5 3 2 2 4 3 3 1 5 7 5 6 5 1 fffffttt
121121fft	0102034332ttfft	5 3 4 2 7 2 3 3 4 6 4 5 4 1 2 1 fffftttt
121121fft	0102034332tttff	5 1 1 1 3 2 2 7 4 6 4 5 4 7 4 2 fffftttt
121121fft	0102034332tttft	4 2 7 1 2 2 3 5 3 4 3 6 3 1 1 6 fffttttt
121121fft	0102034332ttttf	4 1 1 1 7 6 3 5 3 4 3 6 3 7 2 7 fffttttt
121121fft	0102034333tffft	6 4 5 2 5 3 7 3 4 4 5 1 5 6 3 3 fffffttt
121121fft	0102034333ttfft	5 3 4 2 7 2 3 3 4 6 4 5 4 1 2 2 fffftttt
121121fft	0102034333tttft	4 2 7 1 2 2 3 5 3 4 3 6 3 1 1 1 fffttttt
121121fft	0102034333ttttf	4 1 1 1 7 7 3 5 3 4 3 6 3 7 2 7 fffttttt
121121fft	0102034341tffff	7 3 6 2 6 4 3 3 5 4 5 1 6 1 6 7 fffffftt
121121fft	0102034341ttfff	6 2 5 3 2 2 4 3 4 7 5 7 5 6 5 1 fffffttt
121121fft	0102034341tttff	5 1 1 1 3 2 3 6 4 6 4 5 4 7 4 2 fffftttt
121121fft	0102034341ttttf	4 1 1 1 2 5 3 5 3 4 3 6 3 7 2 7 fffttttt
121121fft	0102034342tffff	7 3 6 2 6 4 3 3 5 4 5 2 6 1 6 7 fffffftt
121121fft	0102034342ttfff	6 2 5 3 2 2 4 3 4 1 5 7 5 6 5 1 fffffttt
121121fft	0102034342ttfft	5 3 4 2 7 2 3 3 4 6 4 5 4 1 7 1 fffftttt
121121fft	0102034342tttff	5 1 1 1 3 2 3 7 4 6 4 5 4 7 4 2 fffftttt
121121fft	0102034342tttft	4 2 6 1 2 2 3 5 3 4 3 7 6 7 3 1 fffttttt
121121fft	0102034342ttttf	4 1 1 1 2 6 3 5 3 4 3 6 3 7 2 7 fffttttt
121121fft	0102034343ttfft	5 3 4 2 7 2 3 3 4 6 4 5 4 1 7 2 fffftttt
121121fft	0102034343tttft	4 2 7 1 2 2 3 5 3 4 3 6 3 1 7 1 fffttttt
121121fft	0102034343ttttf	4 1 1 1 2 7 3 5 3 4 3 6 3 7 2 7 fffttttt
121121fft	0102131414ttttf	4 2 5 1 2 2 3 5 3 4 3 6 5 7 5 1 fffttttt
121121fft	0102131424tffff	7 2 6 4 2 2 4 3 1 5 1 3 6 1 6 7 fffffftt
121121fft	0102131424ttfff	6 3 7 2 7 4 3 3 1 4 5 7 5 6 5 1 fffffttt
121121fft	0102131424tttff	5 3 6 2 7 2 3 3 4 6 4 5 4 7 6 1 fffftttt
121121fft	0102131424ttttf	4 2 6 1 2 2 3 5 3 4 3 6 5 7 5 1 fffttttt
121121fft	0102131434tffff	7 2 6 4 2 2 5 3 1 5 1 3 6 1 6 7 fffffftt
121121fft	0102131434ttfff	6 3 7 2 7 4 3 3 2 4 5 7 5 6 5 1 fffffttt
121121fft	0102131434tttff	5 2 6 3 2 2 1 3 4 6 4 5 4 7 6 1 fffftttt
121121fft	0102131434ttttf	4 2 7 1 2 2 3 5 3 4 3 6 5 7 5 1 fffttttt
121121fft	0102132424ttttf	4 2 6 1 2 2 3 5 3 4 3 6 5 7 6 1 fffttttt
121121fft	0102132434tffff	7 2 6 5 2 2 4 3 5 3 1 4 6 1 6 7 fffffftt
121121fft	0102132434ttfff	6 2 7 4 2 2 4 3 1 3 5 7 5 6 5 1 fffffttt
121121fft	0102132434tttff	5 2 7 3 2 2 1 3 4 6 4 5 4 7 6 1 fffftttt
121121fft	0102132434ttttf	4 2 7 1 2 2 3 5 3 4 3 6 5 7 6 1 fffttttt
121121fft	0102133434ttttf	4 2 7 1 2 2 3 5 3 4 3 6 5 7 7 1 fffttttt
121121fft	0102134302ttfff	6 3 7 4 5 1 3 3 2 4 5 7 5 6 5 1 fffffttt
121121fft	0102134302tttff	5 1 1 1 3 2 4 7 4 6 4 5 4 7 6 2 fffftttt
121121fft	0102134302ttttf	4 1 1 1 3 6 3 5 3 4 3 6 5 7 2 7 fffttttt
121121fft	0102134303ttfff	6 3 5 4 7 4 3 3 1 4 5 7 5 6 5 2 fffffttt
121121fft	0102134303tttff	5 2 4 3 2 2 1 3 4 6 4 5 4 7 6 3 fffftttt
121121fft	0102134303tttft	4 2 7 1 2 2 3 5 3 4 3 6 5 1 3 1 fffttttt
121121fft	0102134303ttttf	4 1 1 1 3 7 3 5 3 4 3 6 5 7 2 7 fffttttt
121121fft	0102134312tffff	7 2 6 4 2 2 5 3 1 3 1 4 6 1 6 7 fffffftt
121121fft	0102134312ttfff	6 3 7 4 7 1 3 3 2 4 5 7 5 6 5 1 fffffttt
121121fft	0102134312ttfft	5 3 6 2 7 2 3 3 4 6 4 5 4 1 6 1 fffftttt
121121fft	0102134312tttff	5 1 1 1 3 2 6 7 4 6 4 5 4 7 6 2 fffftttt
121121fft	0102134312tttft	4 2 6 1 2 2 3 5 3 4 3 7 5 7 5 1 fffttttt
121121fft	0102134312ttttf	4 1 1 1 5 6 3 5 3 4 3 6 5 7 2 7 fffttttt
121121fft	0102134313ttfft	5 3 6 2 7 2 3 3 4 6 4 5 4 1 6 2 fffftttt
121121fft	0102134313tttff	5 2 6 3 2 2 1 3 4 6 4 5 4 7 6 3 fffftttt
121121fft	0102134313ttttf	4 1 1 1 5 7 3 5 3 4 3 6 5 7 2 7 fffttttt
121121fft	0102134322tffff	7 2 6 5 2 2 4 3 5 5 1 3 6 1 6 7 fffffftt
121121fft	0102134322ttfff	6 2 7 3 2 2 4 3 1 1 5 7 5 6 5 1 fffffttt
121121fft	0102134322ttfft	5 3 6 2 7 2 3 3 4 6 4 5 4 1 1 1 fffftttt
121121fft	0102134322tttff	5 1 1 1 3 2 7 7 4 6 4 5 4 7 6 2 fffftttt
121121fft	0102134322tttft	4 2 6 1 2 2 3 5 3 4 3 7 7 7 5 1 fffttttt
121121fft	0102134322ttttf	4 1 1 1 6 6 3 5 3 4 3 6 5 7 2 7 fffttttt
121121fft	0102134323tffff	7 2 6 5 2 2 4 3 5 3 1 3 6 1 6 7 fffffftt
121121fft	0102134323ttfff	6 2 7 3 2 2 4 3 1 3 5 7 5 6 5 1 fffffttt
121121fft	0102134323ttfft	5 3 6 2 7 2 3 3 4 6 4 5 4 1 1 2 fffftttt
121121fft	0102134323tttff	5 2 7 3 2 2 1 3 4 6 4 5 4 7 6 3 fffftttt
121121fft	0102134323tttft	4 2 7 1 2 2 3 5 3 4 3 6 5 1 6 1 fffttttt
121121fft	0102134323ttttf	4 1 1 1 6 7 3 5 3 4 3 6 5 7 2 7 fffttttt
121121fft	0102134332tffff	7 2 6 5 2 2 4 3 3 5 1 3 6 1 6 7 fffffftt
121121fft	0102134332ttfff	6 2 7 3 2 2 4 3 3 1 5 7 5 6 5 1 fffffttt
121121fft	0102134332ttfft	5 3 6 2 7 2 3 3 4 6 4 5 4 1 2 1 fffftttt
121121fft	0102134332tttff	5 1 1 1 3 2 2 7 4 6 4 5 4 7 6 2 fffftttt
121121fft	0102134332tttft	4 2 7 1 2 2 3 5 3 4 3 6 5 1 1 6 fffttttt
121121fft	0102134332ttttf	4 1 1 1 7 6 3 5 3 4 3 6 5 7 2 7 fffttttt
121121fft	0102134333ttfft	5 3 6 2 7 2 3 3 4 6 4 5 4 1 2 2 fffftttt
121121fft	0102134333tttft	4 2 7 1 2 2 3 5 3 4 3 6 5 1 1 1 fffttttt
121121fft	0102134333ttttf	4 1 1 1 7 7 3 5 3 4 3 6 5 7 2 7 fffttttt
121121fft	0102134342tffff	7 2 6 5 2 2 4 3 4 5 1 3 6 1 6 7 fffffftt
121121fft	0102134342ttfff	6 2 7 3 2 2 4 3 4 1 5 7 5 6 5 1 fffffttt
121121fft	0102134342ttfft	5 3 6 2 7 2 3 3 4 6 4 5 4 1 7 1 fffftttt
121121fft	0102134342tttff	5 1 1 1 3 2 3 7 4 6 4 5 4 7 6 2 fffftttt
121121fft	0102134342tttft	4 2 6 1 2 2 3 5 3 4 3 7 6 7 5 1 fffttttt
121121fft	0102134342ttttf	4 1 1 1 2 6 3 5 3 4 3 6 5 7 2 7 fffttttt
121121fft	0102134343ttfft	5 3 6 2 7 2 3 3 4 6 4 5 4 1 7 2 fffftttt
121121fft	0102134343tttft	4 2 7 1 2 2 3 5 3 4 3 6 5 1 7 1 fffttttt
121121fft	0102134343ttttf	4 1 1 1 2 7 3 5 3 4 3 6 5 7 2 7 fffttttt
121121fft	0102232424ttttf	4 2 6 1 2 2 3 5 3 4 3 6 6 7 6 1 fffttttt
121121fft	0102232434tttff	5 2 7 3 2 2 1 3 4 6 4 5 4 7 7 1 fffftttt
121121fft	0102232434ttttf	4 2 7 1 2 2 3 5 3 4 3 6 6 7 6 1 fffttttt
121121fft	0102233434ttttf	4 2 7 1 2 2 3 5 3 4 3 6 6 7 7 1 fffttttt
121121fft	0102234323tttff	5 2 7 3 2 2 1 3 4 6 4 5 4 7 7 3 fffftttt
121121fft	0102234323ttttf	4 1 1 1 6 7 3 5 3 4 3 6 6 7 2 7 fffttttt
121121fft	0102234333tttft	4 2 7 1 2 2 3 5 3 4 3 6 6 1 1 1 fffttttt
121121fft	0102234333ttttf	4 1 1 1 7 7 3 5 3 4 3 6 6 7 2 7 fffttttt
121121fft	0102234343ttttf	4 1 1 1 2 7 3 5 3 4 3 6 6 7 2 7 fffttttt
121121fft	0102320402ttfff	6 3 5 4 5 1 3 3 2 4 5 7 5 6 5 4 fffffttt
121121fft	0102320402ttftf	5 3 7 1 4 1 3 3 4 6 4 5 4 1 4 2 fffftttt
121121fft	0102320402tttff	5 2 4 3 2 2 4 7 4 6 4 5 4 7 1 7 fffftttt
121121fft	0102320402ttttf	4 1 1 1 3 6 3 5 3 4 3 6 7 6 3 2 fffttttt
121121fft	0102320412tfftf	7 3 5 2 6 2 3 3 1 2 5 1 5 4 5 7 fffffttt
121121fft	0102320412ttfff	6 3 5 2 7 4 3 3 1 4 5 7 5 6 5 4 fffffttt
121121fft	0102320412ttfft	5 1 1 1 3 2 4 7 4 6 4 5 4 2 6 2 fffftttt
121121fft	0102320412ttftt	5 2 4 1 2 2 3 6 3 7 3 5 3 1 6 1 fffttttt
121121fft	0102320412tttff	5 2 4 3 2 2 6 7 4 6 4 5 4 7 1 7 fffftttt
121121fft	0102320412tttft	4 1 1 1 3 6 3 5 3 4 3 7 5 7 2 7 fffttttt
121121fft	0102320412ttttf	4 1 1 1 5 6 3 5 3 4 3 6 7 6 3 2 fffttttt
121121fft	0102320422tffff	7 3 6 5 6 4 3 3 5 5 2 5 6 1 6 7 fffffftt
121121fft	0102320422tfftf	7 3 5 2 6 2 3 3 2 2 5 1 5 4 5 7 fffffttt
121121fft	0102320422ttfff	6 2 5 3 2 2 4 4 1 4 5 7 5 6 5 4 fffffttt
121121fft	0102320422ttfft	5 1 1 1 3 2 4 7 4 6 4 5 4 2 2 2 fffftttt
121121fft	0102320422ttftf	5 2 7 1 2 2 1 1 4 6 4 5 4 1 4 3 fffftttt
121121fft	0102320422ttftt	4 2 5 1 2 2 3 6 3 4 3 7 3 1 1 1 fffttttt
121121fft	0102320422tttff	5 2 4 3 2 2 7 7 4 6 4 5 4 7 1 7 fffftttt
121121fft	0102320422tttft	4 1 1 1 3 6 3 5 3 4 3 7 7 7 2 7 fffttttt
121121fft	0102320422ttttf	4 1 1 1 6 6 3 5 3 4 3 6 7 6 3 2 fffttttt
121121fft	0102320432ttfft	5 1 1 1 3 2 4 7 4 6 4 5 4 2 3 2 fffftttt
121121fft	0102320432tttff	5 2 4 3 2 2 1 7 4 6 4 5 4 7 1 7 fffftttt
121121fft	0102320432ttttf	4 1 1 1 7 6 3 5 3 4 3 6 7 6 3 2 fffttttt
121121fft	0102320434tttff	5 2 4 3 2 2 1 3 4 6 4 5 4 7 1 7 fffftttt
121121fft	0102320434ttttf	4 2 7 1 2 2 3 5 3 4 3 6 7 6 3 1 fffttttt
121121fft	0102320442tffff	7 3 6 5 6 4 3 3 4 5 2 5 6 1 6 7 fffffftt
121121fft	0102320442tfftf	7 3 5 2 6 2 3 3 4 2 5 1 5 4 5 7 fffffttt
121121fft	0102320442ttfff	6 2 5 3 2 2 3 4 1 4 5 7 5 6 5 4 fffffttt
121121fft	0102320442ttfft	5 1 1 1 3 2 4 7 4 6 4 5 4 2 7 2 fffftttt
121121fft	0102320442ttftf	5 2 7 1 2 2 3 1 4 6 4 5 4 1 4 3 fffftttt
121121fft	0102320442ttftt	5 2 4 1 2 2 3 6 3 7 3 5 3 1 7 1 fffttttt
121121fft	0102320442tttff	5 2 4 3 2 2 3 7 4 6 4 5 4 7 1 7 fffftttt
121121fft	0102320442tttft	4 1 1 1 3 6 3 5 3 4 3 7 6 7 2 7 fffttttt
121121fft	0102320442ttttf	4 1 1 1 2 6 3 5 3 4 3 6 7 6 3 2 fffttttt
121121fft	0102321402ttfff	6 3 5 4 7 1 3 3 2 4 5 7 5 6 5 4 fffffttt
121121fft	0102321402ttftf	5 3 7 1 4 1 3 3 4 6 4 5 4 1 6 2 fffftttt
121121fft	0102321402tttff	5 2 6 3 2 2 4 7 4 6 4 5 4 7 1 7 fffftttt
121121fft	0102321402ttttf	4 1 1 1 3 6 3 5 3 4 3 6 7 6 5 2 fffttttt
121121fft	0102321412tffff	7 2 6 3 2 2 4 3 1 5 1 3 6 1 6 7 fffffftt
121121fft	0102321412tfftf	6 3 5 2 7 2 3 3 1 2 5 1 5 6 1 4 fffffttt
121121fft	0102321412ttfff	6 3 7 2 7 4 3 3 1 4 5 7 5 6 5 4 fffffttt
121121fft	0102321412ttfft	5 1 1 1 3 2 6 7 4 6 4 5 4 2 6 2 fffftttt
121121fft	0102321412ttftf	5 3 7 1 6 1 3 3 4 6 4 5 4 1 6 2 fffftttt
121121fft	0102321412ttftt	4 2 5 1 2 2 3 6 3 4 6 7 3 1 6 1 fffttttt
121121fft	0102321412tttff	5 2 6 3 2 2 6 7 4 6 4 5 4 7 1 7 fffftttt
121121fft	0102321412tttft	4 1 1 1 5 6 3 5 3 4 3 7 5 7 2 7 fffttttt
121121fft	0102321412ttttf	4 1 1 1 5 6 3 5 3 4 3 6 7 6 5 2 fffttttt
121121fft	0102321422tffff	7 2 6 4 2 2 4 4 5 4 1 3 6 1 6 7 fffffftt
121121fft	0102321422tfftf	6 3 5 2 7 2 3 3 2 2 5 1 5 6 1 4 fffffttt
121121fft	0102321422ttfff	6 2 7 3 2 2 4 4 1 4 5 7 5 6 5 4 fffffttt
121121fft	0102321422ttfft	5 1 1 1 3 2 6 7 4 6 4 5 4 2 2 2 fffftttt
121121fft	0102321422ttftf	5 2 7 1 2 2 1 1 4 6 4 5 4 1 6 3 fffftttt
121121fft	0102321422ttftt	4 2 5 1 2 2 3 6 3 4 6 7 3 1 1 1 fffttttt
121121fft	0102321422tttff	5 2 6 3 2 2 7 7 4 6 4 5 4 7 1 7 fffftttt
121121fft	0102321422tttft	4 1 1 1 5 6 3 5 3 4 3 7 7 7 2 7 fffttttt
121121fft	0102321422ttttf	4 1 1 1 6 6 3 5 3 4 3 6 7 6 5 2 fffttttt
121121fft	0102321432ttfft	5 1 1 1 3 2 6 7 4 6 4 5 4 2 3 2 fffftttt
121121fft	0102321432ttftt	4 2 5 1 2 2 3 6 3 4 6 7 3 1 5 1 fffttttt
121121fft	0102321432tttff	5 2 6 3 2 2 1 7 4 6 4 5 4 7 1 7 fffftttt
121121fft	0102321432ttttf	4 1 1 1 7 6 3 5 3 4 3 6 7 6 5 2 fffttttt
121121fft	0102321434tttff	5 2 6 3 2 2 1 3 4 6 4 5 4 7 1 7 fffftttt
121121fft	0102321434ttttf	4 2 7 1 2 2 3 5 3 4 3 6 7 6 5 1 fffttttt
121121fft	0102321442tffff	7 2 6 4 2 2 3 4 5 4 1 3 6 1 6 7 fffffftt
121121fft	0102321442tfftf	6 3 5 2 7 2 3 3 4 2 5 1 5 6 1 4 fffffttt
121121fft	0102321442ttfff	6 2 7 3 2 2 3 4 1 4 5 7 5 6 5 4 fffffttt
121121fft	0102321442ttfft	5 1 1 1 3 2 6 7 4 6 4 5 4 2 7 2 fffftttt
121121fft	0102321442ttftf	5 2 7 1 2 2 3 1 4 6 4 5 4 1 6 3 fffftttt
121121fft	0102321442ttftt	4 2 5 1 2 2 3 6 3 4 6 7 3 1 7 1 fffttttt
121121fft	0102321442tttff	5 2 6 3 2 2 3 7 4 6 4 5 4 7 1 7 fffftttt
121121fft	0102321442tttft	4 1 1 1 5 6 3 5 3 4 3 7 6 7 2 7 fffttttt
121121fft	0102321442ttttf	4 1 1 1 2 6 3 5 3 4 3 6 7 6 5 2 fffttttt
121121fft	0102322402ttfff	6 2 5 3 2 2 4 3 3 1 5 7 5 6 5 3 fffffttt
121121fft	0102322402ttftf	5 3 7 1 4 1 3 3 4 6 4 5 4 1 1 2 fffftttt
121121fft	0102322402tttff	5 2 7 3 2 2 4 7 4 6 4 5 4 7 1 7 fffftttt
121121fft	0102322402ttttf	4 1 1 1 3 6 3 5 3 4 3 6 7 6 6 2 fffttttt
121121fft	0102322412tffff	7 2 6 3 2 2 4 3 3 5 1 3 6 1 6 7 fffffftt
121121fft	0102322412tfftf	6 3 5 2 7 2 3 3 1 2 5 1 5 6 2 4 fffffttt
121121fft	0102322412ttfff	6 2 7 3 2 2 4 3 3 1 5 7 5 6 5 3 fffffttt
121121fft	0102322412ttfft	5 1 1 1 3 2 2 7 4 6 4 5 4 2 6 2 fffftttt
121121fft	0102322412ttftf	5 3 7 1 6 1 3 3 4 6 4 5 4 1 1 2 fffftttt
121121fft	0102322412ttftt	4 2 7 1 2 2 3 5 3 4 3 1 5 1 1 6 fffttttt
121121fft	0102322412tttff	5 2 7 3 2 2 6 7 4 6 4 5 4 7 1 7 fffftttt
121121fft	0102322412tttft	4 1 1 1 7 6 3 5 3 4 3 7 5 7 2 7 fffttttt
121121fft	0102322412ttttf	4 1 1 1 5 6 3 5 3 4 3 6 7 6 6 2 fffttttt
121121fft	0102322422tfftf	6 3 5 2 7 2 3 3 2 2 5 1 5 6 2 4 fffffttt
121121fft	0102322422ttfft	5 1 1 1 3 2 2 7 4 6 4 5 4 2 2 2 fffftttt
121121fft	0102322422ttftf	5 2 7 1 2 2 1 1 4 6 4 5 4 1 1 3 fffftttt
121121fft	0102322422ttftt	4 2 6 1 2 2 3 5 3 4 3 1 1 7 1 1 fffttttt
121121fft	0102322422tttff	5 2 7 3 2 2 7 7 4 6 4 5 4 7 1 7 fffftttt
121121fft	0102322422tttft	4 1 1 1 7 6 3 5 3 4 3 7 7 7 2 7 fffttttt
121121fft	0102322422ttttf	4 1 1 1 6 6 3 5 3 4 3 6 7 6 6 2 fffttttt
121121fft	0102322432ttfft	5 1 1 1 3 2 2 7 4 6 4 5 4 2 3 2 fffftttt
121121fft	0102322432ttftt	4 2 7 1 2 2 3 5 3 4 3 1 7 1 1 6 fffttttt
121121fft	0102322432tttff	5 2 7 3 2 2 1 7 4 6 4 5 4 7 1 7 fffftttt
121121fft	0102322432ttttf	4 1 1 1 7 6 3 5 3 4 3 6 7 6 6 2 fffttttt
121121fft	0102322434tttff	5 2 7 3 2 2 1 3 4 6 4 5 4 7 1 7 fffftttt
121121fft	0102322434ttttf	4 2 7 1 2 2 3 5 3 4 3 6 7 6 6 1 fffttttt
121121fft	0102322442tfftf	6 3 5 2 7 2 3 3 4 2 5 1 5 6 2 4 fffffttt
121121fft	0102322442ttfft	5 1 1 1 3 2 2 7 4 6 4 5 4 2 7 2 fffftttt
121121fft	0102322442ttftf	5 2 7 1 2 2 3 1 4 6 4 5 4 1 1 3 fffftttt
121121fft	0102322442ttftt	4 2 7 1 2 2 3 5 3 4 3 1 6 1 1 6 fffttttt
121121fft	0102322442tttff	5 2 7 3 2 2 3 7 4 6 4 5 4 7 1 7 fffftttt
121121fft	0102322442tttft	4 1 1 1 7 6 3 5 3 4 3 7 6 7 2 7 fffttttt
121121fft	0102322442ttttf	4 1 1 1 2 6 3 5 3 4 3 6 7 6 6 2 fffttttt
121121fft	0102323402ttfff	6 2 5 3 2 2 4 3 4 1 5 7 5 6 5 3 fffffttt
121121fft	0102323402ttftf	5 3 7 1 4 1 3 3 4 6 4 5 4 1 7 2 fffftttt
121121fft	0102323402tttff	5 1 1 1 2 3 4 7 4 6 4 5 4 7 2 7 fffftttt
121121fft	0102323402ttttf	4 1 1 1 3 6 3 5 3 4 3 6 7 6 7 2 fffttttt
121121fft	0102323412tffff	7 2 6 3 2 2 4 3 4 5 1 3 6 1 6 7 fffffftt
121121fft	0102323412tfftf	7 3 5 2 6 2 3 3 1 2 5 1 6 4 5 7 fffffttt
121121fft	0102323412ttfff	6 2 7 3 2 2 4 3 4 1 5 7 5 6 5 3 fffffttt
121121fft	0102323412ttfft	5 1 1 1 3 2 3 7 4 6 4 5 4 2 6 2 fffftttt
121121fft	0102323412ttftf	5 3 7 1 6 1 3 3 4 6 4 5 4 1 7 2 fffftttt
121121fft	0102323412ttftt	5 2 4 1 2 2 3 6 4 7 3 5 3 1 6 1 fffttttt
121121fft	0102323412tttff	5 1 1 1 2 3 6 7 4 6 4 5 4 7 2 7 fffftttt
121121fft	0102323412tttft	4 1 1 1 2 6 3 5 3 4 3 7 5 7 2 7 fffttttt
121121fft	0102323412ttttf	4 1 1 1 5 6 3 5 3 4 3 6 7 6 7 2 fffttttt
121121fft	0102323422tfftf	7 3 5 2 6 2 3 3 2 2 5 1 6 4 5 7 fffffttt
121121fft	0102323422ttfft	5 1 1 1 3 2 3 7 4 6 4 5 4 2 2 2 fffftttt
121121fft	0102323422ttftf	5 2 7 1 2 2 1 1 4 6 4 5 4 1 7 3 fffftttt
121121fft	0102323422ttftt	4 2 5 1 2 2 3 6 3 4 5 7 3 1 1 1 fffttttt
121121fft	0102323422tttff	5 1 1 1 2 3 7 7 4 6 4 5 4 7 2 7 fffftttt
121121fft	0102323422tttft	4 1 1 1 2 6 3 5 3 4 3 7 7 7 2 7 fffttttt
121121fft	0102323422ttttf	4 1 1 1 6 6 3 5 3 4 3 6 7 6 7 2 fffttttt
121121fft	0102323432ttfft	5 1 1 1 3 2 3 7 4 6 4 5 4 2 3 2 fffftttt
121121fft	0102323432tttff	5 1 1 1 2 3 2 7 4 6 4 5 4 7 2 7 fffftttt
121121fft	0102323432ttttf	4 1 1 1 7 6 3 5 3 4 3 6 7 6 7 2 fffttttt
121121fft	0102323433tttft	4 1 1 1 2 7 3 5 3 4 3 6 2 6 2 2 fffttttt
121121fft	0102323433ttttf	4 1 1 1 7 7 3 5 3 4 3 6 7 6 7 2 fffttttt
121121fft	0102323434ttttf	4 2 7 1 2 2 3 5 3 4 3 6 7 6 7 1 fffttttt
121121fft	0102323442tfftf	7 3 5 2 6 2 3 3 4 2 5 1 6 4 5 7 fffffttt
121121fft	0102323442ttfft	5 1 1 1 3 2 3 7 4 6 4 5 4 2 7 2 fffftttt
121121fft	0102323442ttftf	5 2 7 1 2 2 3 1 4 6 4 5 4 1 7 3 fffftttt
121121fft	0102323442ttftt	5 2 4 1 2 2 3 6 4 7 3 5 3 1 7 1 fffttttt
121121fft	0102323442tttff	5 1 1 1 2 3 3 7 4 6 4 5 4 7 2 7 fffftttt
121121fft	0102323442tttft	4 1 1 1 2 6 3 5 3 4 3 7 6 7 2 7 fffttttt
121121fft	0102323442ttttf	4 1 1 1 2 6 3 5 3 4 3 6 7 6 7 2 fffttttt
121121fft	0102324101tffff	7 3 6 4 6 1 3 3 5 4 2 1 6 1 6 7 fffffftt
121121fft	0102324101tfftf	6 4 5 3 5 1 7 3 4 4 5 1 5 6 2 1 fffffttt
121121fft	0102324101ttfff	6 1 1 1 3 2 4 7 5 7 5 7 5 6 5 2 fffffttt
121121fft	0102324101ttftf	5 2 7 1 2 2 4 6 4 6 4 5 4 1 3 6 fffftttt
121121fft	0102324101tttff	5 1 1 1 3 6 4 6 4 6 4 5 4 7 2 7 fffftttt
121121fft	0102324101ttttf	4 1 1 1 3 5 3 5 3 4 3 6 7 6 2 5 fffttttt
121121fft	0102324102tffft	7 3 5 4 6 1 3 3 2 4 5 1 5 4 5 7 fffffttt
121121fft	0102324102ttfff	6 2 5 3 2 2 4 3 1 7 5 7 5 6 5 3 fffffttt
121121fft	0102324102ttftf	5 3 7 1 4 1 3 3 4 6 4 5 4 1 2 6 fffftttt
121121fft	0102324102tttff	5 1 1 1 3 6 4 7 4 6 4 5 4 7 2 7 fffftttt
121121fft	0102324102ttttf	4 1 1 1 3 6 3 5 3 4 3 6 7 6 2 5 fffttttt
121121fft	0102324111tffff	7 2 6 3 2 2 4 3 5 1 1 1 6 1 6 7 fffffftt
121121fft	0102324111tffft	6 3 5 4 7 1 3 3 2 4 5 1 5 6 1 1 fffffttt
121121fft	0102324111tfftf	6 3 5 2 7 2 3 3 1 1 5 1 5 6 4 1 fffffttt
121121fft	0102324111tfftt	6 3 4 2 5 2 3 3 4 1 7 1 4 6 1 1 fffftttt
121121fft	0102324111ttfff	6 1 1 1 3 2 4 7 7 7 5 7 5 6 5 2 fffffttt
121121fft	0102324111ttfft	5 1 1 1 3 2 6 7 4 7 4 5 7 7 4 2 fffftttt
121121fft	0102324111ttftf	5 2 7 1 2 2 6 6 4 6 4 5 4 1 3 6 fffftttt
121121fft	0102324111ttftt	5 2 4 1 2 2 3 7 6 7 3 5 7 7 3 1 fffttttt
121121fft	0102324111tttff	5 1 1 1 3 6 6 6 4 6 4 5 4 7 2 7 fffftttt
121121fft	0102324111tttft	4 1 1 1 5 6 3 6 3 4 6 6 3 7 2 7 fffttttt
121121fft	0102324111ttttf	4 1 1 1 5 5 3 5 3 4 3 6 7 6 2 5 fffttttt
121121fft	0102324112tffff	7 2 6 3 2 2 4 3 5 1 1 3 6 1 6 7 fffffftt
121121fft	0102324112tffft	6 3 5 4 7 1 3 3 2 4 5 1 5 6 1 4 fffffttt
121121fft	0102324112tfftf	6 3 5 2 7 2 3 3 1 2 5 1 5 6 4 1 fffffttt
121121fft	0102324112tfftt	6 3 4 2 5 2 3 3 4 1 7 1 4 6 1 2 fffftttt
121121fft	0102324112ttfff	6 2 7 3 2 2 4 3 1 7 5 7 5 6 5 3 fffffttt
121121fft	0102324112ttfft	5 1 1 1 3 2 7 6 4 6 4 5 4 2 6 2 fffftttt
121121fft	0102324112ttftf	5 3 7 1 6 1 3 3 4 6 4 5 4 1 2 6 fffftttt
121121fft	0102324112ttftt	4 2 5 1 2 2 3 6 3 4 7 6 3 1 6 1 fffttttt
121121fft	0102324112tttff	5 1 1 1 3 6 6 7 4 6 4 5 4 7 2 7 fffftttt
121121fft	0102324112tttft	4 1 1 1 6 5 3 5 3 4 3 7 5 7 2 7 fffttttt
121121fft	0102324112ttttf	4 1 1 1 5 6 3 5 3 4 3 6 7 6 2 5 fffttttt
121121fft	0102324121tffff	7 2 6 3 2 2 4 3 5 1 3 1 6 1 6 7 fffffftt
121121fft	0102324121tffft	6 3 5 4 7 1 3 3 2 4 5 1 5 6 4 1 fffffttt
121121fft	0102324121tfftf	6 3 5 2 7 2 3 3 2 1 5 1 5 6 4 1 fffffttt
121121fft	0102324121tfftt	6 3 4 2 5 2 3 3 4 1 7 1 4 6 2 1 fffftttt
121121fft	0102324121ttfff	6 1 1 1 3 2 4 7 2 7 5 7 5 6 5 2 fffffttt
121121fft	0102324121ttfft	5 1 1 1 3 2 7 6 4 6 4 5 4 2 2 6 fffftttt
121121fft	0102324121ttftf	5 2 7 1 2 2 1 6 4 6 4 5 4 1 3 6 fffftttt
121121fft	0102324121ttftt	4 2 5 1 2 2 3 6 3 4 7 6 3 1 1 6 fffttttt
121121fft	0102324121tttff	5 1 1 1 3 6 7 6 4 6 4 5 4 7 2 7 fffftttt
121121fft	0102324121tttft	4 1 1 1 6 5 3 5 3 4 3 7 7 5 2 7 fffttttt
121121fft	0102324121ttttf	4 1 1 1 6 5 3 5 3 4 3 6 7 6 2 5 fffttttt
121121fft	0102324122tffff	7 2 6 4 2 2 4 4 5 4 3 1 6 1 6 7 fffffftt
121121fft	0102324122tffft	6 3 5 4 7 1 3 3 2 4 5 1 5 6 4 4 fffffttt
121121fft	0102324122tfftf	6 3 5 2 7 2 3 3 2 2 5 1 5 6 4 1 fffffttt
121121fft	0102324122tfftt	6 3 4 2 5 2 3 3 4 1 7 1 4 6 2 2 fffftttt
121121fft	0102324122ttfff	6 1 1 1 3 3 4 3 2 7 5 7 5 6 5 3 fffffttt
121121fft	0102324122ttfft	5 1 1 1 3 2 7 6 4 6 4 5 4 2 2 2 fffftttt
121121fft	0102324122ttftf	5 2 7 1 2 2 1 1 4 6 4 5 4 1 3 6 fffftttt
121121fft	0102324122ttftt	4 2 5 1 2 2 3 6 3 4 7 6 3 1 1 1 fffttttt
121121fft	0102324122tttff	5 1 1 1 3 6 7 7 4 6 4 5 4 7 2 7 fffftttt
121121fft	0102324122tttft	4 1 1 1 6 5 3 5 3 4 3 7 7 7 2 7 fffttttt
121121fft	0102324122ttttf	4 1 1 1 6 6 3 5 3 4 3 6 7 6 2 5 fffttttt
121121fft	0102324131tffft	6 3 5 4 7 1 3 3 2 4 5 1 5 6 2 1 fffffttt
121121fft	0102324131tfftf	6 4 5 2 7 2 7 1 4 4 5 1 5 6 3 1 fffffttt
121121fft	0102324131ttfft	5 1 1 1 3 2 7 6 4 6 4 5 4 2 3 6 fffftttt
121121fft	0102324131ttftf	5 2 7 1 2 2 7 6 4 6 4 5 4 1 3 6 fffftttt
121121fft	0102324131tttft	4 1 1 1 7 5 3 5 3 4 3 6 2 6 2 5 fffttttt
121121fft	0102324131ttttf	4 1 1 1 7 5 3 5 3 4 3 6 7 6 2 5 fffttttt
121121fft	0102324132tffft	6 3 5 4 7 1 3 3 2 4 5 1 5 6 2 4 fffffttt
121121fft	0102324132ttfft	5 1 1 1 3 2 7 6 4 6 4 5 4 2 3 2 fffftttt
121121fft	0102324132ttftt	4 2 5 1 2 2 3 6 3 4 7 6 3 1 5 1 fffttttt
121121fft	0102324132tttff	5 1 1 1 3 6 2 7 4 6 4 5 4 7 2 7 fffftttt
121121fft	0102324132ttttf	4 1 1 1 7 6 3 5 3 4 3 6 7 6 2 5 fffttttt
121121fft	0102324134tttff	5 1 1 1 3 2 2 6 4 6 4 5 4 7 3 7 fffftttt
121121fft	0102324134ttttf	4 2 7 1 2 2 3 5 3 4 3 6 7 6 1 5 fffttttt
121121fft	0102324141tfftf	6 3 5 2 7 2 3 3 4 1 5 1 5 6 4 1 fffffttt
121121fft	0102324141ttftf	5 2 7 1 2 2 3 6 4 6 4 5 4 1 3 6 fffftttt
121121fft	0102324141ttttf	4 1 1 1 2 5 3 5 3 4 3 6 7 6 2 5 fffttttt
121121fft	0102324142tffff	7 2 6 4 2 2 3 4 5 4 3 1 6 1 6 7 fffffftt
121121fft	0102324142tffft	7 3 5 4 6 1 3 3 2 4 5 1 6 4 5 7 fffffttt
121121fft	0102324142tfftf	6 3 5 2 7 2 3 3 4 2 5 1 5 6 4 1 fffffttt
121121fft	0102324142ttfff	6 1 1 1 2 3 4 3 2 7 5 7 5 6 5 3 fffffttt
121121fft	0102324142ttfft	5 1 1 1 3 2 7 6 4 6 4 5 4 2 7 2 fffftttt
121121fft	0102324142ttftf	5 2 7 1 2 2 3 1 4 6 4 5 4 1 3 6 fffftttt
121121fft	0102324142ttftt	4 2 5 1 2 2 3 6 3 4 7 6 3 1 7 1 fffttttt
121121fft	0102324142tttff	5 1 1 1 3 6 3 7 4 6 4 5 4 7 2 7 fffftttt
121121fft	0102324142tttft	4 1 1 1 6 5 3 5 3 4 3 7 6 7 2 7 fffttttt
121121fft	0102324142ttttf	4 1 1 1 2 6 3 5 3 4 3 6 7 6 2 5 fffttttt
121121fft	0102324201tffff	7 3 6 4 6 1 3 3 5 4 2 4 6 1 6 7 fffffftt
121121fft	0102324201tfftf	6 4 5 3 5 1 7 3 4 4 5 1 5 6 2 3 fffffttt
121121fft	0102324201ttfff	6 1 1 1 3 2 4 2 5 7 5 7 5 6 5 2 fffffttt
121121fft	0102324201ttftf	5 2 7 1 2 2 4 6 4 6 4 5 4 1 3 1 fffftttt
121121fft	0102324201tttff	5 1 1 1 3 7 4 6 4 6 4 5 4 7 2 7 fffftttt
121121fft	0102324201ttttf	4 1 1 1 3 5 3 5 3 4 3 6 7 6 2 6 fffttttt
121121fft	0102324202tffft	7 3 5 4 6 4 3 3 2 4 5 1 5 4 5 7 fffffttt
121121fft	0102324202ttfff	6 2 5 3 2 2 4 3 1 3 5 7 5 6 5 3 fffffttt
121121fft	0102324202ttftf	5 3 7 1 4 1 3 3 4 6 4 5 4 1 2 1 fffftttt
121121fft	0102324202tttff	5 1 1 1 3 7 4 7 4 6 4 5 4 7 2 7 fffftttt
121121fft	0102324202ttttf	4 1 1 1 3 6 3 5 3 4 3 6 7 6 2 6 fffttttt
121121fft	0102324203tffff	7 3 6 4 6 5 3 3 5 4 2 4 6 1 6 7 fffffftt
121121fft	0102324203ttfff	6 2 5 4 2 2 4 3 1 3 5 7 5 6 5 3 fffffttt
121121fft	0102324203ttfft	5 2 7 3 2 2 1 3 4 6 4 5 4 3 4 1 fffftttt
121121fft	0102324203ttftf	5 2 7 1 2 2 4 7 4 6 4 5 4 1 3 1 fffftttt
121121fft	0102324203tttff	5 2 4 3 2 2 1 7 4 6 4 5 4 7 3 7 fffftttt
121121fft	0102324203tttft	4 1 1 1 7 6 3 5 3 4 3 6 2 6 3 2 fffttttt
121121fft	0102324203ttttf	4 1 1 1 3 7 3 5 3 4 3 6 7 6 2 6 fffttttt
121121fft	0102324211tffff	7 2 6 3 2 2 4 3 5 3 1 1 6 1 6 7 fffffftt
121121fft	0102324211tffft	6 3 5 4 7 4 3 3 2 4 5 1 5 6 1 1 fffffttt
121121fft	0102324211tfftf	6 3 5 2 7 2 3 3 1 1 5 1 5 6 4 2 fffffttt
121121fft	0102324211tfftt	6 3 4 2 5 2 3 3 4 1 7 2 4 6 1 1 fffftttt
121121fft	0102324211ttfff	6 1 1 1 3 2 4 2 7 7 5 7 5 6 5 2 fffffttt
121121fft	0102324211ttfft	5 2 6 3 2 2 1 3 4 7 4 5 7 7 4 3 fffftttt
121121fft	0102324211ttftf	5 2 7 1 2 2 6 6 4 6 4 5 4 1 3 1 fffftttt
121121fft	0102324211ttftt	4 2 7 1 2 2 3 6 3 4 6 6 3 1 5 1 fffttttt
121121fft	0102324211tttff	5 1 1 1 3 7 6 6 4 6 4 5 4 7 2 7 fffftttt
121121fft	0102324211tttft	4 1 1 1 5 7 3 6 3 4 6 6 3 7 2 7 fffttttt
121121fft	0102324211ttttf	4 1 1 1 5 5 3 5 3 4 3 6 7 6 2 6 fffttttt
121121fft	0102324212tffff	7 2 6 3 2 2 4 3 5 3 1 3 6 1 6 7 fffffftt
121121fft	0102324212tffft	6 3 5 4 7 4 3 3 2 4 5 1 5 6 1 4 fffffttt
121121fft	0102324212tfftf	6 3 5 2 7 2 3 3 1 2 5 1 5 6 4 2 fffffttt
121121fft	0102324212tfftt	6 3 4 2 5 2 3 3 4 1 7 2 4 6 1 2 fffftttt
121121fft	0102324212ttfff	6 2 7 3 2 2 4 3 1 3 5 7 5 6 5 3 fffffttt
121121fft	0102324212ttfft	5 2 7 3 2 2 1 3 4 6 4 5 4 3 6 3 fffftttt
121121fft	0102324212ttftf	5 3 7 1 6 1 3 3 4 6 4 5 4 1 2 1 fffftttt
121121fft	0102324212ttftt	4 2 6 1 2 2 3 5 3 4 3 1 7 1 5 1 fffttttt
121121fft	0102324212tttff	5 1 1 1 3 7 6 7 4 6 4 5 4 7 2 7 fffftttt
121121fft	0102324212tttft	4 1 1 1 6 7 3 5 3 4 3 7 5 7 2 7 fffttttt
121121fft	0102324212ttttf	4 1 1 1 5 6 3 5 3 4 3 6 7 6 2 6 fffttttt
121121fft	0102324213tffff	7 2 6 3 2 2 4 3 5 3 1 4 6 1 6 7 fffffftt
121121fft	0102324213tffft	6 3 5 4 7 4 3 3 2 4 5 1 5 6 1 2 fffffttt
121121fft	0102324213ttfff	6 2 7 4 2 2 4 3 1 3 5 7 5 6 5 3 fffffttt
121121fft	0102324213ttfft	5 2 7 3 2 2 1 3 4 6 4 5 4 3 6 1 fffftttt
121121fft	0102324213ttftf	5 2 7 1 2 2 6 7 4 6 4 5 4 1 3 1 fffftttt
121121fft	0102324213ttftt	4 2 7 1 2 2 3 6 3 4 6 7 3 1 5 1 fffttttt
121121fft	0102324213tttff	5 2 6 3 2 2 1 7 4 6 4 5 4 7 3 7 fffftttt
121121fft	0102324213tttft	4 1 1 1 7 6 3 5 3 4 3 6 2 6 5 2 fffttttt
121121fft	0102324213ttttf	4 1 1 1 5 7 3 5 3 4 3 6 7 6 2 6 fffttttt
121121fft	0102324221tffff	7 2 6 3 2 2 4 3 5 3 3 1 6 1 6 7 fffffftt
121121fft	0102324221tffft	6 3 5 4 7 4 3 3 2 4 5 1 5 6 4 1 fffffttt
121121fft	0102324221tfftf	6 3 5 2 7 2 3 3 2 1 5 1 5 6 4 2 fffffttt
121121fft	0102324221tfftt	6 3 4 2 5 2 3 3 4 1 7 2 4 6 2 1 fffftttt
121121fft	0102324221ttfff	6 1 1 1 3 2 4 2 2 7 5 7 5 6 5 2 fffffttt
121121fft	0102324221ttfft	5 2 7 3 2 2 1 3 4 6 4 5 4 3 3 6 fffftttt
121121fft	0102324221ttftf	5 2 7 1 2 2 1 6 4 6 4 5 4 1 3 1 fffftttt
121121fft	0102324221ttftt	4 2 6 1 2 2 3 5 3 4 3 1 7 1 1 5 fffttttt
121121fft	0102324221tttff	5 1 1 1 3 7 7 6 4 6 4 5 4 7 2 7 fffftttt
121121fft	0102324221tttft	4 1 1 1 6 7 3 5 3 4 3 7 7 5 2 7 fffttttt
121121fft	0102324221ttttf	4 1 1 1 6 5 3 5 3 4 3 6 7 6 2 6 fffttttt
121121fft	0102324222tffft	6 3 5 4 7 4 3 3 2 4 5 1 5 6 4 4 fffffttt
121121fft	0102324222tfftf	6 3 5 2 7 2 3 3 2 2 5 1 5 6 4 2 fffffttt
121121fft	0102324222tfftt	6 3 4 2 5 2 3 3 4 1 7 2 4 6 2 2 fffftttt
121121fft	0102324222ttfft	5 2 7 3 2 2 1 3 4 6 4 5 4 3 3 3 fffftttt
121121fft	0102324222ttftf	5 2 7 1 2 2 1 1 4 6 4 5 4 1 3 1 fffftttt
121121fft	0102324222ttftt	4 2 6 1 2 2 3 5 3 4 3 1 7 1 1 1 fffttttt
121121fft	0102324222tttff	5 1 1 1 3 7 7 7 4 6 4 5 4 7 2 7 fffftttt
121121fft	0102324222tttft	4 1 1 1 6 7 3 5 3 4 3 7 7 7 2 7 fffttttt
121121fft	0102324222ttttf	4 1 1 1 6 6 3 5 3 4 3 6 7 6 2 6 fffttttt
121121fft	0102324223tffft	6 3 5 4 7 4 3 3 2 4 5 1 5 6 4 2 fffffttt
121121fft	0102324223ttfft	5 2 7 3 2 2 1 3 4 6 4 5 4 3 3 1 fffftttt
121121fft	0102324223ttftf	5 2 7 1 2 2 1 7 4 6 4 5 4 1 3 1 fffftttt
121121fft	0102324223ttftt	4 2 6 1 2 2 3 5 3 4 3 1 7 1 1 6 fffttttt
121121fft	0102324223tttff	5 2 7 3 2 2 1 7 4 6 4 5 4 7 3 7 fffftttt
121121fft	0102324223tttft	4 1 1 1 7 6 3 5 3 4 3 6 2 6 6 2 fffttttt
121121fft	0102324223ttttf	4 1 1 1 6 7 3 5 3 4 3 6 7 6 2 6 fffttttt
121121fft	0102324231tffff	7 2 6 3 2 2 4 3 5 3 4 1 6 1 6 7 fffffftt
121121fft	0102324231tffft	6 3 5 4 7 4 3 3 2 4 5 1 5 6 2 1 fffffttt
121121fft	0102324231tfftf	6 4 5 2 7 2 7 1 4 4 5 1 5 6 3 2 fffffttt
121121fft	0102324231ttfff	6 1 1 1 3 2 4 2 3 7 5 7 5 6 5 2 fffffttt
121121fft	0102324231ttfft	5 2 7 3 2 2 1 3 4 6 4 5 4 3 1 6 fffftttt
121121fft	0102324231ttftf	5 2 7 1 2 2 7 6 4 6 4 5 4 1 3 1 fffftttt
121121fft	0102324231ttftt	4 2 7 1 2 2 3 6 3 4 7 6 3 1 5 1 fffttttt
121121fft	0102324231tttff	5 1 1 1 3 7 2 6 4 6 4 5 4 7 2 7 fffftttt
121121fft	0102324231tttft	4 1 1 1 7 6 3 5 3 4 3 6 2 6 2 5 fffttttt
121121fft	0102324231ttttf	4 1 1 1 7 5 3 5 3 4 3 6 7 6 2 6 fffttttt
121121fft	0102324232tffft	6 3 5 4 7 4 3 3 2 4 5 1 5 6 2 4 fffffttt
121121fft	0102324232ttfft	5 2 7 3 2 2 1 3 4 6 4 5 4 3 1 3 fffftttt
121121fft	0102324232ttttf	4 1 1 1 7 6 3 5 3 4 3 6 7 6 2 6 fffttttt
121121fft	0102324233tffft	6 3 5 4 7 4 3 3 2 4 5 1 5 6 2 2 fffffttt
121121fft	0102324233ttfft	5 2 7 3 2 2 1 3 4 6 4 5 4 3 1 1 fffftttt
121121fft	0102324233ttftf	5 2 7 1 2 2 7 7 4 6 4 5 4 1 3 1 fffftttt
121121fft	0102324233ttftt	4 2 7 1 2 2 3 6 3 4 7 7 3 1 5 1 fffttttt
121121fft	0102324233tttff	5 1 1 1 3 3 2 7 4 6 4 5 4 7 3 7 fffftttt
121121fft	0102324233tttft	4 1 1 1 7 6 3 5 3 4 3 6 2 6 2 2 fffttttt
121121fft	0102324233ttttf	4 1 1 1 7 7 3 5 3 4 3 6 7 6 2 6 fffttttt
121121fft	0102324234tttff	5 1 1 1 3 2 2 7 4 6 4 5 4 7 3 7 fffftttt
121121fft	0102324234ttttf	4 2 7 1 2 2 3 5 3 4 3 6 7 6 1 6 fffttttt
121121fft	0102324241tffff	7 2 6 3 2 2 4 3 5 3 5 1 6 1 6 7 fffffftt
121121fft	0102324241tfftf	6 3 5 2 7 2 3 3 4 1 5 1 5 6 4 2 fffffttt
121121fft	0102324241ttfff	6 1 1 1 3 2 4 2 4 7 5 7 5 6 5 2 fffffttt
121121fft	0102324241ttftf	5 2 7 1 2 2 3 6 4 6 4 5 4 1 3 1 fffftttt
121121fft	0102324241tttff	5 1 1 1 3 7 3 6 4 6 4 5 4 7 2 7 fffftttt
121121fft	0102324241ttttf	4 1 1 1 2 5 3 5 3 4 3 6 7 6 2 6 fffttttt
121121fft	0102324242tffft	7 3 5 4 6 4 3 3 2 4 5 1 6 4 5 7 fffffttt
121121fft	0102324242tfftf	6 3 5 2 7 2 3 3 4 2 5 1 5 6 4 2 fffffttt
121121fft	0102324242ttfft	5 2 7 3 2 2 1 3 4 6 4 5 4 3 7 3 fffftttt
121121fft	0102324242ttftf	5 2 7 1 2 2 3 1 4 6 4 5 4 1 3 1 fffftttt
121121fft	0102324242tttft	4 1 1 1 6 7 3 5 3 4 3 7 6 7 2 7 fffttttt
121121fft	0102324242ttttf	4 1 1 1 2 6 3 5 3 4 3 6 7 6 2 6 fffttttt
121121fft	0102324243ttfft	5 2 7 3 2 2 1 3 4 6 4 5 4 3 7 1 fffftttt
121121fft	0102324243ttftf	5 2 7 1 2 2 3 7 4 6 4 5 4 1 3 1 fffftttt
121121fft	0102324243tttff	5 1 1 1 2 3 2 7 4 6 4 5 4 7 3 7 fffftttt
121121fft	0102324243tttft	4 1 1 1 7 6 3 5 3 4 3 6 2 6 7 2 fffttttt
121121fft	0102324243ttttf	4 1 1 1 2 7 3 5 3 4 3 6 7 6 2 6 fffttttt
121121fft	0102324343ttttf	4 1 1 1 2 7 3 5 3 4 3 6 7 6 2 7 fffttttt
121121fft	0102324402ttfff	6 2 5 3 2 2 4 3 1 1 5 7 5 6 5 3 fffffttt
121121fft	0102324402ttftf	5 3 7 1 4 1 3 3 4 6 4 5 4 1 2 2 fffftttt
121121fft	0102324402tttff	5 1 1 1 3 3 4 7 4 6 4 5 4 7 2 7 fffftttt
121121fft	0102324402ttttf	4 1 1 1 3 6 3 5 3 4 3 6 7 6 2 2 fffttttt
121121fft	0102324412tffff	7 2 6 3 2 2 4 3 5 5 1 3 6 1 6 7 fffffftt
121121fft	0102324412tfftf	6 3 5 2 7 2 3 3 1 2 5 1 5 6 4 4 fffffttt
121121fft	0102324412ttfff	6 2 7 3 2 2 4 3 1 1 5 7 5 6 5 3 fffffttt
121121fft	0102324412ttfft	5 1 1 1 3 2 7 7 4 6 4 5 4 2 6 2 fffftttt
121121fft	0102324412ttftf	5 3 7 1 6 1 3 3 4 6 4 5 4 1 2 2 fffftttt
121121fft	0102324412ttftt	4 2 5 1 2 2 3 6 3 4 7 7 3 1 6 1 fffttttt
121121fft	0102324412tttff	5 1 1 1 3 3 6 7 4 6 4 5 4 7 2 7 fffftttt
121121fft	0102324412tttft	4 1 1 1 6 6 3 5 3 4 3 7 5 7 2 7 fffttttt
121121fft	0102324412ttttf	4 1 1 1 5 6 3 5 3 4 3 6 7 6 2 2 fffttttt
121121fft	0102324422tfftf	6 3 5 2 7 2 3 3 2 2 5 1 5 6 4 4 fffffttt
121121fft	0102324422ttfft	5 1 1 1 3 2 7 7 4 6 4 5 4 2 2 2 fffftttt
121121fft	0102324422ttftf	5 2 7 1 2 2 1 1 4 6 4 5 4 1 3 3 fffftttt
121121fft	0102324422ttftt	4 2 5 1 2 2 3 6 3 4 7 7 3 1 1 1 fffttttt
121121fft	0102324422tttff	5 1 1 1 3 3 7 7 4 6 4 5 4 7 2 7 fffftttt
121121fft	0102324422tttft	4 1 1 1 6 6 3 5 3 4 3 7 7 7 2 7 fffttttt
121121fft	0102324422ttttf	4 1 1 1 6 6 3 5 3 4 3 6 7 6 2 2 fffttttt
121121fft	0102324432ttfft	5 1 1 1 3 2 7 7 4 6 4 5 4 2 3 2 fffftttt
121121fft	0102324432ttftt	4 2 5 1 2 2 3 6 3 4 7 7 3 1 5 1 fffttttt
121121fft	0102324432tttff	5 1 1 1 3 3 2 7 4 6 4 5 4 7 2 7 fffftttt
121121fft	0102324432ttttf	4 1 1 1 7 6 3 5 3 4 3 6 7 6 2 2 fffttttt
121121fft	0102324434ttttf	4 2 7 1 2 2 3 5 3 4 3 6 7 6 1 1 fffttttt
121121fft	0102324442tfftf	6 3 5 2 7 2 3 3 4 2 5 1 5 6 4 4 fffffttt
121121fft	0102324442ttfft	5 1 1 1 3 2 7 7 4 6 4 5 4 2 7 2 fffftttt
121121fft	0102324442ttftf	5 2 7 1 2 2 3 1 4 6 4 5 4 1 3 3 fffftttt
121121fft	0102324442ttftt	4 2 5 1 2 2 3 6 3 4 7 7 3 1 7 1 fffttttt
121121fft	0102324442tttff	5 1 1 1 3 3 3 7 4 6 4 5 4 7 2 7 fffftttt
121121fft	0102324442tttft	4 1 1 1 6 6 3 5 3 4 3 7 6 7 2 7 fffttttt
121121fft	0102324442ttttf	4 1 1 1 2 6 3 5 3 4 3 6 7 6 2 2 fffttttt
121121fft	0102333434ttttf	4 2 7 1 2 2 3 5 3 4 3 6 7 7 7 1 fffttttt
121121fft	0102334343ttttf	4 1 1 1 2 7 3 5 3 4 3 6 7 7 2 7 fffttttt
121121fft	0102340114tffff	7 3 6 4 6 1 3 3 2 5 1 5 6 1 6 7 fffffftt
121121fft	0102340124tffff	7 3 6 5 6 1 3 3 5 4 2 4 6 1 6 7 fffffftt
121121fft	0102340124ttfff	6 1 1 1 3 2 4 2 5 7 5 7 5 6 5 3 fffffttt
121121fft	0102340134tttff	5 1 1 1 3 2 4 6 4 6 4 5 4 7 3 2 fffftttt
121121fft	0102340214tfftf	7 3 5 2 6 4 3 3 1 4 5 1 5 2 5 7 fffffttt
121121fft	0102340224tfftf	7 3 5 2 6 4 3 3 2 4 5 1 5 2 5 7 fffffttt
121121fft	0102340224ttfff	6 2 5 4 2 2 4 3 1 3 5 7 5 6 5 4 fffffttt
121121fft	0102340234tttff	5 1 1 1 3 2 4 7 4 6 4 5 4 7 3 2 fffftttt
121121fft	0102340424tffff	7 3 6 5 6 4 3 3 5 4 2 4 6 1 6 7 fffffftt
121121fft	0102340424tfftf	7 3 5 2 6 4 3 3 2 4 5 1 5 4 5 7 fffffttt
121121fft	0102340424ttfff	6 2 5 3 2 2 4 3 1 3 5 7 5 6 5 4 fffffttt
121121fft	0102340424ttftf	5 2 7 3 2 2 1 3 4 6 4 5 4 1 4 3 fffftttt
121121fft	0102340424ttttf	4 2 6 1 2 2 3 5 3 4 3 6 7 1 3 1 fffttttt
121121fft	0102340434tttff	5 2 4 3 2 2 1 3 4 6 4 5 4 7 1 3 fffftttt
121121fft	0102340434ttttf	4 2 7 1 2 2 3 5 3 4 3 6 7 1 3 1 fffttttt
121121fft	0102341134tttff	5 1 1 1 3 2 6 6 4 6 4 5 4 7 3 2 fffftttt
121121fft	0102341134ttttf	4 2 5 1 2 2 3 6 3 4 6 6 3 7 5 1 fffttttt
121121fft	0102341224tffff	7 2 6 4 2 2 4 3 5 3 1 4 6 1 6 7 fffffftt
121121fft	0102341224ttfff	6 2 7 4 2 2 4 3 1 3 5 7 5 6 5 4 fffffttt
121121fft	0102341224ttftf	5 2 7 3 2 2 1 3 4 6 4 5 4 1 6 1 fffftttt
121121fft	0102341224ttttf	4 2 7 1 2 2 3 5 3 4 3 7 5 7 6 1 fffttttt
121121fft	0102341234tttff	5 1 1 1 3 2 6 7 4 6 4 5 4 7 3 2 fffftttt
121121fft	0102341234ttttf	4 2 6 1 2 2 3 5 3 4 3 7 5 7 6 1 fffttttt
121121fft	0102341424tffff	7 2 6 4 2 2 4 3 5 3 1 3 6 1 6 7 fffffftt
121121fft	0102341424ttfff	6 2 7 3 2 2 4 3 1 3 5 7 5 6 5 4 fffffttt
121121fft	0102341424ttftf	5 2 7 3 2 2 1 3 4 6 4 5 4 1 6 3 fffftttt
121121fft	0102341424ttttf	4 2 6 1 2 2 3 5 3 4 3 6 7 1 5 1 fffttttt
121121fft	0102341434tttff	5 2 6 3 2 2 1 3 4 6 4 5 4 7 1 3 fffftttt
121121fft	0102341434ttttf	4 2 7 1 2 2 3 5 3 4 3 6 7 1 5 1 fffttttt
121121fft	0102342134tttff	5 1 1 1 3 2 7 6 4 6 4 5 4 7 3 2 fffftttt
121121fft	0102342134ttttf	4 2 6 1 2 2 3 5 3 4 3 7 7 5 6 1 fffttttt
121121fft	0102342234tttff	5 1 1 1 3 2 7 7 4 6 4 5 4 7 3 2 fffftttt
121121fft	0102342234ttttf	4 2 6 1 2 2 3 5 3 4 3 7 7 7 6 1 fffttttt
121121fft	0102342434tttff	5 2 7 3 2 2 1 3 4 6 4 5 4 7 1 3 fffftttt
121121fft	0102343124tffff	7 2 6 4 2 2 4 3 5 3 5 1 6 1 6 7 fffffftt
121121fft	0102343124ttfff	6 1 1 1 3 2 4 2 4 7 5 7 5 6 5 3 fffffttt
121121fft	0102343134tttff	5 1 1 1 3 2 3 6 4 6 4 5 4 7 3 2 fffftttt
121121fft	0102343224tfftf	7 3 5 2 6 4 3 3 2 4 5 1 6 2 5 7 fffffttt
121121fft	0102343224ttftf	5 2 7 3 2 2 1 3 4 6 4 5 4 1 7 1 fffftttt
121121fft	0102343224ttttf	4 2 7 1 2 2 3 5 3 4 3 7 6 7 6 1 fffttttt
121121fft	0102343234tttff	5 1 1 1 3 2 3 7 4 6 4 5 4 7 3 2 fffftttt
121121fft	0102343234ttttf	4 2 6 1 2 2 3 5 3 4 3 7 6 7 6 1 fffttttt
121121fft	0102343424tfftf	7 3 5 2 6 4 3 3 2 4 5 1 6 4 5 7 fffffttt
121121fft	0102343424ttftf	5 2 7 3 2 2 1 3 4 6 4 5 4 1 7 3 fffftttt
121121fft	0102344134tttff	5 1 1 1 3 2 2 6 4 6 4 5 4 7 3 2 fffftttt
121121fft	0102344134ttttf	4 2 7 1 2 2 3 5 3 4 3 6 7 1 1 5 fffttttt
121121fft	0102344234tttff	5 1 1 1 3 2 2 7 4 6 4 5 4 7 3 2 fffftttt
121121fft	0102344234ttttf	4 2 7 1 2 2 3 5 3 4 3 6 7 1 1 6 fffttttt
121121fft	0102344434ttttf	4 2 7 1 2 2 3 5 3 4 3 6 7 1 1 1 fffttttt
121121fft	0112131414ttttf	4 2 5 1 2 2 3 5 3 4 5 6 5 7 5 1 fffttttt
121121fft	0112131424ttfff	6 3 7 2 7 4 3 3 1 4 5 7 5 6 7 1 fffffttt
121121fft	0112131424tttff	5 3 6 2 7 2 3 3 4 6 4 5 6 7 6 1 fffftttt
121121fft	0112131424ttttf	4 2 6 1 2 2 3 5 3 4 5 6 5 7 5 1 fffttttt
121121fft	0112131434ttfff	6 3 7 2 7 4 3 3 2 4 5 7 5 6 7 1 fffffttt
121121fft	0112131434tttff	5 2 6 3 2 2 1 3 4 6 4 5 6 7 6 1 fffftttt
121121fft	0112131434ttttf	4 2 7 1 2 2 3 5 3 4 5 6 5 7 5 1 fffttttt
121121fft	0112132424ttttf	4 2 6 1 2 2 3 5 3 4 5 6 5 7 6 1 fffttttt
121121fft	0112132434ttfff	6 2 7 4 2 2 4 3 1 3 5 7 5 6 7 1 fffffttt
121121fft	0112132434tttff	5 2 7 3 2 2 1 3 4 6 4 5 6 7 6 1 fffftttt
121121fft	0112132434ttttf	4 2 7 1 2 2 3 5 3 4 5 6 5 7 6 1 fffttttt
121121fft	0112133434ttttf	4 2 7 1 2 2 3 5 3 4 5 6 5 7 7 1 fffttttt
121121fft	0112134312ttfff	6 3 7 4 7 1 3 3 2 4 5 7 5 6 7 1 fffffttt
121121fft	0112134312tttff	5 1 1 1 3 2 6 7 4 6 4 5 6 7 6 2 fffftttt
121121fft	0112134312ttttf	4 1 1 1 5 6 3 5 3 4 5 6 5 7 2 7 fffttttt
121121fft	0112134313tttff	5 2 6 3 2 2 1 3 4 6 4 5 6 7 6 3 fffftttt
121121fft	0112134313ttttf	4 1 1 1 5 7 3 5 3 4 5 6 5 7 2 7 fffttttt
121121fft	0112134322ttfff	6 2 7 3 2 2 4 3 1 1 5 7 5 6 7 1 fffffttt
121121fft	0112134322ttfft	5 3 6 2 7 2 3 3 4 6 4 5 6 1 1 1 fffftttt
121121fft	0112134322tttff	5 1 1 1 3 2 7 7 4 6 4 5 6 7 6 2 fffftttt
121121fft	0112134322tttft	4 2 6 1 2 2 3 5 3 4 5 7 7 7 5 1 fffttttt
121121fft	0112134322ttttf	4 1 1 1 6 6 3 5 3 4 5 6 5 7 2 7 fffttttt
121121fft	0112134323ttfff	6 2 7 3 2 2 4 3 1 3 5 7 5 6 7 1 fffffttt
121121fft	0112134323ttfft	5 3 6 2 7 2 3 3 4 6 4 5 6 1 1 2 fffftttt
121121fft	0112134323tttff	5 2 7 3 2 2 1 3 4 6 4 5 6 7 6 3 fffftttt
121121fft	0112134323tttft	4 2 7 1 2 2 3 5 3 4 5 6 5 1 6 1 fffttttt
121121fft	0112134323ttttf	4 1 1 1 6 7 3 5 3 4 5 6 5 7 2 7 fffttttt
121121fft	0112134332ttfff	6 2 7 3 2 2 4 3 3 1 5 7 5 6 7 1 fffffttt
121121fft	0112134332ttfft	5 3 6 2 7 2 3 3 4 6 4 5 6 1 2 1 fffftttt
121121fft	0112134332tttff	5 1 1 1 3 2 2 7 4 6 4 5 6 7 6 2 fffftttt
121121fft	0112134332tttft	4 2 7 1 2 2 3 5 3 4 5 6 5 1 1 6 fffttttt
121121fft	0112134332ttttf	4 1 1 1 7 6 3 5 3 4 5 6 5 7 2 7 fffttttt
121121fft	0112134333ttfft	5 3 6 2 7 2 3 3 4 6 4 5 6 1 2 2 fffftttt
121121fft	0112134333tttft	4 2 7 1 2 2 3 5 3 4 5 6 5 1 1 1 fffttttt
121121fft	0112134333ttttf	4 1 1 1 7 7 3 5 3 4 5 6 5 7 2 7 fffttttt
121121fft	0112134342ttfff	6 2 7 3 2 2 4 3 4 1 5 7 5 6 7 1 fffffttt
121121fft	0112134342tttff	5 1 1 1 3 2 3 7 4 6 4 5 6 7 6 2 fffftttt
121121fft	0112134342ttttf	4 1 1 1 2 6 3 5 3 4 5 6 5 7 2 7 fffttttt
121121fft	0112134343tttft	4 2 7 1 2 2 3 5 3 4 5 6 5 1 7 1 fffttttt
121121fft	0112134343ttttf	4 1 1 1 2 7 3 5 3 4 5 6 5 7 2 7 fffttttt
121121fft	0112232424ttttf	4 2 6 1 2 2 3 5 3 4 5 6 6 7 6 1 fffttttt
121121fft	0112232434tttff	5 2 7 3 2 2 1 3 4 6 4 5 6 7 7 1 fffftttt
121121fft	0112232434ttttf	4 2 7 1 2 2 3 5 3 4 5 6 6 7 6 1 fffttttt
121121fft	0112233434ttttf	4 2 7 1 2 2 3 5 3 4 5 6 6 7 7 1 fffttttt
121121fft	0112234323tttff	5 2 7 3 2 2 1 3 4 6 4 5 6 7 7 3 fffftttt
121121fft	0112234323ttttf	4 1 1 1 6 7 3 5 3 4 5 6 6 7 2 7 fffttttt
121121fft	0112234333tttft	4 2 7 1 2 2 3 5 3 4 5 6 6 1 1 1 fffttttt
121121fft	0112234333ttttf	4 1 1 1 7 7 3 5 3 4 5 6 6 7 2 7 fffttttt
121121fft	0112234343ttttf	4 1 1 1 2 7 3 5 3 4 5 6 6 7 2 7 fffttttt
121121fft	0112321432tttff	5 2 6 3 2 2 1 7 4 6 4 5 6 7 1 7 fffftttt
121121fft	0112321432ttttf	4 1 1 1 7 6 3 5 3 4 5 6 7 6 5 2 fffttttt
121121fft	0112321434tttff	5 2 6 3 2 2 1 3 4 6 4 5 6 7 1 7 fffftttt
121121fft	0112321434ttttf	4 2 7 1 2 2 3 5 3 4 5 6 7 6 5 1 fffttttt
121121fft	0112322432tttff	5 2 7 3 2 2 1 7 4 6 4 5 6 7 1 7 fffftttt
121121fft	0112322432ttttf	4 1 1 1 7 6 3 5 3 4 5 6 7 6 6 2 fffttttt
121121fft	0112322434tttff	5 2 7 3 2 2 1 3 4 6 4 5 6 7 1 7 fffftttt
121121fft	0112322434ttttf	4 2 7 1 2 2 3 5 3 4 5 6 7 6 6 1 fffttttt
121121fft	0112323432tttff	5 1 1 1 2 3 2 7 4 6 4 5 6 7 2 7 fffftttt
121121fft	0112323432ttttf	4 1 1 1 7 6 3 5 3 4 5 6 7 6 7 2 fffttttt
121121fft	0112323433tttft	4 1 1 1 2 7 3 5 3 4 5 6 2 6 2 2 fffttttt
121121fft	0112323433ttttf	4 1 1 1 7 7 3 5 3 4 5 6 7 6 7 2 fffttttt
121121fft	0112323434ttttf	4 2 7 1 2 2 3 5 3 4 5 6 7 6 7 1 fffttttt
121121fft	0112324212ttfff	6 2 7 3 2 2 4 3 1 3 5 7 5 6 7 3 fffffttt
121121fft	0112324212ttftf	5 3 7 1 6 1 3 3 4 6 4 5 6 1 2 1 fffftttt
121121fft	0112324212tttff	5 1 1 1 3 7 6 7 4 6 4 5 6 7 2 7 fffftttt
121121fft	0112324212ttttf	4 1 1 1 5 6 3 5 3 4 5 6 7 6 2 6 fffttttt
121121fft	0112324222ttfft	5 2 7 3 2 2 1 3 4 6 4 5 6 3 3 3 fffftttt
121121fft	0112324222ttftf	5 2 7 1 2 2 1 1 4 6 4 5 6 1 3 1 fffftttt
121121fft	0112324222ttftt	4 2 6 1 2 2 3 5 3 4 5 1 7 1 1 1 fffttttt
121121fft	0112324222tttff	5 1 1 1 3 7 7 7 4 6 4 5 6 7 2 7 fffftttt
121121fft	0112324222tttft	4 1 1 1 6 7 3 5 3 4 5 7 7 7 2 7 fffttttt
121121fft	0112324222ttttf	4 1 1 1 6 6 3 5 3 4 5 6 7 6 2 6 fffttttt
121121fft	0112324232ttfft	5 2 7 3 2 2 1 3 4 6 4 5 6 3 1 3 fffftttt
121121fft	0112324232ttttf	4 1 1 1 7 6 3 5 3 4 5 6 7 6 2 6 fffttttt
121121fft	0112324234tttff	5 1 1 1 3 2 2 7 4 6 4 5 6 7 3 7 fffftttt
121121fft	0112324234ttttf	4 2 7 1 2 2 3 5 3 4 5 6 7 6 1 6 fffttttt
121121fft	0112324242ttftf	5 2 7 1 2 2 3 1 4 6 4 5 6 1 3 1 fffftttt
121121fft	0112324242ttttf	4 1 1 1 2 6 3 5 3 4 5 6 7 6 2 6 fffttttt
121121fft	0112324243tttff	5 1 1 1 2 3 2 7 4 6 4 5 6 7 3 7 fffftttt
121121fft	0112324243ttttf	4 1 1 1 2 7 3 5 3 4 5 6 7 6 2 6 fffttttt
121121fft	0112324343ttttf	4 1 1 1 2 7 3 5 3 4 5 6 7 6 2 7 fffttttt
121121fft	0112324432tttff	5 1 1 1 3 3 2 7 4 6 4 5 6 7 2 7 fffftttt
121121fft	0112324432ttttf	4 1 1 1 7 6 3 5 3 4 5 6 7 6 2 2 fffttttt
121121fft	0112324434ttttf	4 2 7 1 2 2 3 5 3 4 5 6 7 6 1 1 fffttttt
121121fft	0112333434ttttf	4 2 7 1 2 2 3 5 3 4 5 6 7 7 7 1 fffttttt
121121fft	0112334343ttttf	4 1 1 1 2 7 3 5 3 4 5 6 7 7 2 7 fffttttt
121121fft	0112341224ttfff	6 2 7 4 2 2 4 3 1 3 5 7 5 6 7 4 fffffttt
121121fft	0112341234tttff	5 1 1 1 3 2 6 7 4 6 4 5 6 7 3 2 fffftttt
121121fft	0112341424ttfff	6 2 7 3 2 2 4 3 1 3 5 7 5 6 7 4 fffffttt
121121fft	0112341424ttftf	5 2 7 3 2 2 1 3 4 6 4 5 6 1 6 3 fffftttt
121121fft	0112341424ttttf	4 2 6 1 2 2 3 5 3 4 5 6 7 1 5 1 fffttttt
121121fft	0112341434tttff	5 2 6 3 2 2 1 3 4 6 4 5 6 7 1 3 fffftttt
121121fft	0112341434ttttf	4 2 7 1 2 2 3 5 3 4 5 6 7 1 5 1 fffttttt
121121fft	0112342234tttff	5 1 1 1 3 2 7 7 4 6 4 5 6 7 3 2 fffftttt
121121fft	0112342234ttttf	4 2 6 1 2 2 3 5 3 4 5 7 7 7 6 1 fffttttt
121121fft	0112342434tttff	5 2 7 3 2 2 1 3 4 6 4 5 6 7 1 3 fffftttt
121121fft	0112343234tttff	5 1 1 1 3 2 3 7 4 6 4 5 6 7 3 2 fffftttt
121121fft	0112343424ttftf	5 2 7 3 2 2 1 3 4 6 4 5 6 1 7 3 fffftttt
121121fft	0112344234tttff	5 1 1 1 3 2 2 7 4 6 4 5 6 7 3 2 fffftttt
121121fft	0112344234ttttf	4 2 7 1 2 2 3 5 3 4 5 6 7 1 1 6 fffttttt
121121fft	0112344434ttttf	4 2 7 1 2 2 3 5 3 4 5 6 7 1 1 1 fffttttt
121121fft	0121032421ttfff	6 2 5 3 2 2 1 4 1 7 5 7 5 6 1 7 fffffttt
121121fft	0121032421ttftf	5 1 1 1 4 7 2 6 4 6 4 5 2 6 2 3 fffftttt
121121fft	0121032421tttff	5 2 7 3 2 2 7 6 4 6 4 5 7 6 4 1 fffftttt
121121fft	0121032421ttttf	4 1 1 1 6 5 3 5 3 4 6 5 3 7 6 2 fffttttt
121121fft	0121032423ttfft	5 2 4 3 2 2 1 7 4 6 4 5 1 6 1 3 fffftttt
121121fft	0121032423ttftf	5 1 1 1 4 7 2 7 4 6 4 5 2 6 2 3 fffftttt
121121fft	0121032423tttft	4 1 1 1 6 7 3 5 3 4 6 5 3 2 6 2 fffttttt
121121fft	0121032423ttttf	4 1 1 1 6 7 3 5 3 4 6 5 3 7 6 2 fffttttt
121121fft	0121032424ttftf	5 1 1 1 3 2 4 7 4 6 4 5 3 6 3 2 fffftttt
121121fft	0121032424ttttf	4 2 6 1 2 2 3 5 3 4 6 5 3 7 6 1 fffttttt
121121fft	0121032434tffff	7 2 6 5 2 2 5 3 1 4 1 3 6 4 6 7 fffffftt
121121fft	0121032434tftff	7 3 6 1 6 4 3 3 2 4 5 1 5 2 5 7 fffffttt
121121fft	0121032434ttfff	6 2 5 4 2 2 4 3 1 3 5 7 5 6 1 7 fffffttt
121121fft	0121032434tttff	5 2 7 3 2 2 1 3 4 6 4 5 7 6 4 1 fffftttt
121121fft	0121032434ttttf	4 2 7 1 2 2 3 5 3 4 6 5 3 7 6 1 fffttttt
121121fft	0121032443tffff	7 2 6 5 2 2 3 5 1 4 1 3 6 4 6 7 fffffftt
121121fft	0121032443tftff	7 3 6 1 6 4 3 3 4 2 5 1 5 2 5 7 fffffttt
121121fft	0121032443ttfff	6 2 5 4 2 2 3 4 1 3 5 7 5 6 1 7 fffffttt
121121fft	0121032443ttftf	5 1 1 1 4 7 3 7 4 6 4 5 2 6 2 3 fffftttt
121121fft	0121032443tttff	5 2 7 3 2 2 3 1 4 6 4 5 7 6 4 1 fffftttt
121121fft	0121032443tttft	4 1 1 1 6 7 3 5 3 4 6 5 3 2 7 2 fffttttt
121121fft	0121032443ttttf	4 1 1 1 2 7 3 5 3 4 6 5 3 7 6 2 fffttttt
121121fft	0121033434ttttf	4 2 7 1 2 2 3 5 3 4 6 5 3 7 7 1 fffttttt
121121fft	0121034103tftff	7 3 6 1 5 4 3 3 2 1 5 1 5 4 5 7 fffffttt
121121fft	0121034103tttff	5 2 4 3 2 2 1 6 4 6 4 5 7 6 4 3 fffftttt
121121fft	0121034103ttttf	4 1 1 1 3 7 3 5 3 4 6 5 3 7 2 5 fffttttt
121121fft	0121034113tffff	7 2 6 3 2 2 4 5 5 3 1 5 6 5 6 7 fffffftt
121121fft	0121034113tftff	7 2 6 1 2 2 4 1 1 3 5 1 5 3 5 7 fffffttt
121121fft	0121034113tftft	6 3 5 1 7 1 3 3 4 1 4 2 4 6 1 2 fffftttt
121121fft	0121034113ttfff	6 3 5 4 7 4 3 3 2 7 5 7 5 6 1 7 fffffttt
121121fft	0121034113ttftf	5 1 1 1 4 7 6 7 4 6 4 5 2 6 3 6 fffftttt
121121fft	0121034113tttff	5 2 6 3 2 2 1 6 4 6 4 5 7 6 4 3 fffftttt
121121fft	0121034113tttft	4 1 1 1 7 5 3 5 3 4 6 5 3 2 5 2 fffttttt
121121fft	0121034113ttttf	4 1 1 1 5 7 3 5 3 4 6 5 3 7 2 5 fffttttt
121121fft	0121034123tffff	7 2 6 3 2 2 5 4 1 4 1 3 6 4 6 7 fffffftt
121121fft	0121034123tftff	7 3 6 1 6 4 3 3 2 1 5 1 5 4 5 7 fffffttt
121121fft	0121034123ttfff	6 2 5 4 2 2 1 4 3 7 5 7 5 6 1 7 fffffttt
121121fft	0121034123ttftf	5 1 1 1 4 7 2 7 4 6 4 5 2 6 3 6 fffftttt
121121fft	0121034123tttff	5 2 7 3 2 2 1 6 4 6 4 5 7 6 4 3 fffftttt
121121fft	0121034123tttft	4 1 1 1 7 5 3 5 3 4 6 5 3 2 6 2 fffttttt
121121fft	0121034123ttttf	4 1 1 1 6 7 3 5 3 4 6 5 3 7 2 5 fffttttt
121121fft	0121034133tffff	7 2 6 4 2 2 4 4 3 5 1 5 6 5 6 7 fffffftt
121121fft	0121034133tftff	7 2 6 1 2 2 4 4 3 1 5 1 5 4 5 7 fffffttt
121121fft	0121034133tftft	6 3 5 1 7 1 3 3 4 1 4 2 4 6 2 2 fffftttt
121121fft	0121034133ttfff	6 2 5 4 2 2 4 4 3 7 5 7 5 6 1 7 fffffttt
121121fft	0121034133ttftf	5 1 1 1 4 7 7 7 4 6 4 5 2 6 3 6 fffftttt
121121fft	0121034133tttff	5 1 1 1 3 3 2 6 4 6 4 5 7 6 4 3 fffftttt
121121fft	0121034133tttft	4 1 1 1 7 5 3 5 3 4 6 5 3 2 2 2 fffttttt
121121fft	0121034133ttttf	4 1 1 1 7 7 3 5 3 4 6 5 3 7 2 5 fffttttt
121121fft	0121034143tffff	7 2 6 4 2 2 3 4 3 5 1 5 6 5 6 7 fffffftt
121121fft	0121034143tftff	7 2 6 1 2 2 3 4 3 1 5 1 5 4 5 7 fffffttt
121121fft	0121034143ttfff	6 2 5 4 2 2 3 4 3 7 5 7 5 6 1 7 fffffttt
121121fft	0121034143ttftf	5 1 1 1 4 7 3 7 4 6 4 5 2 6 3 6 fffftttt
121121fft	0121034143tttff	5 1 1 1 2 3 2 6 4 6 4 5 7 6 4 3 fffftttt
121121fft	0121034143tttft	4 1 1 1 7 5 3 5 3 4 6 5 3 2 7 2 fffttttt
121121fft	0121034143ttttf	4 1 1 1 2 7 3 5 3 4 6 5 3 7 2 5 fffttttt
121121fft	0121034303tftff	7 3 6 1 5 4 3 3 2 4 5 1 5 4 5 7 fffffttt
121121fft	0121034303tttff	5 2 4 3 2 2 1 3 4 6 4 5 7 6 4 3 fffftttt
121121fft	0121034303ttttf	4 1 1 1 3 7 3 5 3 4 6 5 3 7 2 7 fffttttt
121121fft	0121034313tffff	7 2 6 3 2 2 4 3 5 3 1 5 6 5 6 7 fffffftt
121121fft	0121034313tftff	7 2 6 1 2 2 4 3 1 3 5 1 5 3 5 7 fffffttt
121121fft	0121034313tftft	6 3 5 1 7 2 3 3 4 1 4 2 4 6 1 2 fffftttt
121121fft	0121034313ttfff	6 3 5 4 7 4 3 3 2 4 5 7 5 6 1 7 fffffttt
121121fft	0121034313ttftf	5 1 1 1 4 7 6 7 4 6 4 5 2 6 3 7 fffftttt
121121fft	0121034313tttff	5 2 6 3 2 2 1 3 4 6 4 5 7 6 4 3 fffftttt
121121fft	0121034313tttft	4 2 7 1 2 2 3 5 3 4 6 5 3 1 5 1 fffttttt
121121fft	0121034313ttttf	4 1 1 1 5 7 3 5 3 4 6 5 3 7 2 7 fffttttt
121121fft	0121034323tffff	7 2 6 3 2 2 5 3 1 4 1 3 6 4 6 7 fffffftt
121121fft	0121034323tftff	7 3 6 1 6 4 3 3 2 4 5 1 5 4 5 7 fffffttt
121121fft	0121034323ttfff	6 2 5 3 2 2 4 3 1 3 5 7 5 6 1 7 fffffttt
121121fft	0121034323ttftf	5 1 1 1 4 7 2 7 4 6 4 5 2 6 3 7 fffftttt
121121fft	0121034323tttff	5 2 7 3 2 2 1 3 4 6 4 5 7 6 4 3 fffftttt
121121fft	0121034323tttft	4 2 7 1 2 2 3 5 3 4 6 5 3 1 6 1 fffttttt
121121fft	0121034323ttttf	4 1 1 1 6 7 3 5 3 4 6 5 3 7 2 7 fffttttt
121121fft	0121034333tftft	6 3 5 1 7 2 3 3 4 1 4 2 4 6 2 2 fffftttt
121121fft	0121034333ttftf	5 1 1 1 4 7 7 7 4 6 4 5 2 6 3 7 fffftttt
121121fft	0121034333tttft	4 2 7 1 2 2 3 5 3 4 6 5 3 1 1 1 fffttttt
121121fft	0121034333ttttf	4 1 1 1 7 7 3 5 3 4 6 5 3 7 2 7 fffttttt
121121fft	0121034343ttftf	5 1 1 1 4 7 3 7 4 6 4 5 2 6 3 7 fffftttt
121121fft	0121034343tttft	4 2 7 1 2 2 3 5 3 4 6 5 3 1 7 1 fffttttt
121121fft	0121034343ttttf	4 1 1 1 2 7 3 5 3 4 6 5 3 7 2 7 fffttttt
121121fft	0121034423tffff	7 2 6 3 2 2 5 5 1 4 1 3 6 4 6 7 fffffftt
121121fft	0121034423tftff	7 3 6 1 6 4 3 3 2 2 5 1 5 4 5 7 fffffttt
121121fft	0121034423ttfff	6 2 5 3 2 2 4 4 1 3 5 7 5 6 1 7 fffffttt
121121fft	0121034423ttftf	5 1 1 1 4 7 2 7 4 6 4 5 2 6 3 3 fffftttt
121121fft	0121034423tttff	5 2 7 3 2 2 1 1 4 6 4 5 7 6 4 3 fffftttt
121121fft	0121034423tttft	4 1 1 1 7 7 3 5 3 4 6 5 3 2 6 2 fffttttt
121121fft	0121034423ttttf	4 1 1 1 6 7 3 5 3 4 6 5 3 7 2 2 fffttttt
121121fft	0121034443ttftf	5 1 1 1 4 7 3 7 4 6 4 5 2 6 3 3 fffftttt
121121fft	0121034443tttft	4 1 1 1 7 7 3 5 3 4 6 5 3 2 7 2 fffttttt
121121fft	0121034443ttttf	4 1 1 1 2 7 3 5 3 4 6 5 3 7 2 2 fffttttt
121121fft	0121132421ttfff	6 2 7 3 2 2 1 4 1 7 5 7 5 6 1 7 fffffttt
121121fft	0121132421ttftf	5 1 1 1 6 7 2 6 4 6 4 5 2 6 2 3 fffftttt
121121fft	0121132421tttff	5 2 7 3 2 2 7 6 4 6 4 5 7 6 6 1 fffftttt
121121fft	0121132421ttttf	4 1 1 1 6 5 3 5 3 4 6 5 5 7 6 2 fffttttt
121121fft	0121132423ttfft	5 2 6 3 2 2 1 7 4 6 4 5 1 6 1 3 fffftttt
121121fft	0121132423ttftf	5 1 1 1 6 7 2 7 4 6 4 5 2 6 2 3 fffftttt
121121fft	0121132423tttft	4 1 1 1 6 7 3 5 3 4 6 5 5 2 6 2 fffttttt
121121fft	0121132423ttttf	4 1 1 1 6 7 3 5 3 4 6 5 5 7 6 2 fffttttt
121121fft	0121132424ttftf	5 1 1 1 3 2 6 7 4 6 4 5 3 6 3 2 fffftttt
121121fft	0121132424ttttf	4 2 6 1 2 2 3 5 3 4 6 5 5 7 6 1 fffttttt
121121fft	0121132443tftff	6 3 7 1 7 4 3 3 4 2 5 1 5 6 1 2 fffffttt
121121fft	0121132443ttfff	6 2 7 4 2 2 3 4 1 3 5 7 5 6 1 7 fffffttt
121121fft	0121132443ttftf	5 1 1 1 6 7 3 7 4 6 4 5 2 6 2 3 fffftttt
121121fft	0121132443tttff	5 2 7 3 2 2 3 1 4 6 4 5 7 6 6 1 fffftttt
121121fft	0121132443tttft	4 1 1 1 6 7 3 5 3 4 6 5 5 2 7 2 fffttttt
121121fft	0121132443ttttf	4 1 1 1 2 7 3 5 3 4 6 5 5 7 6 2 fffttttt
121121fft	0121133434ttttf	4 2 7 1 2 2 3 5 3 4 6 5 5 7 7 1 fffttttt
121121fft	0121134113tftff	6 2 7 1 2 2 4 1 1 3 5 1 5 6 1 3 fffffttt
121121fft	0121134113tttff	5 2 6 3 2 2 1 6 4 6 4 5 7 6 6 3 fffftttt
121121fft	0121134113ttttf	4 1 1 1 5 7 3 5 3 4 6 5 5 7 2 5 fffttttt
121121fft	0121134133tftff	6 2 7 1 2 2 4 4 3 1 5 1 5 6 1 4 fffffttt
121121fft	0121134133ttfff	6 2 7 4 2 2 4 4 3 7 5 7 5 6 1 7 fffffttt
121121fft	0121134133tttff	5 1 1 1 3 3 2 6 4 6 4 5 7 6 6 3 fffftttt
121121fft	0121134133tttft	4 1 1 1 7 5 3 5 3 4 6 5 5 2 2 2 fffttttt
121121fft	0121134133ttttf	4 1 1 1 7 7 3 5 3 4 6 5 5 7 2 5 fffttttt
121121fft	0121134143tftff	6 2 7 1 2 2 3 4 3 1 5 1 5 6 1 4 fffffttt
121121fft	0121134143ttfff	6 2 7 4 2 2 3 4 3 7 5 7 5 6 1 7 fffffttt
121121fft	0121134143ttftf	5 1 1 1 6 7 3 7 4 6 4 5 2 6 3 6 fffftttt
121121fft	0121134143tttff	5 1 1 1 2 3 2 6 4 6 4 5 7 6 6 3 fffftttt
121121fft	0121134143tttft	4 1 1 1 7 5 3 5 3 4 6 5 5 2 7 2 fffttttt
121121fft	0121134143ttttf	4 1 1 1 2 7 3 5 3 4 6 5 5 7 2 5 fffttttt
121121fft	0121134313tftff	6 2 7 1 2 2 4 3 1 3 5 1 5 6 1 3 fffffttt
121121fft	0121134313tttff	5 2 6 3 2 2 1 3 4 6 4 5 7 6 6 3 fffftttt
121121fft	0121134313ttttf	4 1 1 1 5 7 3 5 3 4 6 5 5 7 2 7 fffttttt
121121fft	0121134333tttft	4 2 7 1 2 2 3 5 3 4 6 5 5 1 1 1 fffttttt
121121fft	0121134333ttttf	4 1 1 1 7 7 3 5 3 4 6 5 5 7 2 7 fffttttt
121121fft	0121134343ttftf	5 1 1 1 6 7 3 7 4 6 4 5 2 6 3 7 fffftttt
121121fft	0121134343tttft	4 2 7 1 2 2 3 5 3 4 6 5 5 1 7 1 fffttttt
121121fft	0121134343ttttf	4 1 1 1 2 7 3 5 3 4 6 5 5 7 2 7 fffttttt
121121fft	0121134443ttftf	5 1 1 1 6 7 3 7 4 6 4 5 2 6 3 3 fffftttt
121121fft	0121134443tttft	4 1 1 1 7 7 3 5 3 4 6 5 5 2 7 2 fffttttt
121121fft	0121134443ttttf	4 1 1 1 2 7 3 5 3 4 6 5 5 7 2 2 fffttttt
121121fft	0121232421ttfff	6 1 1 1 2 3 2 4 2 7 5 7 5 6 2 7 fffffttt
121121fft	0121232421ttftf	5 1 1 1 2 7 2 6 4 6 4 5 2 6 2 3 fffftttt
121121fft	0121232421tttff	5 2 7 3 2 2 7 6 4 6 4 5 7 6 7 1 fffftttt
121121fft	0121232421ttttf	4 1 1 1 6 5 3 5 3 4 6 5 6 7 6 2 fffttttt
121121fft	0121232422ttfft	5 1 1 1 2 3 2 7 4 6 4 5 2 6 2 2 fffftttt
121121fft	0121232422ttftf	5 1 1 1 3 3 3 7 4 6 4 5 3 6 3 2 fffftttt
121121fft	0121232422ttftt	4 1 1 1 2 6 3 5 3 4 2 5 2 7 2 2 fffttttt
121121fft	0121232422tttff	5 2 7 3 2 2 7 7 4 6 4 5 7 6 7 1 fffftttt
121121fft	0121232422tttft	4 1 1 1 7 6 3 5 3 4 7 5 7 7 7 2 fffttttt
121121fft	0121232422ttttf	4 1 1 1 6 6 3 5 3 4 6 5 6 7 6 2 fffttttt
121121fft	0121232423ttfft	5 1 1 1 2 3 2 7 4 6 4 5 2 6 2 3 fffftttt
121121fft	0121232423ttttf	4 1 1 1 6 7 3 5 3 4 6 5 6 7 6 2 fffttttt
121121fft	0121232424ttftf	5 1 1 1 3 2 3 7 4 6 4 5 3 6 3 2 fffftttt
121121fft	0121232424ttttf	4 2 6 1 2 2 3 5 3 4 6 5 6 7 6 1 fffttttt
121121fft	0121232434tftff	7 3 6 1 6 4 3 3 2 4 5 1 6 2 5 7 fffffttt
121121fft	0121232434tttff	5 2 7 3 2 2 1 3 4 6 4 5 7 6 7 1 fffftttt
121121fft	0121232434ttttf	4 2 7 1 2 2 3 5 3 4 6 5 6 7 6 1 fffttttt
121121fft	0121232443tftff	7 3 6 1 6 4 3 3 4 2 5 1 6 2 5 7 fffffttt
121121fft	0121232443tttff	5 2 7 3 2 2 3 1 4 6 4 5 7 6 7 1 fffftttt
121121fft	0121232443ttttf	4 1 1 1 2 7 3 5 3 4 6 5 6 7 6 2 fffttttt
121121fft	0121233434ttttf	4 2 7 1 2 2 3 5 3 4 6 5 6 7 7 1 fffttttt
121121fft	0121234123tftff	7 3 6 1 6 4 3 3 2 1 5 1 6 4 5 7 fffffttt
121121fft	0121234123tttff	5 2 7 3 2 2 1 6 4 6 4 5 7 6 7 3 fffftttt
121121fft	0121234123ttttf	4 1 1 1 6 7 3 5 3 4 6 5 6 7 2 5 fffttttt
121121fft	0121234143tftff	7 2 6 1 2 2 3 4 3 1 5 1 6 4 5 7 fffffttt
121121fft	0121234143tttff	5 1 1 1 2 3 2 6 4 6 4 5 7 6 7 3 fffftttt
121121fft	0121234143ttttf	4 1 1 1 2 7 3 5 3 4 6 5 6 7 2 5 fffttttt
121121fft	0121234223tttff	5 2 7 3 2 2 1 7 4 6 4 5 7 6 7 3 fffftttt
121121fft	0121234223ttttf	4 1 1 1 6 7 3 5 3 4 6 5 6 7 2 6 fffttttt
121121fft	0121234243tttff	5 1 1 1 2 3 2 7 4 6 4 5 7 6 7 3 fffftttt
121121fft	0121234243ttttf	4 1 1 1 2 7 3 5 3 4 6 5 6 7 2 6 fffttttt
121121fft	0121234323tftff	7 3 6 1 6 4 3 3 2 4 5 1 6 4 5 7 fffffttt
121121fft	0121234323tttff	5 2 7 3 2 2 1 3 4 6 4 5 7 6 7 3 fffftttt
121121fft	0121234323ttttf	4 1 1 1 6 7 3 5 3 4 6 5 6 7 2 7 fffttttt
121121fft	0121234333tftft	6 3 5 1 7 2 3 3 4 1 5 2 4 6 2 2 fffftttt
121121fft	0121234333tttft	4 2 7 1 2 2 3 5 3 4 6 5 6 1 1 1 fffttttt
121121fft	0121234333ttttf	4 1 1 1 7 7 3 5 3 4 6 5 6 7 2 7 fffttttt
121121fft	0121234343ttttf	4 1 1 1 2 7 3 5 3 4 6 5 6 7 2 7 fffttttt
121121fft	0121234423tftff	7 3 6 1 6 4 3 3 2 2 5 1 6 4 5 7 fffffttt
121121fft	0121234423tttff	5 2 7 3 2 2 1 1 4 6 4 5 7 6 7 3 fffftttt
121121fft	0121234423ttttf	4 1 1 1 6 7 3 5 3 4 6 5 6 7 2 2 fffttttt
121121fft	0121234443ttttf	4 1 1 1 2 7 3 5 3 4 6 5 6 7 2 2 fffttttt
121121fft	0121310421ttfff	6 2 5 4 2 2 1 7 3 7 5 7 5 6 3 7 fffffttt
121121fft	0121310421ttftf	5 1 1 1 7 6 2 6 4 6 4 5 2 6 4 3 fffftttt
121121fft	0121310421tttff	5 2 4 3 2 2 7 6 4 6 4 5 7 6 1 6 fffftttt
121121fft	0121310421ttttf	4 1 1 1 6 5 3 5 3 4 6 5 7 5 3 2 fffttttt
121121fft	0121310424ttfff	6 2 5 3 2 2 4 3 1 7 5 7 5 6 4 7 fffffttt
121121fft	0121310424ttftf	5 1 1 1 3 2 7 6 4 6 4 5 3 6 4 2 fffftttt
121121fft	0121310424tttff	5 3 4 2 7 2 3 3 4 6 4 5 7 6 1 6 fffftttt
121121fft	0121310424ttttf	4 2 6 1 2 2 3 5 3 4 6 5 7 5 3 1 fffttttt
121121fft	0121311421ttfff	6 2 7 4 2 2 1 7 3 7 5 7 5 6 3 7 fffffttt
121121fft	0121311421ttftf	5 1 1 1 7 6 2 6 4 6 4 5 2 6 6 3 fffftttt
121121fft	0121311421tttff	5 2 6 3 2 2 7 6 4 6 4 5 7 6 1 6 fffftttt
121121fft	0121311421ttttf	4 1 1 1 6 5 3 5 3 4 6 5 7 5 5 2 fffttttt
121121fft	0121311424ttfff	6 2 7 3 2 2 4 3 1 7 5 7 5 6 4 7 fffffttt
121121fft	0121311424ttftf	5 1 1 1 3 2 7 6 4 6 4 5 3 6 6 2 fffftttt
121121fft	0121311424tttff	5 3 6 2 7 2 3 3 4 6 4 5 7 6 1 6 fffftttt
121121fft	0121311424ttttf	4 2 6 1 2 2 3 5 3 4 6 5 7 5 5 1 fffttttt
121121fft	0121312421ttfff	6 1 1 1 3 4 2 7 3 7 5 7 5 6 3 7 fffffttt
121121fft	0121312421ttftf	5 1 1 1 7 6 2 6 4 6 4 5 2 6 2 3 fffftttt
121121fft	0121312421tttff	5 2 7 3 2 2 7 6 4 6 4 5 7 6 1 6 fffftttt
121121fft	0121312421ttttf	4 1 1 1 6 5 3 5 3 4 6 5 7 5 6 2 fffttttt
121121fft	0121312423ttfft	5 1 1 1 3 6 2 7 4 6 4 5 2 6 2 3 fffftttt
121121fft	0121312423ttftf	5 1 1 1 7 6 2 7 4 6 4 5 2 6 2 3 fffftttt
121121fft	0121312423tttft	4 1 1 1 6 7 3 5 3 4 6 5 2 5 6 2 fffttttt
121121fft	0121312423ttttf	4 1 1 1 6 7 3 5 3 4 6 5 7 5 6 2 fffttttt
121121fft	0121312424ttftf	5 1 1 1 3 2 7 6 4 6 4 5 3 6 3 2 fffftttt
121121fft	0121312424ttttf	4 2 6 1 2 2 3 5 3 4 6 5 7 5 6 1 fffttttt
121121fft	0121313421ttfff	6 1 1 1 2 4 2 7 3 7 5 7 5 6 3 7 fffffttt
121121fft	0121313421ttftf	5 1 1 1 7 6 2 6 4 6 4 5 2 6 7 3 fffftttt
121121fft	0121313421tttff	5 1 1 1 2 3 7 6 4 6 4 5 7 6 2 6 fffftttt
121121fft	0121313421ttttf	4 1 1 1 6 5 3 5 3 4 6 5 7 5 7 2 fffttttt
121121fft	0121313422ttfff	6 1 1 1 2 3 4 4 2 7 5 7 5 6 4 7 fffffttt
121121fft	0121313422ttfft	5 1 1 1 3 6 3 7 4 6 4 5 2 6 2 2 fffftttt
121121fft	0121313422tttff	5 1 1 1 2 3 7 7 4 6 4 5 7 6 2 6 fffftttt
121121fft	0121313422tttft	4 1 1 1 2 6 3 5 3 4 7 5 7 7 2 5 fffttttt
121121fft	0121313422ttttf	4 1 1 1 6 6 3 5 3 4 6 5 7 5 7 2 fffttttt
121121fft	0121313423tftff	6 3 7 1 7 4 3 3 4 2 5 1 5 6 4 1 fffffttt
121121fft	0121313423ttfff	6 1 1 1 2 3 4 2 2 7 5 7 5 6 4 7 fffffttt
121121fft	0121313423ttfft	5 1 1 1 3 6 3 7 4 6 4 5 2 6 2 3 fffftttt
121121fft	0121313423tttff	5 2 7 3 2 2 3 1 4 6 4 5 7 6 3 6 fffftttt
121121fft	0121313423tttft	4 1 1 1 2 7 3 5 3 4 6 5 2 5 6 2 fffttttt
121121fft	0121313423ttttf	4 1 1 1 6 7 3 5 3 4 6 5 7 5 7 2 fffttttt
121121fft	0121313424ttfff	6 1 1 1 2 3 4 3 2 7 5 7 5 6 4 7 fffffttt
121121fft	0121313424ttftf	5 1 1 1 3 2 7 6 4 6 4 5 3 6 7 2 fffftttt
121121fft	0121313424tttff	5 2 7 1 2 2 3 1 4 6 4 5 7 6 3 6 fffftttt
121121fft	0121313424ttttf	4 2 6 1 2 2 3 5 3 4 6 5 7 5 7 1 fffttttt
121121fft	0121313431tftff	6 2 7 1 2 2 3 4 3 1 5 1 5 6 3 1 fffffttt
121121fft	0121313431tttff	5 1 1 1 2 3 2 6 4 6 4 5 7 6 2 6 fffftttt
121121fft	0121313431ttttf	4 1 1 1 7 5 3 5 3 4 6 5 7 5 7 2 fffttttt
121121fft	0121313432ttfff	6 1 1 1 2 3 2 4 2 7 5 7 5 6 4 7 fffffttt
121121fft	0121313432ttfft	5 1 1 1 3 6 3 7 4 6 4 5 2 6 3 2 fffftttt
121121fft	0121313432tttff	5 1 1 1 2 3 2 7 4 6 4 5 7 6 2 6 fffftttt
121121fft	0121313432tttft	4 1 1 1 2 7 3 5 3 4 6 5 2 5 2 6 fffttttt
121121fft	0121313432ttttf	4 1 1 1 7 6 3 5 3 4 6 5 7 5 7 2 fffttttt
121121fft	0121313433ttfft	5 1 1 1 3 6 3 7 4 6 4 5 2 6 3 3 fffftttt
121121fft	0121313433tttft	4 1 1 1 2 7 3 5 3 4 6 5 2 5 2 2 fffttttt
121121fft	0121313433ttttf	4 1 1 1 7 7 3 5 3 4 6 5 7 5 7 2 fffttttt
121121fft	0121313434tttft	4 1 1 1 2 7 3 5 3 4 6 5 2 5 2 7 fffttttt
121121fft	0121313434ttttf	4 2 7 1 2 2 3 5 3 4 6 5 7 5 7 1 fffttttt
121121fft	0121314101tffff	7 2 6 3 2 2 4 3 5 3 1 3 6 3 6 7 fffffftt
121121fft	0121314101tfftf	6 3 7 4 5 4 3 3 1 4 5 4 5 6 2 4 fffffttt
121121fft	0121314101tftff	6 3 7 1 5 1 3 3 2 1 5 1 5 6 4 1 fffffttt
121121fft	0121314101tfttf	6 3 5 1 4 1 3 3 4 1 7 1 4 6 2 1 fffftttt
121121fft	0121314101ttfff	6 1 1 1 3 7 4 7 5 7 5 7 5 6 2 7 fffffttt
121121fft	0121314101ttftf	5 1 1 1 7 6 4 6 4 6 4 5 2 6 3 6 fffftttt
121121fft	0121314101tttff	5 1 1 1 3 6 4 6 4 6 4 5 7 6 2 6 fffftttt
121121fft	0121314101ttttf	4 1 1 1 3 5 3 5 3 4 6 5 7 5 2 5 fffttttt
121121fft	0121314111tffft	6 2 7 3 2 2 4 3 1 3 5 3 5 6 3 3 fffffttt
121121fft	0121314111tfftf	6 2 7 4 2 2 4 4 1 4 5 4 5 6 3 4 fffffttt
121121fft	0121314111tfftt	6 2 5 3 2 2 1 3 4 3 7 3 4 6 3 3 fffftttt
121121fft	0121314111tftff	6 2 7 1 2 2 4 1 1 1 5 1 5 6 3 1 fffffttt
121121fft	0121314111tfttf	6 2 5 1 2 2 1 1 4 1 7 1 4 6 3 1 fffftttt
121121fft	0121314111tfttt	6 2 4 1 2 2 3 1 5 1 7 1 3 6 1 1 fffttttt
121121fft	0121314111ttfff	6 1 1 1 3 7 4 7 7 7 5 7 5 6 2 7 fffffttt
121121fft	0121314111ttfft	5 1 1 1 3 7 6 7 4 7 4 5 7 7 2 7 fffftttt
121121fft	0121314111ttftt	5 1 1 1 4 7 3 7 6 7 3 5 7 7 2 7 fffttttt
121121fft	0121314111tttff	5 1 1 1 3 6 6 6 4 6 4 5 7 6 2 6 fffftttt
121121fft	0121314111tttft	4 1 1 1 5 6 3 6 3 4 6 6 7 6 2 6 fffttttt
121121fft	0121314111ttttf	4 1 1 1 5 5 3 5 3 4 6 5 7 5 2 5 fffttttt
121121fft	0121314121tffft	6 2 7 3 2 2 4 3 1 3 5 3 5 6 4 3 fffffttt
121121fft	0121314121tfftt	6 2 5 3 2 2 1 3 4 3 7 3 4 6 1 3 fffftttt
121121fft	0121314121tftft	6 3 7 1 5 1 3 3 4 1 7 1 4 6 2 1 fffftttt
121121fft	0121314121ttftf	5 1 1 1 7 6 2 6 4 6 4 5 2 6 3 6 fffftttt
121121fft	0121314121tttff	5 1 1 1 3 6 7 6 4 6 4 5 7 6 2 6 fffftttt
121121fft	0121314121ttttf	4 1 1 1 6 5 3 5 3 4 6 5 7 5 2 5 fffttttt
121121fft	0121314124ttfff	6 1 1 1 3 2 4 7 2 7 5 7 5 6 3 7 fffffttt
121121fft	0121314124ttftf	5 1 1 1 3 2 7 6 4 6 4 5 3 6 2 6 fffftttt
121121fft	0121314124tttff	5 2 7 1 2 2 1 6 4 6 4 5 7 6 3 6 fffftttt
121121fft	0121314124ttttf	4 2 6 1 2 2 3 5 3 4 6 5 7 5 1 5 fffttttt
121121fft	0121314131tffft	6 2 7 3 2 2 4 3 1 3 5 3 5 6 1 3 fffffttt
121121fft	0121314131tfttf	6 3 5 1 7 1 3 3 4 1 7 1 4 6 2 1 fffftttt
121121fft	0121314131ttfft	5 1 1 1 3 6 7 6 4 6 4 5 2 6 3 6 fffftttt
121121fft	0121314131ttttf	4 1 1 1 7 5 3 5 3 4 6 5 7 5 2 5 fffttttt
121121fft	0121314133tftff	6 2 7 1 2 2 4 4 3 1 5 1 5 6 4 1 fffffttt
121121fft	0121314133ttfff	6 1 1 1 4 4 4 7 2 7 5 7 5 6 3 7 fffffttt
121121fft	0121314133tttff	5 1 1 1 3 3 2 6 4 6 4 5 7 6 3 6 fffftttt
121121fft	0121314133tttft	4 1 1 1 7 5 3 5 3 4 6 5 2 5 2 2 fffttttt
121121fft	0121314133ttttf	4 1 1 1 7 7 3 5 3 4 6 5 7 5 2 5 fffttttt
121121fft	0121314141tfftf	6 2 7 4 2 2 3 4 1 4 5 4 5 6 3 4 fffffttt
121121fft	0121314141tfttf	6 2 5 1 2 2 3 1 4 1 7 1 4 6 3 1 fffftttt
121121fft	0121314141ttftf	5 1 1 1 7 6 3 6 4 6 4 5 2 6 3 6 fffftttt
121121fft	0121314141ttttf	4 1 1 1 2 5 3 5 3 4 6 5 7 5 2 5 fffttttt
121121fft	0121314142ttfff	6 1 1 1 2 3 4 7 2 7 5 7 5 6 3 7 fffffttt
121121fft	0121314142tttff	5 1 1 1 3 6 3 7 4 6 4 5 7 6 2 6 fffftttt
121121fft	0121314142ttttf	4 1 1 1 2 6 3 5 3 4 6 5 7 5 2 5 fffttttt
121121fft	0121314143tftff	6 2 7 1 2 2 3 4 3 1 5 1 5 6 4 1 fffffttt
121121fft	0121314143ttfff	6 1 1 1 2 4 4 7 2 7 5 7 5 6 3 7 fffffttt
121121fft	0121314143ttftf	5 1 1 1 7 6 3 7 4 6 4 5 2 6 3 6 fffftttt
121121fft	0121314143tttff	5 1 1 1 2 3 2 6 4 6 4 5 7 6 3 6 fffftttt
121121fft	0121314143ttttf	4 1 1 1 2 7 3 5 3 4 6 5 7 5 2 5 fffttttt
121121fft	0121314242ttttf	4 1 1 1 2 6 3 5 3 4 6 5 7 5 2 6 fffttttt
121121fft	0121314243ttfff	6 1 1 1 2 3 2 4 3 7 5 7 5 6 4 7 fffffttt
121121fft	0121314243tttff	5 1 1 1 2 3 2 7 4 6 4 5 7 6 3 6 fffftttt
121121fft	0121314243ttttf	4 1 1 1 2 7 3 5 3 4 6 5 7 5 2 6 fffttttt
121121fft	0121314331tftff	6 2 7 1 2 2 4 3 3 1 5 1 5 6 3 1 fffffttt
121121fft	0121314331tttff	5 1 1 1 3 2 2 6 4 6 4 5 7 6 2 6 fffftttt
121121fft	0121314331ttttf	4 1 1 1 7 5 3 5 3 4 6 5 7 5 2 7 fffttttt
121121fft	0121314333tttft	4 2 7 1 2 2 3 5 3 4 6 5 1 5 1 1 fffttttt
121121fft	0121314333ttttf	4 1 1 1 7 7 3 5 3 4 6 5 7 5 2 7 fffttttt
121121fft	0121314343ttftf	5 1 1 1 7 6 3 7 4 6 4 5 2 6 3 7 fffftttt
121121fft	0121314343ttttf	4 1 1 1 2 7 3 5 3 4 6 5 7 5 2 7 fffttttt
121121fft	0121314421ttfff	6 1 1 1 4 4 2 7 3 7 5 7 5 6 3 7 fffffttt
121121fft	0121314421ttftf	5 1 1 1 7 6 2 6 4 6 4 5 2 6 3 3 fffftttt
121121fft	0121314421tttff	5 1 1 1 3 3 7 6 4 6 4 5 7 6 2 6 fffftttt
121121fft	0121314421ttttf	4 1 1 1 6 5 3 5 3 4 6 5 7 5 2 2 fffttttt
121121fft	0121314424ttfff	6 1 1 1 3 3 4 3 2 7 5 7 5 6 4 7 fffffttt
121121fft	0121314424ttftf	5 1 1 1 3 2 7 6 4 6 4 5 3 6 2 2 fffftttt
121121fft	0121314424tttff	5 2 7 1 2 2 1 1 4 6 4 5 7 6 3 6 fffftttt
121121fft	0121314424ttttf	4 2 6 1 2 2 3 5 3 4 6 5 7 5 1 1 fffttttt
121121fft	0121323432tttff	5 1 1 1 2 3 2 7 4 6 4 5 7 6 2 7 fffftttt
121121fft	0121323432ttttf	4 1 1 1 7 6 3 5 3 4 6 5 7 6 7 2 fffttttt
121121fft	0121323433tttft	4 1 1 1 2 7 3 5 3 4 6 5 2 6 2 2 fffttttt
121121fft	0121323433ttttf	4 1 1 1 7 7 3 5 3 4 6 5 7 6 7 2 fffttttt
121121fft	0121323434ttttf	4 2 7 1 2 2 3 5 3 4 6 5 7 6 7 1 fffttttt
121121fft	0121324242ttttf	4 1 1 1 2 6 3 5 3 4 6 5 7 6 2 6 fffttttt
121121fft	0121324243tttff	5 1 1 1 2 3 2 7 4 6 4 5 7 6 3 7 fffftttt
121121fft	0121324243ttttf	4 1 1 1 2 7 3 5 3 4 6 5 7 6 2 6 fffttttt
121121fft	0121324343ttttf	4 1 1 1 2 7 3 5 3 4 6 5 7 6 2 7 fffttttt
121121fft	0121332421ttfff	6 1 1 1 3 3 2 4 2 7 5 7 5 6 2 7 fffffttt
121121fft	0121332421ttftf	5 1 1 1 7 7 2 6 4 6 4 5 2 6 2 3 fffftttt
121121fft	0121332421tttff	5 2 7 3 2 2 7 6 4 6 4 5 7 6 1 1 fffftttt
121121fft	0121332421ttttf	4 1 1 1 6 5 3 5 3 4 6 5 7 7 6 2 fffttttt
121121fft	0121332423ttfft	5 1 1 1 3 3 2 7 4 6 4 5 2 6 2 3 fffftttt
121121fft	0121332423ttftf	5 1 1 1 7 7 2 7 4 6 4 5 2 6 2 3 fffftttt
121121fft	0121332423tttft	4 1 1 1 6 7 3 5 3 4 6 5 2 2 6 2 fffttttt
121121fft	0121332423ttttf	4 1 1 1 6 7 3 5 3 4 6 5 7 7 6 2 fffttttt
121121fft	0121332424ttftf	5 1 1 1 3 2 7 7 4 6 4 5 3 6 3 2 fffftttt
121121fft	0121332424ttttf	4 2 6 1 2 2 3 5 3 4 6 5 7 7 6 1 fffttttt
121121fft	0121333434ttttf	4 2 7 1 2 2 3 5 3 4 6 5 7 7 7 1 fffttttt
121121fft	0121334133tftff	6 2 7 1 2 2 4 4 3 1 5 1 5 6 4 4 fffffttt
121121fft	0121334133tttff	5 1 1 1 3 3 2 6 4 6 4 5 7 6 3 3 fffftttt
121121fft	0121334133ttttf	4 1 1 1 7 7 3 5 3 4 6 5 7 7 2 5 fffttttt
121121fft	0121334143tftff	6 2 7 1 2 2 3 4 3 1 5 1 5 6 4 4 fffffttt
121121fft	0121334143ttfff	6 1 1 1 4 4 3 4 3 7 5 7 5 6 2 7 fffffttt
121121fft	0121334143ttftf	5 1 1 1 7 7 3 7 4 6 4 5 2 6 3 6 fffftttt
121121fft	0121334143tttff	5 1 1 1 2 3 2 6 4 6 4 5 7 6 3 3 fffftttt
121121fft	0121334143ttttf	4 1 1 1 2 7 3 5 3 4 6 5 7 7 2 5 fffttttt
121121fft	0121334333ttttf	4 1 1 1 7 7 3 5 3 4 6 5 7 7 2 7 fffttttt
121121fft	0121334343ttftf	5 1 1 1 7 7 3 7 4 6 4 5 2 6 3 7 fffftttt
121121fft	0121334343ttttf	4 1 1 1 2 7 3 5 3 4 6 5 7 7 2 7 fffttttt
121121fft	0121340121ttfff	6 1 1 1 3 4 5 7 2 7 5 7 5 6 2 7 fffffttt
121121fft	0121340121tttff	5 1 1 1 4 6 7 6 4 6 4 5 7 6 2 3 fffftttt
121121fft	0121340124ttfff	6 1 1 1 3 2 4 2 5 7 5 7 5 6 3 7 fffffttt
121121fft	0121340124tttff	5 2 7 1 2 2 4 6 4 6 4 5 7 6 3 1 fffftttt
121121fft	0121340421ttfff	6 2 5 4 2 2 1 4 3 7 5 7 5 6 3 7 fffffttt
121121fft	0121340421ttftf	5 2 7 3 2 2 1 6 4 6 4 5 1 6 4 3 fffftttt
121121fft	0121340421tttff	5 2 4 3 2 2 7 6 4 6 4 5 7 6 1 3 fffftttt
121121fft	0121340421ttttf	4 1 1 1 6 5 3 5 3 4 6 5 7 2 3 2 fffttttt
121121fft	0121340424ttfff	6 2 5 3 2 2 4 3 1 3 5 7 5 6 4 7 fffffttt
121121fft	0121340424ttftf	5 2 7 3 2 2 1 3 4 6 4 5 1 6 4 3 fffftttt
121121fft	0121340424tttff	5 3 4 2 7 2 3 3 4 6 4 5 7 6 1 2 fffftttt
121121fft	0121340424ttttf	4 2 6 1 2 2 3 5 3 4 6 5 7 1 3 1 fffttttt
121121fft	0121341121ttfff	6 1 1 1 3 4 7 7 2 7 5 7 5 6 2 7 fffffttt
121121fft	0121341121ttftf	5 2 6 3 2 2 1 7 4 7 4 5 7 7 1 7 fffftttt
121121fft	0121341121tttff	5 1 1 1 6 6 7 6 4 6 4 5 7 6 2 3 fffftttt
121121fft	0121341121ttttf	4 1 1 1 7 6 3 6 3 4 6 6 7 6 5 2 fffttttt
121121fft	0121341124ttfff	6 1 1 1 3 2 4 2 7 7 5 7 5 6 3 7 fffffttt
121121fft	0121341124ttftf	5 2 6 3 2 2 1 3 4 7 4 5 7 7 1 7 fffftttt
121121fft	0121341124tttff	5 2 7 1 2 2 6 6 4 6 4 5 7 6 3 1 fffftttt
121121fft	0121341124ttttf	4 2 7 1 2 2 3 6 3 4 6 6 7 6 5 1 fffttttt
121121fft	0121341421ttfff	6 2 7 4 2 2 1 4 3 7 5 7 5 6 3 7 fffffttt
121121fft	0121341421ttftf	5 2 7 3 2 2 1 6 4 6 4 5 1 6 6 3 fffftttt
121121fft	0121341421tttff	5 2 6 3 2 2 7 6 4 6 4 5 7 6 1 3 fffftttt
121121fft	0121341421ttttf	4 1 1 1 6 5 3 5 3 4 6 5 7 2 5 2 fffttttt
121121fft	0121341424ttfff	6 2 7 3 2 2 4 3 1 3 5 7 5 6 4 7 fffffttt
121121fft	0121341424ttftf	5 2 7 3 2 2 1 3 4 6 4 5 1 6 6 3 fffftttt
121121fft	0121341424tttff	5 3 6 2 7 2 3 3 4 6 4 5 7 6 1 2 fffftttt
121121fft	0121341424ttttf	4 2 6 1 2 2 3 5 3 4 6 5 7 1 5 1 fffttttt
121121fft	0121342123ttfff	6 1 1 1 4 3 2 4 2 7 5 7 5 6 2 7 fffffttt
121121fft	0121342123ttfft	5 1 1 1 3 7 2 6 4 6 4 5 2 6 2 3 fffftttt
121121fft	0121342123tttff	5 2 7 3 2 2 7 6 4 6 4 5 7 6 3 1 fffftttt
121121fft	0121342123tttft	4 1 1 1 6 5 3 5 3 4 6 5 2 7 6 2 fffttttt
121121fft	0121342124ttfff	6 1 1 1 3 2 4 2 3 7 5 7 5 6 3 7 fffffttt
121121fft	0121342124tttff	5 2 7 1 2 2 7 6 4 6 4 5 7 6 3 1 fffftttt
121121fft	0121342321ttfff	6 1 1 1 3 2 2 4 3 7 5 7 5 6 3 7 fffffttt
121121fft	0121342321tttff	5 2 7 1 2 2 7 6 4 6 4 5 7 6 1 3 fffftttt
121121fft	0121342323ttfft	5 1 1 1 3 2 2 7 4 6 4 5 3 6 3 2 fffftttt
121121fft	0121342323tttft	4 2 6 1 2 2 3 5 3 4 6 5 1 7 6 1 fffttttt
121121fft	0121342421ttftf	5 2 7 3 2 2 1 6 4 6 4 5 1 6 1 3 fffftttt
121121fft	0121342421tttff	5 2 7 3 2 2 7 6 4 6 4 5 7 6 1 3 fffftttt
121121fft	0121342423ttftf	5 2 7 3 2 2 1 7 4 6 4 5 1 6 1 3 fffftttt
121121fft	0121342423tttft	4 1 1 1 6 7 3 5 3 4 6 5 2 7 6 2 fffttttt
121121fft	0121342424ttftf	5 2 7 3 2 2 1 3 4 6 4 5 1 6 1 3 fffftttt
121121fft	0121343121ttfff	6 1 1 1 3 4 3 7 2 7 5 7 5 6 2 7 fffffttt
121121fft	0121343121tttff	5 1 1 1 2 6 7 6 4 6 4 5 7 6 2 3 fffftttt
121121fft	0121343124ttfff	6 1 1 1 3 2 4 2 4 7 5 7 5 6 3 7 fffffttt
121121fft	0121343124tttff	5 2 7 1 2 2 3 6 4 6 4 5 7 6 3 1 fffftttt
121121fft	0121343221ttfff	6 1 1 1 2 3 2 4 3 7 5 7 5 6 3 7 fffffttt
121121fft	0121343231ttfff	6 1 1 1 2 3 2 4 2 7 5 7 5 6 3 7 fffffttt
121121fft	0121343231ttfft	5 1 1 1 2 3 2 7 4 6 4 5 3 6 2 6 fffftttt
121121fft	0121343231tttft	4 1 1 1 2 6 3 5 3 4 6 5 2 7 2 5 fffttttt
121121fft	0121343234ttfft	5 1 1 1 2 3 2 7 4 6 4 5 3 6 2 7 fffftttt
121121fft	0121343421ttftf	5 2 7 3 2 2 1 6 4 6 4 5 1 6 7 3 fffftttt
121121fft	0121343421tttff	5 1 1 1 2 3 7 6 4 6 4 5 7 6 2 3 fffftttt
121121fft	0121343422tttff	5 1 1 1 2 3 7 7 4 6 4 5 7 6 2 3 fffftttt
121121fft	0121343422tttft	4 1 1 1 2 6 3 5 3 4 7 5 7 7 2 6 fffttttt
121121fft	0121343423tftff	6 3 7 1 7 4 3 3 4 2 5 1 5 6 4 2 fffffttt
121121fft	0121343423tttff	5 2 7 3 2 2 3 1 4 6 4 5 7 6 3 1 fffftttt
121121fft	0121343423tttft	4 1 1 1 2 7 3 5 3 4 6 5 2 7 6 2 fffttttt
121121fft	0121343424ttftf	5 2 7 3 2 2 1 3 4 6 4 5 1 6 7 3 fffftttt
121121fft	0121343424tttff	5 2 7 1 2 2 3 1 4 6 4 5 7 6 3 1 fffftttt
121121fft	0121343431tftff	6 2 7 1 2 2 3 4 3 1 5 1 5 6 3 4 fffffttt
121121fft	0121343431tttff	5 1 1 1 2 3 2 6 4 6 4 5 7 6 2 3 fffftttt
121121fft	0121343431tttft	4 1 1 1 2 7 3 5 3 4 6 5 2 7 2 5 fffttttt
121121fft	0121343432tttff	5 1 1 1 2 3 2 7 4 6 4 5 7 6 2 3 fffftttt
121121fft	0121343433tttft	4 1 1 1 2 7 3 5 3 4 6 5 2 7 2 2 fffttttt
121121fft	0121344121ttfff	6 1 1 1 3 4 4 7 2 7 5 7 5 6 2 7 fffffttt
121121fft	0121344121ttftf	5 2 7 3 2 2 1 6 4 6 4 5 1 6 3 6 fffftttt
121121fft	0121344121tttff	5 1 1 1 3 6 7 6 4 6 4 5 7 6 2 3 fffftttt
121121fft	0121344121ttttf	4 1 1 1 6 5 3 5 3 4 6 5 7 2 2 5 fffttttt
121121fft	0121344124ttfff	6 1 1 1 3 2 4 2 2 7 5 7 5 6 3 7 fffffttt
121121fft	0121344124ttftf	5 2 7 3 2 2 1 3 4 6 4 5 1 6 3 6 fffftttt
121121fft	0121344124tttff	5 2 7 1 2 2 1 6 4 6 4 5 7 6 3 1 fffftttt
121121fft	0121344124ttttf	4 2 6 1 2 2 3 5 3 4 6 5 7 1 1 5 fffttttt
121121fft	0121344421ttfff	6 1 1 1 3 4 4 4 2 7 5 7 5 6 2 7 fffffttt
121121fft	0121344421ttftf	5 2 7 3 2 2 1 6 4 6 4 5 1 6 3 3 fffftttt
121121fft	0121344421tttff	5 1 1 1 3 3 7 6 4 6 4 5 7 6 2 3 fffftttt
121121fft	0121344421ttttf	4 1 1 1 6 5 3 5 3 4 6 5 7 2 2 2 fffttttt
121121fft	0121344424ttftf	5 2 7 3 2 2 1 3 4 6 4 5 1 6 3 3 fffftttt
121121fft	0121344424tttff	5 2 7 1 2 2 1 1 4 6 4 5 7 6 3 1 fffftttt
121121fft	0121344424ttttf	4 2 6 1 2 2 3 5 3 4 6 5 7 1 1 1 fffttttt
121121fft	0122232424ttttf	4 2 6 1 2 2 3 5 3 4 6 6 6 7 6 1 fffttttt
121121fft	0122232434tttff	5 2 7 3 2 2 1 3 4 6 4 5 7 7 7 1 fffftttt
121121fft	0122232434ttttf	4 2 7 1 2 2 3 5 3 4 6 6 6 7 6 1 fffttttt
121121fft	0122233434ttttf	4 2 7 1 2 2 3 5 3 4 6 6 6 7 7 1 fffttttt
121121fft	0122234323tttff	5 2 7 3 2 2 1 3 4 6 4 5 7 7 7 3 fffftttt
121121fft	0122234323ttttf	4 1 1 1 6 7 3 5 3 4 6 6 6 7 2 7 fffttttt
121121fft	0122234333tttft	4 2 7 1 2 2 3 5 3 4 6 6 6 1 1 1 fffttttt
121121fft	0122234333ttttf	4 1 1 1 7 7 3 5 3 4 6 6 6 7 2 7 fffttttt
121121fft	0122234343ttttf	4 1 1 1 2 7 3 5 3 4 6 6 6 7 2 7 fffttttt
121121fft	0122323432tttff	5 1 1 1 2 3 2 7 4 6 4 5 7 7 2 7 fffftttt
121121fft	0122323432ttttf	4 1 1 1 7 6 3 5 3 4 6 6 7 6 7 2 fffttttt
121121fft	0122323433tttft	4 1 1 1 2 7 3 5 3 4 6 6 2 6 2 2 fffttttt
121121fft	0122323433ttttf	4 1 1 1 7 7 3 5 3 4 6 6 7 6 7 2 fffttttt
121121fft	0122323434ttttf	4 2 7 1 2 2 3 5 3 4 6 6 7 6 7 1 fffttttt
121121fft	0122324242ttttf	4 1 1 1 2 6 3 5 3 4 6 6 7 6 2 6 fffttttt
121121fft	0122324243tttff	5 1 1 1 2 3 2 7 4 6 4 5 7 7 3 7 fffftttt
121121fft	0122324243ttttf	4 1 1 1 2 7 3 5 3 4 6 6 7 6 2 6 fffttttt
121121fft	0122324343ttttf	4 1 1 1 2 7 3 5 3 4 6 6 7 6 2 7 fffttttt
121121fft	0122333434ttttf	4 2 7 1 2 2 3 5 3 4 6 6 7 7 7 1 fffttttt
121121fft	0122334343ttttf	4 1 1 1 2 7 3 5 3 4 6 6 7 7 2 7 fffttttt
121121fft	0123011434tffff	7 2 6 5 2 2 4 3 5 3 1 4 6 5 6 7 fffffftt
121121fft	0123012414tffff	7 2 6 4 2 2 4 3 1 5 1 3 6 4 6 7 fffffftt
121121fft	0123012424ttftf	5 1 1 1 3 2 4 6 4 6 4 5 3 7 3 2 fffftttt
121121fft	0123012434tffff	7 2 6 4 2 2 5 3 1 5 1 3 6 4 6 7 fffffftt
121121fft	0123012434ttfff	6 1 1 1 3 2 4 2 5 7 5 7 5 6 4 3 fffffttt
121121fft	0123014303ttfff	6 2 5 3 2 2 1 3 5 7 5 7 5 6 4 3 fffffttt
121121fft	0123014311tffff	7 2 6 5 2 2 4 3 5 5 1 3 6 5 6 7 fffffftt
121121fft	0123014311ttfff	6 1 1 1 4 2 5 7 7 7 5 7 5 6 3 2 fffffttt
121121fft	0123014311ttftf	5 1 1 1 4 6 6 6 4 6 4 5 2 7 3 7 fffftttt
121121fft	0123014313tffff	7 2 6 5 2 2 4 3 5 3 1 3 6 5 6 7 fffffftt
121121fft	0123014313ttfff	6 2 7 3 2 2 1 3 5 7 5 7 5 6 4 3 fffffttt
121121fft	0123014313ttftf	5 1 1 1 4 6 6 7 4 6 4 5 2 7 3 7 fffftttt
121121fft	0123014321tffff	7 2 6 4 2 2 5 3 1 3 1 4 6 4 6 7 fffffftt
121121fft	0123014321ttfff	6 1 1 1 4 2 5 7 3 7 5 7 5 6 3 2 fffffttt
121121fft	0123014321ttftf	5 1 1 1 4 6 2 6 4 6 4 5 2 7 3 7 fffftttt
121121fft	0123014323ttfff	6 1 1 1 3 2 4 2 5 7 5 7 5 6 4 2 fffffttt
121121fft	0123014323ttftf	5 1 1 1 4 6 2 7 4 6 4 5 2 7 3 7 fffftttt
121121fft	0123014331tffff	7 2 6 5 2 2 4 3 3 5 1 3 6 5 6 7 fffffftt
121121fft	0123014331ttfff	6 1 1 1 4 2 5 7 2 7 5 7 5 6 3 2 fffffttt
121121fft	0123014331ttftf	5 1 1 1 4 6 7 6 4 6 4 5 2 7 3 7 fffftttt
121121fft	0123014333ttftf	5 1 1 1 4 6 7 7 4 6 4 5 2 7 3 7 fffftttt
121121fft	0123014341tffff	7 2 6 5 2 2 4 3 4 5 1 3 6 5 6 7 fffffftt
121121fft	0123014341ttfff	6 1 1 1 4 2 5 7 4 7 5 7 5 6 3 2 fffffttt
121121fft	0123014341ttftf	5 1 1 1 4 6 3 6 4 6 4 5 2 7 3 7 fffftttt
121121fft	0123014343ttftf	5 1 1 1 4 6 3 7 4 6 4 5 2 7 3 7 fffftttt
121121fft	0123031414ttttf	4 2 5 1 2 2 3 5 3 4 6 7 3 7 5 1 fffttttt
121121fft	0123031434tffff	7 2 6 4 2 2 4 3 5 3 1 4 6 5 6 7 fffffftt
121121fft	0123031434tftff	7 2 6 4 2 2 4 3 1 3 5 1 5 4 5 7 fffffttt
121121fft	0123031434tttff	5 2 6 3 2 2 1 3 4 6 4 5 7 1 4 1 fffftttt
121121fft	0123031434ttttf	4 2 7 1 2 2 3 5 3 4 6 7 3 7 5 1 fffttttt
121121fft	0123032414tffff	7 2 6 5 2 2 4 3 1 5 1 3 6 4 6 7 fffffftt
121121fft	0123032414tftff	7 3 6 2 6 4 3 3 1 4 5 1 5 2 5 7 fffffttt
121121fft	0123032414tttff	5 3 7 2 6 2 3 3 4 6 4 5 7 1 4 1 fffftttt
121121fft	0123032414ttttf	4 2 5 1 2 2 3 5 3 4 6 7 3 7 6 1 fffttttt
121121fft	0123032424ttftf	5 1 1 1 3 2 4 7 4 6 4 5 3 7 3 2 fffftttt
121121fft	0123032424ttttf	4 2 6 1 2 2 3 5 3 4 6 7 3 7 6 1 fffttttt
121121fft	0123032434tffff	7 2 6 5 2 2 5 3 1 5 1 3 6 4 6 7 fffffftt
121121fft	0123032434tftff	7 3 6 2 6 4 3 3 2 4 5 1 5 2 5 7 fffffttt
121121fft	0123032434ttfff	6 2 5 4 2 2 4 3 1 3 5 7 5 6 1 4 fffffttt
121121fft	0123032434tttff	5 2 7 3 2 2 1 3 4 6 4 5 7 1 4 1 fffftttt
121121fft	0123032434ttttf	4 2 7 1 2 2 3 5 3 4 6 7 3 7 6 1 fffttttt
121121fft	0123033434ttttf	4 2 7 1 2 2 3 5 3 4 6 7 3 7 7 1 fffttttt
121121fft	0123034303tftff	7 3 6 4 5 4 3 3 2 4 5 1 5 4 5 7 fffffttt
121121fft	0123034303tttff	5 2 4 3 2 2 1 3 4 6 4 5 7 3 4 3 fffftttt
121121fft	0123034303ttttf	4 1 1 1 3 7 3 5 3 4 6 7 3 7 2 7 fffttttt
121121fft	0123034313tffff	7 2 6 3 2 2 4 3 5 3 1 3 6 5 6 7 fffffftt
121121fft	0123034313tftff	7 2 6 3 2 2 4 3 1 3 5 1 5 3 5 7 fffffttt
121121fft	0123034313tftft	6 3 5 2 7 2 3 3 4 1 4 2 4 6 1 2 fffftttt
121121fft	0123034313ttfff	6 3 5 4 7 4 3 3 2 4 5 7 5 6 1 4 fffffttt
121121fft	0123034313ttftf	5 1 1 1 4 7 6 7 4 6 4 5 2 7 3 7 fffftttt
121121fft	0123034313tttff	5 2 6 3 2 2 1 3 4 6 4 5 7 3 4 3 fffftttt
121121fft	0123034313tttft	4 2 6 1 2 2 3 5 3 4 7 1 5 1 3 1 fffttttt
121121fft	0123034313ttttf	4 1 1 1 5 7 3 5 3 4 6 7 3 7 2 7 fffttttt
121121fft	0123034323ttfff	6 2 5 3 2 2 4 3 1 3 5 7 5 6 1 3 fffffttt
121121fft	0123034323ttftf	5 1 1 1 4 7 2 7 4 6 4 5 2 7 3 7 fffftttt
121121fft	0123034323tttff	5 2 7 3 2 2 1 3 4 6 4 5 7 3 4 3 fffftttt
121121fft	0123034323ttttf	4 1 1 1 6 7 3 5 3 4 6 7 3 7 2 7 fffttttt
121121fft	0123034333tftft	6 3 5 2 7 2 3 3 4 1 4 2 4 6 2 2 fffftttt
121121fft	0123034333ttftf	5 1 1 1 4 7 7 7 4 6 4 5 2 7 3 7 fffftttt
121121fft	0123034333tttft	4 2 7 1 2 2 3 5 3 4 6 1 3 1 1 1 fffttttt
121121fft	0123034333ttttf	4 1 1 1 7 7 3 5 3 4 6 7 3 7 2 7 fffttttt
121121fft	0123034343ttftf	5 1 1 1 4 7 3 7 4 6 4 5 2 7 3 7 fffftttt
121121fft	0123034343tttft	4 2 6 1 2 2 3 5 3 4 7 1 6 1 3 1 fffttttt
121121fft	0123034343ttttf	4 1 1 1 2 7 3 5 3 4 6 7 3 7 2 7 fffttttt
121121fft	0123041313tttft	5 2 6 1 2 2 3 6 3 7 3 5 4 1 6 1 fffttttt
121121fft	0123041323tttff	5 3 6 1 7 1 3 3 4 6 4 5 7 1 4 2 fffftttt
121121fft	0123042424ttftf	5 2 4 3 2 2 1 3 4 6 4 5 1 7 1 3 fffftttt
121121fft	0123042424ttttf	4 2 6 1 2 2 3 5 3 4 6 7 3 1 6 1 fffttttt
121121fft	0123042434tffff	7 2 6 3 2 2 5 3 1 5 1 3 6 4 6 7 fffffftt
121121fft	0123042434tftff	7 3 6 2 6 4 3 3 2 4 5 1 5 4 5 7 fffffttt
121121fft	0123042434ttfff	6 2 5 3 2 2 4 3 1 3 5 7 5 6 1 4 fffffttt
121121fft	0123042434tttff	5 2 7 3 2 2 1 3 4 6 4 5 7 1 4 3 fffftttt
121121fft	0123042434ttttf	4 2 7 1 2 2 3 5 3 4 6 7 3 1 6 1 fffttttt
121121fft	0123043434ttttf	4 2 7 1 2 2 3 5 3 4 6 7 3 1 7 1 fffttttt
121121fft	0123044313tffff	7 2 6 4 2 2 4 3 5 3 1 3 6 5 6 7 fffffftt
121121fft	0123044313tftff	7 2 6 3 2 2 4 3 1 3 5 1 5 4 5 7 fffffttt
121121fft	0123044313tttff	5 2 6 3 2 2 1 3 4 6 4 5 7 3 4 1 fffftttt
121121fft	0123044313tttft	5 2 7 1 2 2 3 6 3 7 3 5 4 1 6 1 fffttttt
121121fft	0123044323ttfff	6 2 5 4 2 2 4 3 1 3 5 7 5 6 1 3 fffffttt
121121fft	0123044323tttff	5 2 7 3 2 2 1 3 4 6 4 5 7 3 4 1 fffftttt
121121fft	0123044343tttft	5 2 7 1 2 2 3 6 3 7 3 5 4 1 7 1 fffttttt
121121fft	0123112424ttftf	5 1 1 1 3 2 6 6 4 6 4 5 3 7 3 2 fffftttt
121121fft	0123112424ttttf	4 2 5 1 2 2 3 6 3 4 6 6 5 7 5 1 fffttttt
121121fft	0123113434ttttf	4 2 7 1 2 2 3 6 3 4 6 6 5 7 7 1 fffttttt
121121fft	0123114311tftff	6 2 7 3 2 2 4 3 1 1 5 1 5 6 1 1 fffffttt
121121fft	0123114311tttff	5 1 1 1 3 2 7 7 4 7 4 5 7 7 6 2 fffftttt
121121fft	0123114311ttttf	4 1 1 1 6 6 3 6 3 4 6 6 5 7 2 7 fffttttt
121121fft	0123114313tftff	6 2 7 3 2 2 4 3 1 3 5 1 5 6 1 1 fffffttt
121121fft	0123114313ttfff	6 2 7 3 2 2 1 3 7 7 5 7 5 6 4 3 fffffttt
121121fft	0123114313tttff	5 2 7 3 2 2 1 3 4 7 4 5 7 7 6 3 fffftttt
121121fft	0123114313tttft	4 2 7 1 2 2 3 6 3 4 6 6 5 1 6 1 fffttttt
121121fft	0123114313ttttf	4 1 1 1 6 7 3 6 3 4 6 6 5 7 2 7 fffttttt
121121fft	0123114331tftff	6 2 7 3 2 2 4 3 3 1 5 1 5 6 1 1 fffffttt
121121fft	0123114331ttfff	6 1 1 1 4 2 7 7 2 7 5 7 5 6 3 2 fffffttt
121121fft	0123114331tttff	5 1 1 1 3 2 2 7 4 7 4 5 7 7 6 2 fffftttt
121121fft	0123114331tttft	4 2 7 1 2 2 3 6 3 4 6 6 5 1 1 6 fffttttt
121121fft	0123114331ttttf	4 1 1 1 7 6 3 6 3 4 6 6 5 7 2 7 fffttttt
121121fft	0123114333tttft	4 2 7 1 2 2 3 6 3 4 6 6 5 1 1 1 fffttttt
121121fft	0123114333ttttf	4 1 1 1 7 7 3 6 3 4 6 6 5 7 2 7 fffttttt
121121fft	0123114343ttftf	5 1 1 1 6 6 3 7 4 6 4 5 2 7 3 7 fffftttt
121121fft	0123114343tttft	4 2 7 1 2 2 3 6 3 4 6 6 5 1 7 1 fffttttt
121121fft	0123114343ttttf	4 1 1 1 2 7 3 6 3 4 6 6 5 7 2 7 fffttttt
121121fft	0123132424ttftf	5 1 1 1 3 2 6 7 4 6 4 5 3 7 3 2 fffftttt
121121fft	0123134313tftff	6 2 7 3 2 2 4 3 1 3 5 1 5 6 1 3 fffffttt
121121fft	0123134343ttftf	5 1 1 1 6 7 3 7 4 6 4 5 2 7 3 7 fffftttt
121121fft	0123142424ttftf	5 2 6 3 2 2 1 3 4 6 4 5 1 7 1 3 fffftttt
121121fft	0123142424ttttf	4 2 6 1 2 2 3 5 3 4 6 7 5 1 6 1 fffttttt
121121fft	0123143434ttttf	4 2 7 1 2 2 3 5 3 4 6 7 5 1 7 1 fffttttt
121121fft	0123144343tttft	4 2 7 1 2 2 3 6 3 4 6 7 5 1 7 1 fffttttt
121121fft	0123212424ttftf	5 1 1 1 3 2 3 6 4 6 4 5 3 7 3 2 fffftttt
121121fft	0123212434ttfff	6 1 1 1 3 2 4 2 4 7 5 7 5 6 4 3 fffffttt
121121fft	0123214323ttfff	6 1 1 1 3 2 4 2 4 7 5 7 5 6 4 2 fffffttt
121121fft	0123214331ttfff	6 1 1 1 4 2 3 7 2 7 5 7 5 6 3 2 fffffttt
121121fft	0123231434tftff	7 2 6 4 2 2 4 3 1 3 5 1 6 4 5 7 fffffttt
121121fft	0123232414tftff	7 3 6 2 6 4 3 3 1 4 5 1 6 2 5 7 fffffttt
121121fft	0123232424ttftf	5 1 1 1 3 2 3 7 4 6 4 5 3 7 3 2 fffftttt
121121fft	0123232434tftff	7 3 6 2 6 4 3 3 2 4 5 1 6 2 5 7 fffffttt
121121fft	0123234313tftff	7 2 6 3 2 2 4 3 1 3 5 1 6 3 5 7 fffffttt
121121fft	0123234313tftft	6 3 5 2 7 2 3 3 4 1 5 2 4 6 1 2 fffftttt
121121fft	0123234333tftft	6 3 5 2 7 2 3 3 4 1 5 2 4 6 2 2 fffftttt
121121fft	0123241313tttft	5 2 6 1 2 2 3 6 4 7 3 5 4 1 6 1 fffttttt
121121fft	0123242224ttttf	4 2 7 1 2 2 3 5 3 4 7 6 7 7 7 1 fffttttt
121121fft	0123242434tftff	7 3 6 2 6 4 3 3 2 4 5 1 6 4 5 7 fffffttt
121121fft	0123242434tttff	5 2 7 3 2 2 1 3 4 6 4 5 7 1 7 3 fffftttt
121121fft	0123244313tftff	7 2 6 3 2 2 4 3 1 3 5 1 6 4 5 7 fffffttt
121121fft	0123244313tttff	5 2 6 3 2 2 1 3 4 6 4 5 7 3 7 1 fffftttt
121121fft	0123244313tttft	5 2 7 1 2 2 3 6 4 7 3 5 4 1 6 1 fffttttt
121121fft	0123244323tttff	5 2 7 3 2 2 1 3 4 6 4 5 7 3 7 1 fffftttt
121121fft	0123244343tttft	5 2 7 1 2 2 3 6 4 7 3 5 4 1 7 1 fffttttt
121121fft	0123312424ttftf	5 1 1 1 3 2 7 6 4 6 4 5 3 7 3 2 fffftttt
121121fft	0123312424ttttf	4 2 6 1 2 2 3 5 3 4 6 7 7 5 6 1 fffttttt
121121fft	0123313434ttttf	4 2 7 1 2 2 3 5 3 4 6 7 7 5 7 1 fffttttt
121121fft	0123314331tftff	6 2 7 3 2 2 4 3 3 1 5 1 5 6 3 1 fffffttt
121121fft	0123314331tttff	5 1 1 1 3 2 2 6 4 6 4 5 7 2 2 6 fffftttt
121121fft	0123314331ttttf	4 1 1 1 7 5 3 5 3 4 6 7 7 5 2 7 fffttttt
121121fft	0123314333tttft	4 2 7 1 2 2 3 5 3 4 6 1 1 5 1 1 fffttttt
121121fft	0123314333ttttf	4 1 1 1 7 7 3 5 3 4 6 7 7 5 2 7 fffttttt
121121fft	0123314343ttftf	5 1 1 1 7 6 3 7 4 6 4 5 2 7 3 7 fffftttt
121121fft	0123314343ttttf	4 1 1 1 2 7 3 5 3 4 6 7 7 5 2 7 fffttttt
121121fft	0123332424ttftf	5 1 1 1 3 2 7 7 4 6 4 5 3 7 3 2 fffftttt
121121fft	0123332424ttttf	4 2 6 1 2 2 3 5 3 4 6 7 7 7 6 1 fffttttt
121121fft	0123333434ttttf	4 2 7 1 2 2 3 5 3 4 6 7 7 7 7 1 fffttttt
121121fft	0123334333ttttf	4 1 1 1 7 7 3 5 3 4 6 7 7 7 2 7 fffttttt
121121fft	0123334343ttftf	5 1 1 1 7 7 3 7 4 6 4 5 2 7 3 7 fffftttt
121121fft	0123334343ttttf	4 1 1 1 2 7 3 5 3 4 6 7 7 7 2 7 fffttttt
121121fft	0123342424ttftf	5 2 7 3 2 2 1 3 4 6 4 5 1 7 1 3 fffftttt
121121fft	0123411301tffff	7 2 6 4 2 2 4 3 5 3 1 4 6 4 6 7 fffffftt
121121fft	0123412301ttfff	6 1 1 1 3 2 4 7 5 7 5 7 5 6 3 2 fffffttt
121121fft	0123412301tttff	5 2 7 1 2 2 4 6 4 6 4 5 7 1 3 6 fffftttt
121121fft	0123412303ttfff	6 2 5 3 2 2 4 3 1 7 5 7 5 6 4 3 fffffttt
121121fft	0123412303ttfft	5 1 1 1 3 2 7 6 4 6 4 5 3 2 4 2 fffftttt
121121fft	0123412303tttff	5 3 7 1 4 1 3 3 4 6 4 5 7 1 2 6 fffftttt
121121fft	0123412303tttft	4 2 5 1 2 2 3 6 3 4 7 6 5 1 3 1 fffttttt
121121fft	0123412311ttfff	6 1 1 1 3 2 4 7 7 7 5 7 5 6 3 2 fffffttt
121121fft	0123412311ttfft	5 1 1 1 3 2 6 7 4 7 4 5 7 7 3 2 fffftttt
121121fft	0123412311tttff	5 2 7 1 2 2 6 6 4 6 4 5 7 1 3 6 fffftttt
121121fft	0123412311tttft	5 2 4 1 2 2 3 7 6 7 3 5 7 7 4 1 fffttttt
121121fft	0123412313ttfff	6 2 7 3 2 2 4 3 1 7 5 7 5 6 4 3 fffffttt
121121fft	0123412313ttfft	5 1 1 1 3 2 7 6 4 6 4 5 3 2 6 2 fffftttt
121121fft	0123412313tttff	5 3 7 1 6 1 3 3 4 6 4 5 7 1 2 6 fffftttt
121121fft	0123412313tttft	4 2 5 1 2 2 3 6 3 4 7 6 5 1 6 1 fffttttt
121121fft	0123412321ttfft	5 1 1 1 3 2 7 6 4 6 4 5 3 2 3 6 fffftttt
121121fft	0123412321tttff	5 2 7 1 2 2 7 6 4 6 4 5 7 1 3 6 fffftttt
121121fft	0123412331ttfff	6 1 1 1 3 2 4 7 2 7 5 7 5 6 3 2 fffffttt
121121fft	0123412331ttfft	5 1 1 1 3 2 7 6 4 6 4 5 3 2 2 6 fffftttt
121121fft	0123412331tttff	5 2 7 1 2 2 1 6 4 6 4 5 7 1 3 6 fffftttt
121121fft	0123412331tttft	4 2 5 1 2 2 3 6 3 4 7 6 5 1 1 6 fffttttt
121121fft	0123412333ttfff	6 1 1 1 3 3 4 3 2 7 5 7 5 6 4 3 fffffttt
121121fft	0123412333ttfft	5 1 1 1 3 2 7 6 4 6 4 5 3 2 2 2 fffftttt
121121fft	0123412333tttff	5 2 7 1 2 2 1 1 4 6 4 5 7 1 3 6 fffftttt
121121fft	0123412333tttft	4 2 5 1 2 2 3 6 3 4 7 6 5 1 1 1 fffttttt
121121fft	0123412341tttff	5 2 7 1 2 2 3 6 4 6 4 5 7 1 3 6 fffftttt
121121fft	0123412343ttfff	6 1 1 1 2 3 4 3 2 7 5 7 5 6 4 3 fffffttt
121121fft	0123412343ttfft	5 1 1 1 3 2 7 6 4 6 4 5 3 2 7 2 fffftttt
121121fft	0123412343tttff	5 2 7 1 2 2 3 1 4 6 4 5 7 1 3 6 fffftttt
121121fft	0123412343tttft	4 2 5 1 2 2 3 6 3 4 7 6 5 1 7 1 fffttttt
121121fft	0123412424ttftf	5 1 1 1 3 2 2 6 4 6 4 5 3 7 3 2 fffftttt
121121fft	0123412424ttttf	4 2 6 1 2 2 3 5 3 4 6 7 1 5 6 1 fffttttt
121121fft	0123414341tftff	6 2 7 3 2 2 4 3 4 1 5 1 5 6 4 1 fffffttt
121121fft	0123414341tttff	5 1 1 1 3 2 3 6 4 6 4 5 7 2 3 6 fffftttt
121121fft	0123414341ttttf	4 1 1 1 2 5 3 5 3 4 6 7 2 5 2 7 fffttttt
121121fft	0123414343tttft	4 2 7 1 2 2 3 6 3 4 7 6 5 1 7 1 fffttttt
121121fft	0123414343ttttf	4 1 1 1 2 7 3 5 3 4 6 7 2 5 2 7 fffttttt
121121fft	0123422242ttttf	4 1 1 1 2 7 3 5 3 4 7 6 7 7 2 7 fffttttt
121121fft	0123431301tffff	7 2 6 4 2 2 4 3 5 3 1 3 6 4 6 7 fffffftt
121121fft	0123431303tffff	7 2 6 3 2 2 4 3 5 3 1 3 6 4 6 7 fffffftt
121121fft	0123431303tffft	7 2 6 3 2 2 4 3 1 3 5 4 5 3 5 7 fffffttt
121121fft	0123431303tftft	7 2 5 3 2 2 1 3 4 1 6 3 4 3 4 7 fffftttt
121121fft	0123431303tttft	4 2 5 1 2 2 3 5 3 4 6 1 7 1 3 1 fffttttt
121121fft	0123431343tffft	7 2 6 3 2 2 4 3 1 3 5 4 6 3 5 7 fffffttt
121121fft	0123432301ttfff	6 1 1 1 3 2 4 2 5 7 5 7 5 6 3 2 fffffttt
121121fft	0123432301tttff	5 2 7 1 2 2 4 6 4 6 4 5 7 1 3 1 fffftttt
121121fft	0123432303ttfff	6 2 5 3 2 2 4 3 1 3 5 7 5 6 4 3 fffffttt
121121fft	0123432303ttfft	5 2 7 3 2 2 1 3 4 6 4 5 1 3 4 3 fffftttt
121121fft	0123432303tttff	5 3 7 1 4 1 3 3 4 6 4 5 7 1 2 1 fffftttt
121121fft	0123432303tttft	4 2 6 1 2 2 3 5 3 4 6 1 7 1 3 1 fffttttt
121121fft	0123432311ttfff	6 1 1 1 3 2 4 2 7 7 5 7 5 6 3 2 fffffttt
121121fft	0123432311ttfft	5 2 6 3 2 2 1 3 4 7 4 5 7 7 1 3 fffftttt
121121fft	0123432311tttff	5 2 7 1 2 2 6 6 4 6 4 5 7 1 3 1 fffftttt
121121fft	0123432311tttft	4 2 7 1 2 2 3 6 3 4 6 6 7 1 5 1 fffttttt
121121fft	0123432313ttfff	6 2 7 3 2 2 4 3 1 3 5 7 5 6 4 3 fffffttt
121121fft	0123432313ttfft	5 2 7 3 2 2 1 3 4 6 4 5 1 3 6 3 fffftttt
121121fft	0123432313tttff	5 3 7 1 6 1 3 3 4 6 4 5 7 1 2 1 fffftttt
121121fft	0123432321ttfff	6 1 1 1 3 2 4 2 3 7 5 7 5 6 3 2 fffffttt
121121fft	0123432321ttfft	5 2 7 3 2 2 1 3 4 6 4 5 1 3 1 6 fffftttt
121121fft	0123432321tttff	5 2 7 1 2 2 7 6 4 6 4 5 7 1 3 1 fffftttt
121121fft	0123432321tttft	4 2 7 1 2 2 3 6 3 4 7 6 7 1 5 1 fffttttt
121121fft	0123432331ttfff	6 1 1 1 3 2 4 2 2 7 5 7 5 6 3 2 fffffttt
121121fft	0123432331ttfft	5 2 7 3 2 2 1 3 4 6 4 5 1 3 3 6 fffftttt
121121fft	0123432331tttff	5 2 7 1 2 2 1 6 4 6 4 5 7 1 3 1 fffftttt
121121fft	0123432331tttft	4 2 6 1 2 2 3 5 3 4 6 1 7 1 1 5 fffttttt
121121fft	0123432333ttfft	5 2 7 3 2 2 1 3 4 6 4 5 1 3 3 3 fffftttt
121121fft	0123432333tttff	5 2 7 1 2 2 1 1 4 6 4 5 7 1 3 1 fffftttt
121121fft	0123432333tttft	4 2 6 1 2 2 3 5 3 4 6 1 7 1 1 1 fffttttt
121121fft	0123432341ttfff	6 1 1 1 3 2 4 2 4 7 5 7 5 6 3 2 fffffttt
121121fft	0123432341tttff	5 2 7 1 2 2 3 6 4 6 4 5 7 1 3 1 fffftttt
121121fft	0123432343ttfft	5 2 7 3 2 2 1 3 4 6 4 5 1 3 7 3 fffftttt
121121fft	0123432343tttff	5 2 7 1 2 2 3 1 4 6 4 5 7 1 3 1 fffftttt
121121fft	0123432424ttftf	5 1 1 1 3 2 2 7 4 6 4 5 3 7 3 2 fffftttt
121121fft	0123432424ttttf	4 2 6 1 2 2 3 5 3 4 6 7 1 7 6 1 fffttttt
121121fft	0123434342ttftf	5 1 1 1 2 3 2 7 4 6 4 5 3 7 2 7 fffftttt
121121fft	0123442424ttttf	4 2 6 1 2 2 3 5 3 4 6 7 1 1 6 1 fffttttt
121121fft	0123444343tttft	4 2 7 1 2 2 3 6 3 4 7 7 5 1 7 1 fffttttt
