1211312443fffft	0101tf	2 1 1 1 1 3 9 2 7 4 7 6 9 5 7 4 9 5 8 9 fffffffttt
1211314123fffft	0101tf	2 1 1 1 1 3 1 8 7 4 7 6 7 8 7 4 9 5 7 8 fffffffttt
1211314321fffft	0101tf	2 1 1 1 1 3 3 8 7 4 7 6 9 8 7 4 7 5 9 8 fffffffttt
1211314324fffft	0101tf	2 1 1 1 1 3 3 8 7 4 7 6 9 8 7 4 8 5 9 8 fffffffttt
1211334121fffft	0101tf	2 1 1 1 3 3 1 8 7 4 9 6 7 8 7 4 7 5 7 8 fffffffttt
1211334124fffft	0101tf	2 1 1 1 3 3 1 8 7 4 9 6 7 8 7 4 8 5 7 8 fffffffttt
1211342143fffft	0101tf	3 1 1 1 1 3 9 2 7 4 7 6 9 5 7 4 7 6 8 9 fffffffttt
1211344121ffftf	0101tf	3 1 1 1 1 3 2 8 7 4 7 6 9 8 7 4 7 5 7 6 fffffffttt
1211344123fffft	0101tf	2 1 1 1 8 5 7 3 8 6 1 8 7 8 7 3 9 4 7 8 fffffffttt
1211344123ffftf	0101tf	2 1 1 1 3 8 8 2 7 4 8 6 9 8 7 4 7 5 8 6 fffffffttt
1211344321fffft	0101tf	2 1 1 1 8 5 7 3 8 6 5 8 9 8 7 3 7 4 9 8 fffffffttt
1211344321ffftf	0101tf	3 1 1 1 1 3 2 8 7 4 7 6 9 8 7 4 8 5 7 6 fffffffttt
1223344144fftff	0101tf	7 3 6 2 8 2 4 7 3 5 5 5 9 7 8 1 8 2 6 2 fffffftttt
1234432144fftff	0101tf	7 2 8 1 3 4 3 3 2 7 6 7 8 5 9 1 8 1 6 7 fffffftttt
1234433321fftff	0101tf	7 2 8 1 4 3 3 3 2 7 6 7 9 1 8 5 8 1 6 7 fffffftttt
