121121fft	0102030444fffft	2 1 1 1 3 2 3 4 3 5 3 6 3 7 7 7 ffffffft
121121fft	0102031444fffft	2 1 1 1 3 2 3 4 3 5 3 6 4 7 7 7 ffffffft
121121fft	0102032444fffft	2 1 1 1 3 2 3 4 3 5 3 6 5 7 7 7 ffffffft
121121fft	0102033444fffft	2 1 1 1 3 2 3 4 3 5 3 6 6 7 7 7 ffffffft
121121fft	0102034344fffft	2 1 1 1 3 2 3 4 3 5 3 6 7 6 7 7 ffffffft
121121fft	0102034444fffft	2 1 1 1 3 2 3 4 3 5 3 6 7 7 7 7 ffffffft
121121fft	0102131444fffft	2 1 1 1 3 2 3 4 3 5 4 6 4 7 7 7 ffffffft
121121fft	0102132444fffft	2 1 1 1 3 2 3 4 3 5 4 6 5 7 7 7 ffffffft
121121fft	0102133444fffft	2 1 1 1 3 2 3 4 3 5 4 6 6 7 7 7 ffffffft
121121fft	0102134344fffft	2 1 1 1 3 2 3 4 3 5 4 6 7 6 7 7 ffffffft
121121fft	0102134444fffft	2 1 1 1 3 2 3 4 3 5 4 6 7 7 7 7 ffffffft
121121fft	0102232444fffft	2 1 1 1 3 2 3 4 3 5 5 6 5 7 7 7 ffffffft
121121fft	0102233444fffft	2 1 1 1 3 2 3 4 3 5 5 6 6 7 7 7 ffffffft
121121fft	0102234344fffft	2 1 1 1 3 2 3 4 3 5 5 6 7 6 7 7 ffffffft
121121fft	0102234444fffft	2 1 1 1 3 2 3 4 3 5 5 6 7 7 7 7 ffffffft
121121fft	0102320444fffft	2 1 1 1 3 2 3 4 3 5 6 5 3 7 7 7 ffffffft
121121fft	0102321444fffft	2 1 1 1 3 2 3 4 3 5 6 5 4 7 7 7 ffffffft
121121fft	0102322444fffft	2 1 1 1 3 2 3 4 3 5 6 5 5 7 7 7 ffffffft
121121fft	0102323444fffft	2 1 1 1 3 2 3 4 3 5 6 5 6 7 7 7 ffffffft
121121fft	0102324144fffft	2 1 1 1 3 2 3 4 3 5 6 5 7 4 7 7 ffffffft
121121fft	0102324244fffft	2 1 1 1 3 2 3 4 3 5 6 5 7 5 7 7 ffffffft
121121fft	0102324344fffft	2 1 1 1 3 2 3 4 3 5 6 5 7 6 7 7 ffffffft
121121fft	0102324444fffft	2 1 1 1 3 2 3 4 3 5 6 5 7 7 7 7 ffffffft
121121fft	0102333444fffft	2 1 1 1 3 2 3 4 3 5 6 6 6 7 7 7 ffffffft
121121fft	0102334344fffft	2 1 1 1 3 2 3 4 3 5 6 6 7 6 7 7 ffffffft
121121fft	0102334444fffft	2 1 1 1 3 2 3 4 3 5 6 6 7 7 7 7 ffffffft
121121fft	0102340444fffft	2 1 1 1 3 2 3 4 3 5 6 7 3 7 7 7 ffffffft
121121fft	0102341144fffft	2 1 1 1 3 2 3 5 5 5 3 6 4 7 7 7 ffffffft
121121fft	0102341244fffft	2 1 1 1 3 2 3 4 3 6 4 6 5 7 7 7 ffffffft
121121fft	0102341444fffft	2 1 1 1 3 2 3 4 3 5 6 7 4 7 7 7 ffffffft
121121fft	0102342144fffft	2 1 1 1 3 2 3 4 3 6 6 4 5 7 7 7 ffffffft
121121fft	0102342244fffft	2 1 1 1 3 2 3 4 3 6 6 6 5 7 7 7 ffffffft
121121fft	0102343244fffft	2 1 1 1 3 2 3 4 3 6 5 6 5 7 7 7 ffffffft
121121fft	0102343333ffftf	2 1 1 1 3 2 3 4 3 5 7 6 7 7 7 7 ffffffft
121121fft	0102344144fffft	2 1 1 1 3 2 3 4 3 5 6 7 7 4 7 7 ffffffft
121121fft	0102344244fffft	2 1 1 1 3 2 3 4 3 5 6 7 7 5 7 7 ffffffft
121121fft	0102344444fffft	2 1 1 1 3 2 3 4 3 5 6 7 7 7 7 7 ffffffft
121121fft	0112131444fffft	2 1 1 1 3 2 3 4 4 5 4 6 4 7 7 7 ffffffft
121121fft	0112132444fffft	2 1 1 1 3 2 3 4 4 5 4 6 5 7 7 7 ffffffft
121121fft	0112133444fffft	2 1 1 1 3 2 3 4 4 5 4 6 6 7 7 7 ffffffft
121121fft	0112134344fffft	2 1 1 1 3 2 3 4 4 5 4 6 7 6 7 7 ffffffft
121121fft	0112134444fffft	2 1 1 1 3 2 3 4 4 5 4 6 7 7 7 7 ffffffft
121121fft	0112232444fffft	2 1 1 1 3 2 3 4 4 5 5 6 5 7 7 7 ffffffft
121121fft	0112233444fffft	2 1 1 1 3 2 3 4 4 5 5 6 6 7 7 7 ffffffft
121121fft	0112234344fffft	2 1 1 1 3 2 3 4 4 5 5 6 7 6 7 7 ffffffft
121121fft	0112234444fffft	2 1 1 1 3 2 3 4 4 5 5 6 7 7 7 7 ffffffft
121121fft	0112321444fffft	2 1 1 1 3 2 3 4 4 5 6 5 4 7 7 7 ffffffft
121121fft	0112322444fffft	2 1 1 1 3 2 3 4 4 5 6 5 5 7 7 7 ffffffft
121121fft	0112323444fffft	2 1 1 1 3 2 3 4 4 5 6 5 6 7 7 7 ffffffft
121121fft	0112324244fffft	2 1 1 1 3 2 3 4 4 5 6 5 7 5 7 7 ffffffft
121121fft	0112324344fffft	2 1 1 1 3 2 3 4 4 5 6 5 7 6 7 7 ffffffft
121121fft	0112324444fffft	2 1 1 1 3 2 3 4 4 5 6 5 7 7 7 7 ffffffft
121121fft	0112333444fffft	2 1 1 1 3 2 3 4 4 5 6 6 6 7 7 7 ffffffft
121121fft	0112334344fffft	2 1 1 1 3 2 3 4 4 5 6 6 7 6 7 7 ffffffft
121121fft	0112334444fffft	2 1 1 1 3 2 3 4 4 5 6 6 7 7 7 7 ffffffft
121121fft	0112341444fffft	2 1 1 1 3 2 3 4 4 5 6 7 4 7 7 7 ffffffft
121121fft	0112342244fffft	2 1 1 1 3 2 3 4 4 6 6 6 5 7 7 7 ffffffft
121121fft	0112343333ffftf	2 1 1 1 3 2 3 4 4 5 7 6 7 7 7 7 ffffffft
121121fft	0112344244fffft	2 1 1 1 3 2 3 4 4 5 6 7 7 5 7 7 ffffffft
121121fft	0112344444fffft	2 1 1 1 3 2 3 4 4 5 6 7 7 7 7 7 ffffffft
121121fft	0121032444fffft	2 1 1 1 3 2 3 4 5 4 3 6 5 7 7 7 ffffffft
121121fft	0121033444fffft	2 1 1 1 3 2 3 4 5 4 3 6 6 7 7 7 ffffffft
121121fft	0121034144fffft	2 1 1 1 3 2 3 4 5 4 3 6 7 4 7 7 ffffffft
121121fft	0121034344fffft	2 1 1 1 3 2 3 4 5 4 3 6 7 6 7 7 ffffffft
121121fft	0121034444fffft	2 1 1 1 3 2 3 4 5 4 3 6 7 7 7 7 ffffffft
121121fft	0121132444fffft	2 1 1 1 3 2 3 4 5 4 4 6 5 7 7 7 ffffffft
121121fft	0121133444fffft	2 1 1 1 3 2 3 4 5 4 4 6 6 7 7 7 ffffffft
121121fft	0121134144fffft	2 1 1 1 3 2 3 4 5 4 4 6 7 4 7 7 ffffffft
121121fft	0121134344fffft	2 1 1 1 3 2 3 4 5 4 4 6 7 6 7 7 ffffffft
121121fft	0121134444fffft	2 1 1 1 3 2 3 4 5 4 4 6 7 7 7 7 ffffffft
121121fft	0121232444fffft	2 1 1 1 3 2 3 4 5 4 5 6 5 7 7 7 ffffffft
121121fft	0121233444fffft	2 1 1 1 3 2 3 4 5 4 5 6 6 7 7 7 ffffffft
121121fft	0121234144fffft	2 1 1 1 3 2 3 4 5 4 5 6 7 4 7 7 ffffffft
121121fft	0121234244fffft	2 1 1 1 3 2 3 4 5 4 5 6 7 5 7 7 ffffffft
121121fft	0121234344fffft	2 1 1 1 3 2 3 4 5 4 5 6 7 6 7 7 ffffffft
121121fft	0121234444fffft	2 1 1 1 3 2 3 4 5 4 5 6 7 7 7 7 ffffffft
121121fft	0121310444fffft	2 1 1 1 3 2 3 4 5 4 6 4 3 7 7 7 ffffffft
121121fft	0121311444fffft	2 1 1 1 3 2 3 4 5 4 6 4 4 7 7 7 ffffffft
121121fft	0121312444fffft	2 1 1 1 3 2 3 4 5 4 6 4 5 7 7 7 ffffffft
121121fft	0121313444fffft	2 1 1 1 3 2 3 4 5 4 6 4 6 7 7 7 ffffffft
121121fft	0121314144fffft	2 1 1 1 3 2 3 4 5 4 6 4 7 4 7 7 ffffffft
121121fft	0121314244fffft	2 1 1 1 3 2 3 4 5 4 6 4 7 5 7 7 ffffffft
121121fft	0121314344fffft	2 1 1 1 3 2 3 4 5 4 6 4 7 6 7 7 ffffffft
121121fft	0121314444fffft	2 1 1 1 3 2 3 4 5 4 6 4 7 7 7 7 ffffffft
121121fft	0121323444fffft	2 1 1 1 3 2 3 4 5 4 6 5 6 7 7 7 ffffffft
121121fft	0121324244fffft	2 1 1 1 3 2 3 4 5 4 6 5 7 5 7 7 ffffffft
121121fft	0121324344fffft	2 1 1 1 3 2 3 4 5 4 6 5 7 6 7 7 ffffffft
121121fft	0121324444fffft	2 1 1 1 3 2 3 4 5 4 6 5 7 7 7 7 ffffffft
121121fft	0121332444fffft	2 1 1 1 3 2 3 4 5 4 6 6 5 7 7 7 ffffffft
121121fft	0121333444fffft	2 1 1 1 3 2 3 4 5 4 6 6 6 7 7 7 ffffffft
121121fft	0121334144fffft	2 1 1 1 3 2 3 4 5 4 6 6 7 4 7 7 ffffffft
121121fft	0121334344fffft	2 1 1 1 3 2 3 4 5 4 6 6 7 6 7 7 ffffffft
121121fft	0121334444fffft	2 1 1 1 3 2 3 4 5 4 6 6 7 7 7 7 ffffffft
121121fft	0121340444fffft	2 1 1 1 3 2 3 4 5 4 6 7 3 7 7 7 ffffffft
121121fft	0121341144fffft	2 1 1 1 3 2 3 5 5 5 6 5 4 7 7 7 ffffffft
121121fft	0121341444fffft	2 1 1 1 3 2 3 4 5 4 6 7 4 7 7 7 ffffffft
121121fft	0121343322ffftf	2 1 1 1 3 2 3 4 6 4 6 6 7 5 7 7 ffffffft
121121fft	0121343323ffftf	2 1 1 1 3 2 3 4 5 4 7 6 5 7 7 7 ffffffft
121121fft	0121343331ffftf	2 1 1 1 3 2 3 4 5 4 7 6 7 4 7 7 ffffffft
121121fft	0121343333ffftf	2 1 1 1 3 2 3 4 5 4 7 6 7 7 7 7 ffffffft
121121fft	0121344144fffft	2 1 1 1 3 2 3 4 5 4 6 7 7 4 7 7 ffffffft
121121fft	0121344344fffft	2 1 1 1 3 2 3 4 5 4 6 7 7 6 7 7 ffffffft
121121fft	0121344444fffft	2 1 1 1 3 2 3 4 5 4 6 7 7 7 7 7 ffffffft
121121fft	0122232444fffft	2 1 1 1 3 2 3 4 5 5 5 6 5 7 7 7 ffffffft
121121fft	0122233444fffft	2 1 1 1 3 2 3 4 5 5 5 6 6 7 7 7 ffffffft
121121fft	0122234344fffft	2 1 1 1 3 2 3 4 5 5 5 6 7 6 7 7 ffffffft
121121fft	0122234444fffft	2 1 1 1 3 2 3 4 5 5 5 6 7 7 7 7 ffffffft
121121fft	0122323444fffft	2 1 1 1 3 2 3 4 5 5 6 5 6 7 7 7 ffffffft
121121fft	0122324244fffft	2 1 1 1 3 2 3 4 5 5 6 5 7 5 7 7 ffffffft
121121fft	0122324344fffft	2 1 1 1 3 2 3 4 5 5 6 5 7 6 7 7 ffffffft
121121fft	0122324444fffft	2 1 1 1 3 2 3 4 5 5 6 5 7 7 7 7 ffffffft
121121fft	0122333444fffft	2 1 1 1 3 2 3 4 5 5 6 6 6 7 7 7 ffffffft
121121fft	0122334344fffft	2 1 1 1 3 2 3 4 5 5 6 6 7 6 7 7 ffffffft
121121fft	0122334444fffft	2 1 1 1 3 2 3 4 5 5 6 6 7 7 7 7 ffffffft
121121fft	0122343333ffftf	2 1 1 1 3 2 3 4 5 5 7 6 7 7 7 7 ffffffft
121121fft	0122344444fffft	2 1 1 1 3 2 3 4 5 5 6 7 7 7 7 7 ffffffft
121121fft	0123031444fffft	2 1 1 1 3 2 3 4 5 6 3 6 4 7 7 7 ffffffft
121121fft	0123032444fffft	2 1 1 1 3 2 3 4 5 6 3 6 5 7 7 7 ffffffft
121121fft	0123033444fffft	2 1 1 1 3 2 3 4 5 6 3 6 6 7 7 7 ffffffft
121121fft	0123034344fffft	2 1 1 1 3 2 3 4 5 6 3 6 7 6 7 7 ffffffft
121121fft	0123034444fffft	2 1 1 1 3 2 3 4 5 6 3 6 7 7 7 7 ffffffft
121121fft	0123042444fffft	2 1 1 1 3 2 3 4 5 6 3 7 5 7 7 7 ffffffft
121121fft	0123043313ffftf	2 1 1 1 3 2 3 5 3 6 4 7 5 7 7 7 ffffffft
121121fft	0123043333ffftf	2 1 1 1 3 2 3 5 3 6 4 7 7 7 7 7 ffffffft
121121fft	0123043343ffftf	2 1 1 1 3 2 3 5 3 6 4 7 6 7 7 7 ffffffft
121121fft	0123043444fffft	2 1 1 1 3 2 3 4 5 6 3 7 6 7 7 7 ffffffft
121121fft	0123044344fffft	2 1 1 1 3 2 3 4 5 6 3 7 7 6 7 7 ffffffft
121121fft	0123044444fffft	2 1 1 1 3 2 3 4 5 6 3 7 7 7 7 7 ffffffft
121121fft	0123112444fffft	2 1 1 1 3 2 3 5 5 5 4 6 4 7 7 7 ffffffft
121121fft	0123113444fffft	2 1 1 1 3 2 3 5 5 5 4 6 6 7 7 7 ffffffft
121121fft	0123114344fffft	2 1 1 1 3 2 3 5 5 5 4 6 7 6 7 7 ffffffft
121121fft	0123114444fffft	2 1 1 1 3 2 3 5 5 5 4 6 7 7 7 7 ffffffft
121121fft	0123142444fffft	2 1 1 1 3 2 3 4 5 6 4 7 5 7 7 7 ffffffft
121121fft	0123143333ffftf	2 1 1 1 3 2 3 5 5 6 4 7 7 7 7 7 ffffffft
121121fft	0123143343ffftf	2 1 1 1 3 2 3 5 5 6 4 7 6 7 7 7 ffffffft
121121fft	0123143444fffft	2 1 1 1 3 2 3 4 5 6 4 7 6 7 7 7 ffffffft
121121fft	0123144344fffft	2 1 1 1 3 2 3 4 5 6 4 7 7 6 7 7 ffffffft
121121fft	0123144444fffft	2 1 1 1 3 2 3 4 5 6 4 7 7 7 7 7 ffffffft
121121fft	0123222422fftff	2 1 1 1 3 2 3 4 7 5 7 6 7 7 7 7 ffffffft
121121fft	0123242244fffft	2 1 1 1 3 2 3 4 6 5 6 6 6 7 7 7 ffffffft
121121fft	0123243313ffftf	2 1 1 1 3 2 3 5 4 6 4 7 5 7 7 7 ffffffft
121121fft	0123243333ffftf	2 1 1 1 3 2 3 5 4 6 4 7 7 7 7 7 ffffffft
121121fft	0123243343ffftf	2 1 1 1 3 2 3 5 4 6 4 7 6 7 7 7 ffffffft
121121fft	0123244344fffft	2 1 1 1 3 2 3 4 5 6 5 7 7 6 7 7 ffffffft
121121fft	0123244444fffft	2 1 1 1 3 2 3 4 5 6 5 7 7 7 7 7 ffffffft
121121fft	0123312444fffft	2 1 1 1 3 2 3 4 5 6 6 4 5 7 7 7 ffffffft
121121fft	0123313444fffft	2 1 1 1 3 2 3 4 5 6 6 4 6 7 7 7 ffffffft
121121fft	0123314344fffft	2 1 1 1 3 2 3 4 5 6 6 4 7 6 7 7 ffffffft
121121fft	0123314444fffft	2 1 1 1 3 2 3 4 5 6 6 4 7 7 7 7 ffffffft
121121fft	0123332444fffft	2 1 1 1 3 2 3 4 5 6 6 6 5 7 7 7 ffffffft
121121fft	0123333444fffft	2 1 1 1 3 2 3 4 5 6 6 6 6 7 7 7 ffffffft
121121fft	0123334344fffft	2 1 1 1 3 2 3 4 5 6 6 6 7 6 7 7 ffffffft
121121fft	0123334444fffft	2 1 1 1 3 2 3 4 5 6 6 6 7 7 7 7 ffffffft
121121fft	0123343333ffftf	2 1 1 1 3 2 3 4 5 7 7 6 7 7 7 7 ffffffft
121121fft	0123344344fffft	2 1 1 1 3 2 3 4 5 6 6 7 7 6 7 7 ffffffft
121121fft	0123344444fffft	2 1 1 1 3 2 3 4 5 6 6 7 7 7 7 7 ffffffft
121121fft	0123412444fffft	2 1 1 1 3 2 3 4 5 6 7 4 5 7 7 7 ffffffft
121121fft	0123413303ffftf	2 1 1 1 3 2 3 5 6 5 4 7 3 7 7 7 ffffffft
121121fft	0123413311ffftf	2 1 1 1 3 2 3 6 5 6 6 6 4 7 7 7 ffffffft
121121fft	0123413313ffftf	2 1 1 1 3 2 3 5 6 5 4 7 5 7 7 7 ffffffft
121121fft	0123413331ffftf	2 1 1 1 3 2 3 5 6 5 4 7 7 5 7 7 ffffffft
121121fft	0123413333ffftf	2 1 1 1 3 2 3 5 6 5 4 7 7 7 7 7 ffffffft
121121fft	0123413343ffftf	2 1 1 1 3 2 3 5 6 5 4 7 6 7 7 7 ffffffft
121121fft	0123414344fffft	2 1 1 1 3 2 3 4 5 6 7 4 7 6 7 7 ffffffft
121121fft	0123414444fffft	2 1 1 1 3 2 3 4 5 6 7 4 7 7 7 7 ffffffft
121121fft	0123422244fffft	2 1 1 1 3 2 3 4 6 5 6 6 7 6 7 7 ffffffft
121121fft	0123432444fffft	2 1 1 1 3 2 3 4 5 6 7 6 5 7 7 7 ffffffft
121121fft	0123433303ffftf	2 1 1 1 3 2 3 4 5 7 6 7 3 7 7 7 ffffffft
121121fft	0123433311ffftf	2 1 1 1 3 2 3 5 5 5 6 7 4 7 7 7 ffffffft
121121fft	0123433321ffftf	2 1 1 1 3 2 3 5 6 5 6 7 4 7 7 7 ffffffft
121121fft	0123433331ffftf	2 1 1 1 3 2 3 4 5 7 6 7 7 4 7 7 ffffffft
121121fft	0123433333ffftf	2 1 1 1 3 2 3 4 5 7 6 7 7 7 7 7 ffffffft
121121fft	0123434444fffft	2 1 1 1 3 2 3 4 5 6 7 6 7 7 7 7 ffffffft
121121fft	0123442244fffft	2 1 1 1 3 2 3 4 6 5 6 6 7 7 7 7 ffffffft
121121fft	0123442444fffft	2 1 1 1 3 2 3 4 5 6 7 7 5 7 7 7 ffffffft
121121fft	0123443333ffftf	2 1 1 1 3 2 3 5 6 6 4 7 7 7 7 7 ffffffft
121121fft	0123443343ffftf	2 1 1 1 3 2 3 5 6 6 4 7 6 7 7 7 ffffffft
121121fft	0123444244fffft	2 1 1 1 3 2 3 4 5 6 7 7 7 5 7 7 ffffffft
121121fft	0123444344fffft	2 1 1 1 3 2 3 4 5 6 7 7 7 6 7 7 ffffffft
