121121fft	01020333ffft	2 1 1 1 3 2 3 4 3 5 3 6 6 6 fffffft
121121fft	01021333ffft	2 1 1 1 3 2 3 4 3 5 4 6 6 6 fffffft
121121fft	01022333ffft	2 1 1 1 3 2 3 4 3 5 5 6 6 6 fffffft
121121fft	01023233ffft	2 1 1 1 3 2 3 4 3 5 6 5 6 6 fffffft
121121fft	01023333ffft	2 1 1 1 3 2 3 4 3 5 6 6 6 6 fffffft
121121fft	01121333ffft	2 1 1 1 3 2 3 4 4 5 4 6 6 6 fffffft
121121fft	01122333ffft	2 1 1 1 3 2 3 4 4 5 5 6 6 6 fffffft
121121fft	01123233ffft	2 1 1 1 3 2 3 4 4 5 6 5 6 6 fffffft
121121fft	01123333ffft	2 1 1 1 3 2 3 4 4 5 6 6 6 6 fffffft
121121fft	01210333ffft	2 1 1 1 3 2 3 4 5 4 3 6 6 6 fffffft
121121fft	01211333ffft	2 1 1 1 3 2 3 4 5 4 4 6 6 6 fffffft
121121fft	01212333ffft	2 1 1 1 3 2 3 4 5 4 5 6 6 6 fffffft
121121fft	01213133ffft	2 1 1 1 3 2 3 4 5 4 6 4 6 6 fffffft
121121fft	01213233ffft	2 1 1 1 3 2 3 4 5 4 6 5 6 6 fffffft
121121fft	01213333ffft	2 1 1 1 3 2 3 4 5 4 6 6 6 6 fffffft
121121fft	01222333ffft	2 1 1 1 3 2 3 4 5 5 5 6 6 6 fffffft
121121fft	01223233ffft	2 1 1 1 3 2 3 4 5 5 6 5 6 6 fffffft
121121fft	01223333ffft	2 1 1 1 3 2 3 4 5 5 6 6 6 6 fffffft
121121fft	01230333ffft	2 1 1 1 3 2 3 4 5 6 3 6 6 6 fffffft
121121fft	01231133ffft	2 1 1 1 3 2 3 5 5 5 4 6 6 6 fffffft
121121fft	01232222fftf	2 1 1 1 3 2 3 4 6 5 6 6 6 6 fffffft
121121fft	01233133ffft	2 1 1 1 3 2 3 4 5 6 6 4 6 6 fffffft
121121fft	01233333ffft	2 1 1 1 3 2 3 4 5 6 6 6 6 6 fffffft
