0101ft	1122334444fffft	0 1 2 1 3 1 4 1 5 1 5 1 ffffft
0101ft	1123334444fffft	0 1 2 1 3 1 4 1 5 1 5 1 ffffft
0101ft	1123344444fffft	0 1 2 1 3 1 4 1 5 1 5 1 ffffft
0101ft	1222334344fffft	0 1 2 1 3 1 4 1 5 1 5 1 ffffft
0101ft	1222334444fffft	0 1 2 1 3 1 4 1 5 1 5 1 ffffft
0101ft	1222344444fffft	0 1 2 1 3 1 4 1 5 1 5 1 ffffft
0101ft	1223334344fffft	0 1 2 1 3 1 4 1 5 1 5 1 ffffft
0101ft	1223334444fffft	0 1 2 1 3 1 4 1 5 1 5 1 ffffft
0101ft	1223344444fffft	0 1 2 1 3 1 4 1 5 1 5 1 ffffft
0101ft	1223433333ffftf	0 1 2 1 3 1 4 1 5 1 5 1 ffffft
0101ft	1232442244fffft	0 1 2 1 3 1 4 1 5 1 5 1 ffffft
0101ft	1232442444fffft	0 1 2 1 3 1 4 1 5 1 5 1 ffffft
