1111tf	01020333ffft	0 1 0 2 0 3 3 3 ffft
1111tf	01021333ffft	0 1 0 2 1 3 3 3 ffft
1111tf	01022333ffft	0 1 0 2 2 3 3 3 ffft
1111tf	01023033ffft	0 1 0 2 3 0 3 3 ffft
1111tf	01023133ffft	0 1 0 2 3 1 3 3 ffft
1111tf	01023233ffft	0 1 0 2 3 2 3 3 ffft
1111tf	01023333ffft	0 1 0 2 3 3 3 3 ffft
1111tf	01120333ffft	0 1 1 2 0 3 3 3 ffft
1111tf	01121333ffft	0 1 1 2 1 3 3 3 ffft
1111tf	01122333ffft	0 1 1 2 2 3 3 3 ffft
1111tf	01123033ffft	0 1 1 2 3 0 3 3 ffft
1111tf	01123133ffft	0 1 1 2 3 1 3 3 ffft
1111tf	01123233ffft	0 1 1 2 3 2 3 3 ffft
1111tf	01123333ffft	0 1 1 2 3 3 3 3 ffft
1111tf	01200333ffft	0 1 2 0 0 3 3 3 ffft
1111tf	01201333ffft	0 1 2 0 1 3 3 3 ffft
1111tf	01202333ffft	0 1 2 0 2 3 3 3 ffft
1111tf	01203033ffft	0 1 2 0 3 0 3 3 ffft
1111tf	01203133ffft	0 1 2 0 3 1 3 3 ffft
1111tf	01203233ffft	0 1 2 0 3 2 3 3 ffft
1111tf	01203333ffft	0 1 2 0 3 3 3 3 ffft
1111tf	01210333ffft	0 1 2 1 0 3 3 3 ffft
1111tf	01211333ffft	0 1 2 1 1 3 3 3 ffft
1111tf	01212333ffft	0 1 2 1 2 3 3 3 ffft
1111tf	01213033ffft	0 1 2 1 3 0 3 3 ffft
1111tf	01213133ffft	0 1 2 1 3 1 3 3 ffft
1111tf	01213233ffft	0 1 2 1 3 2 3 3 ffft
1111tf	01213333ffft	0 1 2 1 3 3 3 3 ffft
1111tf	01220333ffft	0 1 2 2 0 3 3 3 ffft
1111tf	01221333ffft	0 1 2 2 1 3 3 3 ffft
1111tf	01222333ffft	0 1 2 2 2 3 3 3 ffft
1111tf	01223033ffft	0 1 2 2 3 0 3 3 ffft
1111tf	01223133ffft	0 1 2 2 3 1 3 3 ffft
1111tf	01223233ffft	0 1 2 2 3 2 3 3 ffft
1111tf	01223333ffft	0 1 2 2 3 3 3 3 ffft
1111tf	01230033ffft	0 2 0 0 1 3 3 3 ffft
1111tf	01230233ffft	0 2 0 1 1 3 3 3 ffft
1111tf	01230333ffft	0 1 2 3 0 3 3 3 ffft
1111tf	01231033ffft	0 2 2 0 1 3 3 3 ffft
1111tf	01231133ffft	0 2 2 2 1 3 3 3 ffft
1111tf	01231233ffft	0 2 2 1 1 3 3 3 ffft
1111tf	01232033ffft	0 2 1 0 1 3 3 3 ffft
1111tf	01232200fftf	0 2 0 0 3 1 3 3 ffft
1111tf	01232202fftf	0 1 3 2 0 3 3 3 ffft
1111tf	01232203fftf	0 2 0 1 3 1 3 3 ffft
1111tf	01232210fftf	0 2 2 0 3 1 3 3 ffft
1111tf	01232211fftf	0 2 2 2 3 1 3 3 ffft
1111tf	01232212fftf	0 1 3 2 1 3 3 3 ffft
1111tf	01232213fftf	0 2 2 1 3 1 3 3 ffft
1111tf	01232220fftf	0 1 3 2 3 0 3 3 ffft
1111tf	01232222fftf	0 1 3 2 3 3 3 3 ffft
1111tf	01232230fftf	0 2 1 0 3 1 3 3 ffft
1111tf	01232232fftf	0 1 3 2 2 3 3 3 ffft
1111tf	01232233ffft	0 2 1 1 1 3 3 3 ffft
1111tf	01232233fftf	0 2 1 1 3 1 3 3 ffft
1111tf	01233033ffft	0 1 2 3 3 0 3 3 ffft
1111tf	01233133ffft	0 1 2 3 3 1 3 3 ffft
1111tf	01233233ffft	0 1 2 3 3 2 3 3 ffft
1111tf	01233333ffft	0 1 2 3 3 3 3 3 ffft
1111tf	11020333ffft	1 1 0 2 0 3 3 3 ffft
1111tf	11021333ffft	1 1 0 2 1 3 3 3 ffft
1111tf	11022333ffft	1 1 0 2 2 3 3 3 ffft
1111tf	11023033ffft	1 1 0 2 3 0 3 3 ffft
1111tf	11023133ffft	1 1 0 2 3 1 3 3 ffft
1111tf	11023233ffft	1 1 0 2 3 2 3 3 ffft
1111tf	11023333ffft	1 1 0 2 3 3 3 3 ffft
1111tf	11120333ffft	1 1 1 2 0 3 3 3 ffft
1111tf	11121333ffft	1 1 1 2 1 3 3 3 ffft
1111tf	11122333ffft	1 1 1 2 2 3 3 3 ffft
1111tf	11123033ffft	1 1 1 2 3 0 3 3 ffft
1111tf	11123133ffft	1 1 1 2 3 1 3 3 ffft
1111tf	11123233ffft	1 1 1 2 3 2 3 3 ffft
1111tf	11123333ffft	1 1 1 2 3 3 3 3 ffft
1111tf	11220333ffft	1 1 2 2 0 3 3 3 ffft
1111tf	11221333ffft	1 1 2 2 1 3 3 3 ffft
1111tf	11222333ffft	1 1 2 2 2 3 3 3 ffft
1111tf	11223333ffft	1 1 2 2 3 3 3 3 ffft
1111tf	11230033ffft	2 2 0 0 1 3 3 3 ffft
1111tf	11230133ffft	2 2 0 2 1 3 3 3 ffft
1111tf	11230233ffft	2 2 0 1 1 3 3 3 ffft
1111tf	11230333ffft	1 1 2 3 0 3 3 3 ffft
1111tf	11231033ffft	2 2 2 0 1 3 3 3 ffft
1111tf	11231233ffft	2 2 2 1 1 3 3 3 ffft
1111tf	11232033ffft	2 2 1 0 1 3 3 3 ffft
1111tf	11232133ffft	2 2 1 2 1 3 3 3 ffft
1111tf	11232202fftf	1 1 3 2 0 3 3 3 ffft
1111tf	11232212fftf	1 1 3 2 1 3 3 3 ffft
1111tf	11232222fftf	1 1 3 2 3 3 3 3 ffft
1111tf	11232232fftf	1 1 3 2 2 3 3 3 ffft
1111tf	11232233ffft	2 2 1 1 1 3 3 3 ffft
1111tf	12000333ffft	1 2 0 0 0 3 3 3 ffft
1111tf	12001333ffft	1 2 0 0 1 3 3 3 ffft
1111tf	12002333ffft	1 2 0 0 2 3 3 3 ffft
1111tf	12003033ffft	1 2 0 0 3 0 3 3 ffft
1111tf	12003133ffft	1 2 0 0 3 1 3 3 ffft
1111tf	12003233ffft	1 2 0 0 3 2 3 3 ffft
1111tf	12003333ffft	1 2 0 0 3 3 3 3 ffft
1111tf	12010333ffft	1 2 0 1 0 3 3 3 ffft
1111tf	12011333ffft	1 2 0 1 1 3 3 3 ffft
1111tf	12012333ffft	1 2 0 1 2 3 3 3 ffft
1111tf	12013033ffft	1 2 0 1 3 0 3 3 ffft
1111tf	12013133ffft	1 2 0 1 3 1 3 3 ffft
1111tf	12013233ffft	1 2 0 1 3 2 3 3 ffft
1111tf	12013333ffft	1 2 0 1 3 3 3 3 ffft
1111tf	12030133ffft	2 1 0 2 0 3 3 3 ffft
1111tf	12030233ffft	2 1 0 1 0 3 3 3 ffft
1111tf	12031133ffft	2 1 2 2 0 3 3 3 ffft
1111tf	12031333ffft	1 2 0 3 1 3 3 3 ffft
1111tf	12032133ffft	2 1 1 2 0 3 3 3 ffft
1111tf	12032200fftf	1 3 0 2 0 0 3 3 ffft
1111tf	12032202fftf	2 3 0 3 0 1 3 3 ffft
1111tf	12032210fftf	1 3 0 2 1 0 3 3 ffft
1111tf	12032211fftf	1 3 0 2 1 1 3 3 ffft
1111tf	12032213fftf	1 3 0 2 1 2 3 3 ffft
1111tf	12032220fftf	1 3 0 2 3 0 3 3 ffft
1111tf	12032221fftf	1 3 0 2 3 1 3 3 ffft
1111tf	12032222fftf	1 3 0 2 3 3 3 3 ffft
1111tf	12032223fftf	1 3 0 2 3 2 3 3 ffft
1111tf	12032230fftf	1 3 0 2 2 0 3 3 ffft
1111tf	12032231fftf	1 3 0 2 2 1 3 3 ffft
1111tf	12032232fftf	2 3 1 3 0 1 3 3 ffft
1111tf	12032233ffft	2 1 1 1 0 3 3 3 ffft
1111tf	12032233fftf	1 3 0 2 2 2 3 3 ffft
1111tf	12032333ffft	1 2 0 3 2 3 3 3 ffft
1111tf	12033033ffft	1 2 0 3 3 0 3 3 ffft
1111tf	12033133ffft	1 2 0 3 3 1 3 3 ffft
1111tf	12033233ffft	1 2 0 3 3 2 3 3 ffft
1111tf	12033333ffft	1 2 0 3 3 3 3 3 ffft
1111tf	12100333ffft	1 2 1 0 0 3 3 3 ffft
1111tf	12101333ffft	1 2 1 0 1 3 3 3 ffft
1111tf	12102333ffft	1 2 1 0 2 3 3 3 ffft
1111tf	12103133ffft	1 2 1 0 3 1 3 3 ffft
1111tf	12103233ffft	1 2 1 0 3 2 3 3 ffft
1111tf	12103333ffft	1 2 1 0 3 3 3 3 ffft
1111tf	12110300ftff	3 1 0 2 0 0 3 3 ffft
1111tf	12110301ftff	3 1 0 2 0 3 3 3 ffft
1111tf	12110310ftff	3 2 3 0 0 1 3 3 ffft
1111tf	12110311ftff	3 1 0 2 3 3 3 3 ffft
1111tf	12110313ftff	3 2 3 1 0 1 3 3 ffft
1111tf	12110320ftff	3 1 0 2 1 0 3 3 ffft
1111tf	12110321ftff	3 1 0 2 1 3 3 3 ffft
1111tf	12110322ftff	3 1 0 2 1 1 3 3 ffft
1111tf	12110323ftff	3 1 0 2 1 2 3 3 ffft
1111tf	12110330ftff	3 1 0 2 2 0 3 3 ffft
1111tf	12110331ftff	3 1 0 2 2 3 3 3 ffft
1111tf	12110332ftff	3 1 0 2 2 1 3 3 ffft
1111tf	12110333ffft	1 2 1 1 0 3 3 3 ffft
1111tf	12110333ftff	3 1 0 2 2 2 3 3 ffft
1111tf	12111300ftff	3 1 3 2 0 0 3 3 ffft
1111tf	12111301ftff	3 1 3 2 0 3 3 3 ffft
1111tf	12111302ftff	3 1 3 2 0 1 3 3 ffft
1111tf	12111303ftff	3 1 3 2 0 2 3 3 ffft
1111tf	12111311ftff	3 1 3 2 3 3 3 3 ffft
1111tf	12111320ftff	3 1 3 2 1 0 3 3 ffft
1111tf	12111321ftff	3 1 3 2 1 3 3 3 ffft
1111tf	12111322ftff	3 1 3 2 1 1 3 3 ffft
1111tf	12111323ftff	3 1 3 2 1 2 3 3 ffft
1111tf	12111330ftff	3 1 3 2 2 0 3 3 ffft
1111tf	12111331ftff	3 1 3 2 2 3 3 3 ffft
1111tf	12111332ftff	3 1 3 2 2 1 3 3 ffft
1111tf	12111333ffft	1 2 1 1 1 3 3 3 ffft
1111tf	12111333ftff	3 1 3 2 2 2 3 3 ffft
1111tf	12112300ftff	3 1 1 2 0 0 3 3 ffft
1111tf	12112301ftff	3 1 1 2 0 3 3 3 ffft
1111tf	12112302ftff	3 1 1 2 0 1 3 3 ffft
1111tf	12112303ftff	3 1 1 2 0 2 3 3 ffft
1111tf	12112310ftff	3 2 3 0 2 1 3 3 ffft
1111tf	12112311ftff	3 1 1 2 3 3 3 3 ffft
1111tf	12112313ftff	3 2 3 1 2 1 3 3 ffft
1111tf	12112320ftff	3 1 1 2 1 0 3 3 ffft
1111tf	12112321ftff	3 1 1 2 1 3 3 3 ffft
1111tf	12112330ftff	3 1 1 2 2 0 3 3 ffft
1111tf	12112331ftff	3 1 1 2 2 3 3 3 ffft
1111tf	12112333ffft	1 2 1 1 2 3 3 3 ffft
1111tf	12113100ftff	3 1 2 3 0 0 3 3 ffft
1111tf	12113101ftff	3 1 2 3 0 3 3 3 ffft
1111tf	12113102ftff	3 1 2 3 0 1 3 3 ffft
1111tf	12113103ftff	3 1 2 3 0 2 3 3 ffft
1111tf	12113110ftff	3 2 3 0 1 3 3 3 ffft
1111tf	12113111ftff	3 1 2 3 3 3 3 3 ffft
1111tf	12113113ftff	3 2 3 1 1 3 3 3 ffft
1111tf	12113120ftff	3 1 2 3 1 0 3 3 ffft
1111tf	12113122ftff	3 1 2 3 1 1 3 3 ffft
1111tf	12113123ftff	3 1 2 3 1 2 3 3 ffft
1111tf	12113130ftff	3 1 2 3 2 0 3 3 ffft
1111tf	12113132ftff	3 1 2 3 2 1 3 3 ffft
1111tf	12113133ffft	1 2 1 1 3 1 3 3 ffft
1111tf	12113133ftff	3 1 2 3 2 2 3 3 ffft
1111tf	12113200ftff	3 1 2 1 0 0 3 3 ffft
1111tf	12113201ftff	3 1 2 1 0 3 3 3 ffft
1111tf	12113202ftff	3 1 2 1 0 1 3 3 ffft
1111tf	12113203ftff	3 1 2 1 0 2 3 3 ffft
1111tf	12113210ftff	3 2 3 0 1 2 3 3 ffft
1111tf	12113211ftff	3 1 2 1 3 3 3 3 ffft
1111tf	12113213ftff	3 2 3 1 1 2 3 3 ffft
1111tf	12113220ftff	3 1 2 1 1 0 3 3 ffft
1111tf	12113221ftff	3 1 2 1 1 3 3 3 ffft
1111tf	12113230ftff	3 1 2 1 2 0 3 3 ffft
1111tf	12113231ftff	3 1 2 1 2 3 3 3 ffft
1111tf	12113233ffft	1 2 1 1 3 2 3 3 ffft
1111tf	12113300ftff	3 1 2 2 0 0 3 3 ffft
1111tf	12113301ftff	3 1 2 2 0 3 3 3 ffft
1111tf	12113302ftff	3 1 2 2 0 1 3 3 ffft
1111tf	12113303ftff	3 1 2 2 0 2 3 3 ffft
1111tf	12113310ftff	3 2 3 0 1 1 3 3 ffft
1111tf	12113311ftff	3 1 2 2 3 3 3 3 ffft
1111tf	12113313ftff	3 2 3 1 1 1 3 3 ffft
1111tf	12113320ftff	3 1 2 2 1 0 3 3 ffft
1111tf	12113321ftff	3 1 2 2 1 3 3 3 ffft
1111tf	12113330ftff	3 1 2 2 2 0 3 3 ffft
1111tf	12113331ftff	3 1 2 2 2 3 3 3 ffft
1111tf	12113333ffft	1 2 1 1 3 3 3 3 ffft
1111tf	12130133ffft	2 1 0 2 2 3 3 3 ffft
1111tf	12130333ffft	1 2 1 3 0 3 3 3 ffft
1111tf	12131133ffft	2 1 2 2 2 3 3 3 ffft
1111tf	12132133ffft	2 1 1 2 2 3 3 3 ffft
1111tf	12133133ffft	1 2 1 3 3 1 3 3 ffft
1111tf	12133233ffft	1 2 1 3 3 2 3 3 ffft
1111tf	12133333ffft	1 2 1 3 3 3 3 3 ffft
1111tf	12200333ffft	1 2 2 0 0 3 3 3 ffft
1111tf	12201333ffft	1 2 2 0 1 3 3 3 ffft
1111tf	12202333ffft	1 2 2 0 2 3 3 3 ffft
1111tf	12203133ffft	1 2 2 0 3 1 3 3 ffft
1111tf	12203333ffft	1 2 2 0 3 3 3 3 ffft
1111tf	12210333ffft	1 2 2 1 0 3 3 3 ffft
1111tf	12211333ffft	1 2 2 1 1 3 3 3 ffft
1111tf	12212333ffft	1 2 2 1 2 3 3 3 ffft
1111tf	12213133ffft	1 2 2 1 3 1 3 3 ffft
1111tf	12213333ffft	1 2 2 1 3 3 3 3 ffft
1111tf	12220333ffft	1 2 2 2 0 3 3 3 ffft
1111tf	12221333ffft	1 2 2 2 1 3 3 3 ffft
1111tf	12222333ffft	1 2 2 2 2 3 3 3 ffft
1111tf	12223133ffft	1 2 2 2 3 1 3 3 ffft
1111tf	12223333ffft	1 2 2 2 3 3 3 3 ffft
1111tf	12230333ffft	1 2 2 3 0 3 3 3 ffft
1111tf	12233133ffft	1 2 2 3 3 1 3 3 ffft
1111tf	12233333ffft	1 2 2 3 3 3 3 3 ffft
1111tf	12300333ffft	1 2 3 0 0 3 3 3 ffft
1111tf	12301333ffft	1 2 3 0 1 3 3 3 ffft
1111tf	12302333ffft	1 2 3 0 2 3 3 3 ffft
1111tf	12303333ffft	1 2 3 0 3 3 3 3 ffft
1111tf	12311333ffft	1 2 3 1 1 3 3 3 ffft
1111tf	12312333ffft	1 2 3 1 2 3 3 3 ffft
1111tf	12313333ffft	1 2 3 1 3 3 3 3 ffft
1111tf	12321333ffft	1 2 3 2 1 3 3 3 ffft
1111tf	12323333ffft	1 2 3 2 3 3 3 3 ffft
