121121fft	11020333ffft	1 3 1 1 4 4 3 4 2 5 2 6 6 6 fffffft
121121fft	11021333ffft	1 3 1 1 4 4 3 4 2 5 4 6 6 6 fffffft
121121fft	11022333ffft	1 3 1 1 4 4 3 4 2 5 5 6 6 6 fffffft
121121fft	11023033ffft	1 3 1 1 4 4 3 4 2 5 6 2 6 6 fffffft
121121fft	11023133ffft	1 3 1 1 4 4 3 4 2 5 6 4 6 6 fffffft
121121fft	11023233ffft	1 3 1 1 4 4 3 4 2 5 6 5 6 6 fffffft
121121fft	11023333ffft	1 3 1 1 4 4 3 4 2 5 6 6 6 6 fffffft
121121fft	11120333ffft	1 3 1 1 4 4 3 4 4 5 2 6 6 6 fffffft
121121fft	11123033ffft	1 3 1 1 4 4 3 4 4 5 6 2 6 6 fffffft
121121fft	11220333ffft	1 3 1 1 4 4 3 4 5 5 2 6 6 6 fffffft
121121fft	11230033ffft	1 4 1 1 3 3 5 5 4 5 2 6 6 6 fffffft
121121fft	11230133ffft	1 3 1 1 5 5 3 5 2 5 4 6 6 6 fffffft
121121fft	11230233ffft	1 4 1 1 3 2 5 5 4 5 2 6 6 6 fffffft
121121fft	11230333ffft	1 3 1 1 4 4 3 4 5 6 2 6 6 6 fffffft
121121fft	11231033ffft	1 3 1 1 5 5 3 5 5 2 4 6 6 6 fffffft
121121fft	11232033ffft	1 4 1 1 2 3 5 5 4 5 2 6 6 6 fffffft
121121fft	11232202fftf	1 3 1 1 4 4 3 4 6 5 2 6 6 6 fffffft
121121fft	12000333ffft	1 4 1 1 3 3 2 5 4 5 3 6 6 6 fffffft
121121fft	12001333ffft	1 4 1 1 3 3 2 5 4 5 2 6 6 6 fffffft
121121fft	12003033ffft	1 4 1 1 3 3 2 5 4 5 6 3 6 6 fffffft
121121fft	12003133ffft	1 4 1 1 3 3 2 5 4 5 6 2 6 6 fffffft
121121fft	12010333ffft	1 4 1 1 3 2 2 5 4 5 3 6 6 6 fffffft
121121fft	12011333ffft	1 4 1 1 3 2 2 5 4 5 2 6 6 6 fffffft
121121fft	12013033ffft	1 4 1 1 3 2 2 5 4 5 6 3 6 6 fffffft
121121fft	12013133ffft	1 4 1 1 3 2 2 5 4 5 6 2 6 6 fffffft
121121fft	12030133ffft	1 2 1 1 2 4 5 4 3 5 3 6 6 6 fffffft
121121fft	12030233ffft	1 2 1 1 2 3 4 3 5 3 4 6 6 6 fffffft
121121fft	12031133ffft	1 2 1 1 2 4 5 4 5 5 3 6 6 6 fffffft
121121fft	12031333ffft	1 3 1 1 4 5 3 5 2 6 4 6 6 6 fffffft
121121fft	12032133ffft	1 2 1 1 2 4 5 4 4 5 3 6 6 6 fffffft
121121fft	12033033ffft	1 3 1 1 4 5 3 5 2 6 6 2 6 6 fffffft
121121fft	12033133ffft	1 3 1 1 4 5 3 5 2 6 6 4 6 6 fffffft
121121fft	12100333ffft	2 4 1 3 2 2 1 5 4 5 3 6 6 6 fffffft
121121fft	12101333ffft	2 4 1 3 2 2 1 5 4 5 1 6 6 6 fffffft
121121fft	12103133ffft	2 4 1 3 2 2 1 5 4 5 6 1 6 6 fffffft
121121fft	12110300ftff	1 2 1 1 2 3 5 4 5 5 6 3 6 6 fffffft
121121fft	12110301ftff	1 2 1 1 2 3 4 5 6 3 4 6 6 6 fffffft
121121fft	12110310ftff	1 2 1 1 2 3 4 5 6 3 6 4 6 6 fffffft
121121fft	12110311ftff	1 2 1 1 2 3 4 5 6 3 6 6 6 6 fffffft
121121fft	12110313ftff	1 2 1 1 2 3 4 5 6 3 6 5 6 6 fffffft
121121fft	12110320ftff	1 2 1 1 2 3 5 4 3 5 6 3 6 6 fffffft
121121fft	12110321ftff	1 2 1 1 2 3 4 5 6 3 3 6 6 6 fffffft
121121fft	12110322ftff	1 2 1 1 2 4 4 4 5 3 6 4 6 6 fffffft
121121fft	12110323ftff	1 2 1 1 2 4 4 3 5 3 6 4 6 6 fffffft
121121fft	12110330ftff	1 2 1 1 2 3 5 4 4 5 6 3 6 6 fffffft
121121fft	12110331ftff	1 2 1 1 2 3 4 5 6 3 5 6 6 6 fffffft
121121fft	12111300ftff	1 2 1 1 2 5 4 4 6 5 6 3 6 6 fffffft
121121fft	12111301ftff	1 2 1 1 2 4 6 4 6 5 3 6 6 6 fffffft
121121fft	12111302ftff	1 2 1 1 2 5 4 5 6 5 6 3 6 6 fffffft
121121fft	12111303ftff	1 2 1 1 2 5 4 3 6 5 6 3 6 6 fffffft
121121fft	12111320ftff	1 2 1 1 2 5 5 4 6 5 6 3 6 6 fffffft
121121fft	12111330ftff	1 2 1 1 2 5 3 4 6 5 6 3 6 6 fffffft
121121fft	12112300ftff	1 2 1 1 2 3 3 4 5 5 6 3 6 6 fffffft
121121fft	12112301ftff	1 2 1 1 2 3 3 5 6 3 4 6 6 6 fffffft
121121fft	12112302ftff	1 2 1 1 2 3 3 4 5 3 6 3 6 6 fffffft
121121fft	12112303ftff	1 2 1 1 2 3 3 4 5 4 6 3 6 6 fffffft
121121fft	12112310ftff	1 2 1 1 2 3 3 5 6 3 6 4 6 6 fffffft
121121fft	12112320ftff	1 2 1 1 2 3 3 4 3 5 6 3 6 6 fffffft
121121fft	12112330ftff	1 2 1 1 2 3 3 4 4 5 6 3 6 6 fffffft
121121fft	12113100ftff	1 2 1 1 2 5 4 4 6 5 3 6 6 6 fffffft
121121fft	12113101ftff	1 2 1 1 2 4 6 4 5 6 3 6 6 6 fffffft
121121fft	12113102ftff	1 2 1 1 2 5 4 5 6 5 3 6 6 6 fffffft
121121fft	12113103ftff	1 2 1 1 2 5 4 3 6 5 3 6 6 6 fffffft
121121fft	12113110ftff	1 2 1 1 2 5 6 5 6 3 4 6 6 6 fffffft
121121fft	12113120ftff	1 2 1 1 2 5 5 4 6 5 3 6 6 6 fffffft
121121fft	12113130ftff	1 2 1 1 2 5 3 4 6 5 3 6 6 6 fffffft
121121fft	12113200ftff	1 2 1 1 2 3 4 3 5 5 6 3 6 6 fffffft
121121fft	12113201ftff	1 2 1 1 2 3 5 3 6 3 4 6 6 6 fffffft
121121fft	12113202ftff	1 2 1 1 2 3 4 3 5 3 6 3 6 6 fffffft
121121fft	12113203ftff	1 2 1 1 2 3 4 3 5 4 6 3 6 6 fffffft
121121fft	12113210ftff	1 2 1 1 2 3 5 3 6 3 6 4 6 6 fffffft
121121fft	12113220ftff	1 2 1 1 2 3 4 3 3 5 6 3 6 6 fffffft
121121fft	12113230ftff	1 2 1 1 2 3 4 3 4 5 6 3 6 6 fffffft
121121fft	12113300ftff	1 2 1 1 2 3 4 4 5 5 6 3 6 6 fffffft
121121fft	12113301ftff	1 2 1 1 2 3 5 5 6 3 4 6 6 6 fffffft
121121fft	12113302ftff	1 2 1 1 2 3 4 4 5 3 6 3 6 6 fffffft
121121fft	12113303ftff	1 2 1 1 2 3 4 4 5 4 6 3 6 6 fffffft
121121fft	12113310ftff	1 2 1 1 2 3 5 5 6 3 6 4 6 6 fffffft
121121fft	12113320ftff	1 2 1 1 2 3 4 4 3 5 6 3 6 6 fffffft
121121fft	12113330ftff	1 2 1 1 2 3 4 4 4 5 6 3 6 6 fffffft
121121fft	12130133ffft	1 2 1 1 2 4 5 4 3 5 5 6 6 6 fffffft
121121fft	12130333ffft	1 3 1 1 4 5 3 5 4 6 2 6 6 6 fffffft
121121fft	12200333ffft	1 3 1 1 4 5 3 5 5 2 2 6 6 6 fffffft
121121fft	12201333ffft	1 3 1 1 4 5 3 5 5 2 4 6 6 6 fffffft
121121fft	12203133ffft	1 3 1 1 4 5 3 5 5 2 6 4 6 6 fffffft
121121fft	12210333ffft	1 3 1 1 4 5 3 5 5 4 2 6 6 6 fffffft
121121fft	12220333ffft	1 3 1 1 4 5 3 5 5 5 2 6 6 6 fffffft
121121fft	12230333ffft	1 3 1 1 4 5 3 5 5 6 2 6 6 6 fffffft
121121fft	12300333ffft	1 3 1 1 4 5 3 5 6 2 2 6 6 6 fffffft
121121fft	12301333ffft	1 3 1 1 4 5 3 5 6 2 4 6 6 6 fffffft
