12113123fftf	0102030444fffft	1 3 1 1 2 5 4 5 3 6 2 7 3 8 2 9 3 10 2 11 3 12 11 11 3 12 ffffffffffftt
12113123fftf	0102031444fffft	1 3 1 1 2 5 4 5 3 6 2 7 3 8 2 9 3 10 5 11 3 12 11 11 3 12 ffffffffffftt
12113123fftf	0102032444fffft	1 3 1 1 2 5 4 5 3 6 2 7 3 8 2 9 3 10 7 11 3 12 11 11 3 12 ffffffffffftt
12113123fftf	0102033444fffft	1 3 1 1 2 5 4 5 3 6 2 7 3 8 2 9 3 10 9 11 3 12 11 11 3 12 ffffffffffftt
12113123fftf	0102034444fffft	1 3 1 1 2 5 4 5 3 6 2 7 3 8 2 9 3 10 11 11 3 12 11 11 3 12 ffffffffffftt
12113123fftf	0102130444fffft	1 3 1 1 2 5 4 5 3 6 2 7 3 8 5 9 3 10 2 11 3 12 11 11 3 12 ffffffffffftt
12113123fftf	0102131444fffft	1 3 1 1 2 5 4 5 3 6 2 7 3 8 5 9 3 10 5 11 3 12 11 11 3 12 ffffffffffftt
12113123fftf	0102132444fffft	1 3 1 1 2 5 4 5 3 6 2 7 3 8 5 9 3 10 7 11 3 12 11 11 3 12 ffffffffffftt
12113123fftf	0102133444fffft	1 3 1 1 2 5 4 5 3 6 2 7 3 8 5 9 3 10 9 11 3 12 11 11 3 12 ffffffffffftt
12113123fftf	0102134444fffft	1 3 1 1 2 5 4 5 3 6 2 7 3 8 5 9 3 10 11 11 3 12 11 11 3 12 ffffffffffftt
12113123fftf	0102230444fffft	1 3 1 1 2 5 4 5 3 6 2 7 3 8 7 9 3 10 2 11 3 12 11 11 3 12 ffffffffffftt
12113123fftf	0102231444fffft	1 3 1 1 2 5 4 5 3 6 2 7 3 8 7 9 3 10 5 11 3 12 11 11 3 12 ffffffffffftt
12113123fftf	0102232444fffft	1 3 1 1 2 5 4 5 3 6 2 7 3 8 7 9 3 10 7 11 3 12 11 11 3 12 ffffffffffftt
12113123fftf	0102233444fffft	1 3 1 1 2 5 4 5 3 6 2 7 3 8 7 9 3 10 9 11 3 12 11 11 3 12 ffffffffffftt
12113123fftf	0102234444fffft	1 3 1 1 2 5 4 5 3 6 2 7 3 8 7 9 3 10 11 11 3 12 11 11 3 12 ffffffffffftt
12113123fftf	0102330444fffft	1 3 1 1 2 5 4 5 3 6 2 7 3 8 9 9 3 10 2 11 3 12 11 11 3 12 ffffffffffftt
12113123fftf	0102331444fffft	1 3 1 1 2 5 4 5 3 6 2 7 3 8 9 9 3 10 5 11 3 12 11 11 3 12 ffffffffffftt
12113123fftf	0102332444fffft	1 3 1 1 2 5 4 5 3 6 2 7 3 8 9 9 3 10 7 11 3 12 11 11 3 12 ffffffffffftt
12113123fftf	0102333444fffft	1 3 1 1 2 5 4 5 3 6 2 7 3 8 9 9 3 10 9 11 3 12 11 11 3 12 ffffffffffftt
12113123fftf	0102334444fffft	1 3 1 1 2 5 4 5 3 6 2 7 3 8 9 9 3 10 11 11 3 12 11 11 3 12 ffffffffffftt
12113123fftf	0102343303ffftf	1 4 1 1 4 5 3 6 2 6 4 7 3 8 4 10 11 9 3 11 4 12 11 11 4 12 ffffffffffftt
12113123fftf	0102343313ffftf	1 4 1 1 4 5 3 6 2 6 4 7 3 8 4 10 11 9 6 11 4 12 11 11 4 12 ffffffffffftt
12113123fftf	0102343323ffftf	1 4 1 1 4 5 3 6 2 6 4 7 3 8 4 10 11 9 8 11 4 12 11 11 4 12 ffffffffffftt
12113123fftf	0102343333ffftf	1 4 1 1 4 5 3 6 2 6 4 7 3 8 4 10 11 9 11 11 4 12 11 11 4 12 ffffffffffftt
12113123fftf	0102343343ffftf	1 4 1 1 4 5 3 6 2 6 4 7 3 8 4 10 11 9 9 11 4 12 11 11 4 12 ffffffffffftt
12113123fftf	0112030444fffft	1 3 1 1 2 5 4 5 3 6 5 7 3 8 2 9 3 10 2 11 3 12 11 11 3 12 ffffffffffftt
12113123fftf	0112031444fffft	1 3 1 1 2 5 4 5 3 6 5 7 3 8 2 9 3 10 5 11 3 12 11 11 3 12 ffffffffffftt
12113123fftf	0112032444fffft	1 3 1 1 2 5 4 5 3 6 5 7 3 8 2 9 3 10 7 11 3 12 11 11 3 12 ffffffffffftt
12113123fftf	0112033444fffft	1 3 1 1 2 5 4 5 3 6 5 7 3 8 2 9 3 10 9 11 3 12 11 11 3 12 ffffffffffftt
12113123fftf	0112034444fffft	1 3 1 1 2 5 4 5 3 6 5 7 3 8 2 9 3 10 11 11 3 12 11 11 3 12 ffffffffffftt
12113123fftf	0112130444fffft	1 3 1 1 2 5 4 5 3 6 5 7 3 8 5 9 3 10 2 11 3 12 11 11 3 12 ffffffffffftt
12113123fftf	0112230444fffft	1 3 1 1 2 5 4 5 3 6 5 7 3 8 7 9 3 10 2 11 3 12 11 11 3 12 ffffffffffftt
12113123fftf	0112330444fffft	1 3 1 1 2 5 4 5 3 6 5 7 3 8 9 9 3 10 2 11 3 12 11 11 3 12 ffffffffffftt
12113123fftf	0112343303ffftf	1 4 1 1 4 5 3 6 2 6 4 7 6 8 4 10 11 9 3 11 4 12 11 11 4 12 ffffffffffftt
12113123fftf	0122030444fffft	1 3 1 1 2 5 4 5 3 6 7 7 3 8 2 9 3 10 2 11 3 12 11 11 3 12 ffffffffffftt
12113123fftf	0122031444fffft	1 3 1 1 2 5 4 5 3 6 7 7 3 8 2 9 3 10 5 11 3 12 11 11 3 12 ffffffffffftt
12113123fftf	0122032444fffft	1 3 1 1 2 5 4 5 3 6 7 7 3 8 2 9 3 10 7 11 3 12 11 11 3 12 ffffffffffftt
12113123fftf	0122033444fffft	1 3 1 1 2 5 4 5 3 6 7 7 3 8 2 9 3 10 9 11 3 12 11 11 3 12 ffffffffffftt
12113123fftf	0122034444fffft	1 3 1 1 2 5 4 5 3 6 7 7 3 8 2 9 3 10 11 11 3 12 11 11 3 12 ffffffffffftt
12113123fftf	0122130444fffft	1 3 1 1 2 5 4 5 3 6 7 7 3 8 5 9 3 10 2 11 3 12 11 11 3 12 ffffffffffftt
12113123fftf	0122230444fffft	1 3 1 1 2 5 4 5 3 6 7 7 3 8 7 9 3 10 2 11 3 12 11 11 3 12 ffffffffffftt
12113123fftf	0122330444fffft	1 3 1 1 2 5 4 5 3 6 7 7 3 8 9 9 3 10 2 11 3 12 11 11 3 12 ffffffffffftt
12113123fftf	0122343303ffftf	1 4 1 1 4 5 3 6 2 6 4 7 8 8 4 10 11 9 3 11 4 12 11 11 4 12 ffffffffffftt
12113123fftf	0123040244fffft	1 4 1 1 4 5 3 6 2 6 4 8 9 7 3 9 4 10 3 11 4 12 11 11 4 12 ffffffffffftt
12113123fftf	0123041244fffft	1 4 1 1 4 5 3 6 2 6 4 8 9 7 6 9 4 10 3 11 4 12 11 11 4 12 ffffffffffftt
12113123fftf	0123042244fffft	1 4 1 1 4 5 3 6 2 6 4 8 9 7 9 9 4 10 3 11 4 12 11 11 4 12 ffffffffffftt
12113123fftf	0123043244fffft	1 4 1 1 4 5 3 6 2 6 4 8 9 7 7 9 4 10 3 11 4 12 11 11 4 12 ffffffffffftt
12113123fftf	0123044244fffft	1 4 1 1 4 5 3 6 2 6 4 7 8 10 4 9 3 11 4 12 11 8 11 11 4 12 ffffffffffftt
12113123fftf	0123140244fffft	1 4 1 1 4 5 3 6 2 6 4 8 9 7 3 9 4 10 6 11 4 12 11 11 4 12 ffffffffffftt
12113123fftf	0123220402fftff	1 5 1 1 5 3 5 7 4 8 2 8 4 9 5 10 11 6 4 11 5 12 11 11 5 12 ffffffffffftt
12113123fftf	0123220412fftff	1 5 1 1 5 3 5 7 4 8 2 8 4 9 5 10 11 6 8 11 5 12 11 11 5 12 ffffffffffftt
12113123fftf	0123220422fftff	1 5 1 1 5 3 5 7 4 8 2 8 4 9 5 10 11 6 11 11 5 12 11 11 5 12 ffffffffffftt
12113123fftf	0123220432fftff	1 5 1 1 5 3 5 7 4 8 2 8 4 9 5 10 11 6 6 11 5 12 11 11 5 12 ffffffffffftt
12113123fftf	0123220442fftff	1 5 1 1 5 3 5 7 4 8 2 8 4 9 5 10 11 6 9 11 5 12 11 11 5 12 ffffffffffftt
12113123fftf	0123221402fftff	1 5 1 1 5 3 5 7 4 8 2 8 8 9 5 10 11 6 4 11 5 12 11 11 5 12 ffffffffffftt
12113123fftf	0123222402fftff	1 5 1 1 5 3 5 6 4 7 2 7 5 10 11 8 11 9 4 11 5 12 11 11 5 12 ffffffffffftt
12113123fftf	0123223402fftff	1 5 1 1 5 3 5 7 4 8 2 8 6 9 5 10 11 6 4 11 5 12 11 11 5 12 ffffffffffftt
12113123fftf	0123224402fftff	1 5 1 1 5 3 5 7 4 8 2 8 9 9 5 10 11 6 4 11 5 12 11 11 5 12 ffffffffffftt
12113123fftf	0123240244fffft	1 4 1 1 4 5 3 6 2 6 4 8 9 7 3 9 4 10 9 11 4 12 11 11 4 12 ffffffffffftt
12113123fftf	0123340244fffft	1 4 1 1 4 5 3 6 2 6 4 8 9 7 3 9 4 10 7 11 4 12 11 11 4 12 ffffffffffftt
12113123fftf	0123440244fffft	1 4 1 1 4 5 3 6 2 6 4 8 9 7 3 9 4 10 11 11 4 12 11 11 4 12 ffffffffffftt
12113123fftf	1200030444fffft	1 5 1 1 4 4 5 6 2 7 3 7 5 8 4 9 5 10 4 11 5 12 11 11 5 12 ffffffffffftt
12113123fftf	1200031444fffft	1 5 1 1 4 4 5 6 2 7 3 7 5 8 4 9 5 10 2 11 5 12 11 11 5 12 ffffffffffftt
12113123fftf	1200032444fffft	1 5 1 1 4 4 5 6 2 7 3 7 5 8 4 9 5 10 7 11 5 12 11 11 5 12 ffffffffffftt
12113123fftf	1200033444fffft	1 5 1 1 4 4 5 6 2 7 3 7 5 8 4 9 5 10 9 11 5 12 11 11 5 12 ffffffffffftt
12113123fftf	1200034444fffft	1 5 1 1 4 4 5 6 2 7 3 7 5 8 4 9 5 10 11 11 5 12 11 11 5 12 ffffffffffftt
12113123fftf	1200130444fffft	1 5 1 1 4 4 5 6 2 7 3 7 5 8 2 9 5 10 4 11 5 12 11 11 5 12 ffffffffffftt
12113123fftf	1200131444fffft	1 5 1 1 4 4 5 6 2 7 3 7 5 8 2 9 5 10 2 11 5 12 11 11 5 12 ffffffffffftt
12113123fftf	1200132444fffft	1 5 1 1 4 4 5 6 2 7 3 7 5 8 2 9 5 10 7 11 5 12 11 11 5 12 ffffffffffftt
12113123fftf	1200133444fffft	1 5 1 1 4 4 5 6 2 7 3 7 5 8 2 9 5 10 9 11 5 12 11 11 5 12 ffffffffffftt
12113123fftf	1200134444fffft	1 5 1 1 4 4 5 6 2 7 3 7 5 8 2 9 5 10 11 11 5 12 11 11 5 12 ffffffffffftt
12113123fftf	1200230444fffft	1 5 1 1 4 4 5 6 2 7 3 7 5 8 7 9 5 10 4 11 5 12 11 11 5 12 ffffffffffftt
12113123fftf	1200231444fffft	1 5 1 1 4 4 5 6 2 7 3 7 5 8 7 9 5 10 2 11 5 12 11 11 5 12 ffffffffffftt
12113123fftf	1200330444fffft	1 5 1 1 4 4 5 6 2 7 3 7 5 8 9 9 5 10 4 11 5 12 11 11 5 12 ffffffffffftt
12113123fftf	1200331444fffft	1 5 1 1 4 4 5 6 2 7 3 7 5 8 9 9 5 10 2 11 5 12 11 11 5 12 ffffffffffftt
12113123fftf	1200343303ffftf	1 6 1 1 6 7 5 5 6 2 3 8 4 8 6 10 11 9 5 11 6 12 11 11 6 12 ffffffffffftt
12113123fftf	1200343313ffftf	1 6 1 1 6 7 5 5 6 2 3 8 4 8 6 10 11 9 3 11 6 12 11 11 6 12 ffffffffffftt
12113123fftf	1203040044fffft	1 7 1 1 6 4 7 5 6 6 7 8 2 9 3 9 7 10 6 11 7 12 11 11 7 12 ffffffffffftt
12113123fftf	1203041044fffft	2 7 3 6 2 2 6 1 7 5 7 8 3 9 4 9 7 10 6 11 7 12 11 11 7 12 ffffffffffftt
12113123fftf	1203042044fffft	1 6 1 1 5 8 6 4 6 7 2 9 3 9 6 10 9 5 5 11 6 12 11 11 6 12 ffffffffffftt
12113123fftf	1203043044fffft	2 7 1 6 2 2 6 1 7 5 7 8 3 9 4 9 7 10 6 11 7 12 11 11 7 12 ffffffffffftt
12113123fftf	1203044044fffft	1 5 1 1 5 3 5 6 7 8 2 8 5 9 4 10 4 11 5 12 11 4 11 11 5 12 ffffffffffftt
12113123fftf	1203140044fffft	1 7 1 1 6 4 7 5 6 6 7 8 2 9 3 9 7 10 2 11 7 12 11 11 7 12 ffffffffffftt
12113123fftf	1203141044fffft	2 7 3 6 2 2 6 1 7 5 7 8 3 9 4 9 7 10 3 11 7 12 11 11 7 12 ffffffffffftt
12113123fftf	1203142044fffft	1 6 1 1 5 8 6 4 6 7 2 9 3 9 6 10 9 5 2 11 6 12 11 11 6 12 ffffffffffftt
12113123fftf	1203143044fffft	2 7 1 6 2 2 6 1 7 5 7 8 3 9 4 9 7 10 3 11 7 12 11 11 7 12 ffffffffffftt
12113123fftf	1203144044fffft	1 5 1 1 5 3 5 6 7 8 2 8 5 9 4 10 7 11 5 12 11 4 11 11 5 12 ffffffffffftt
12113123fftf	1203340044fffft	1 7 1 1 6 4 7 5 6 6 7 8 2 9 3 9 7 10 4 11 7 12 11 11 7 12 ffffffffffftt
12113123fftf	1203341044fffft	2 7 3 6 2 2 6 1 7 5 7 8 3 9 4 9 7 10 1 11 7 12 11 11 7 12 ffffffffffftt
12113123fftf	1203342044fffft	1 6 1 1 5 8 6 4 6 7 2 9 3 9 6 10 9 5 8 11 6 12 11 11 6 12 ffffffffffftt
12113123fftf	1203343044fffft	2 7 1 6 2 2 6 1 7 5 7 8 3 9 4 9 7 10 1 11 7 12 11 11 7 12 ffffffffffftt
12113123fftf	1203344044fffft	1 5 1 1 5 3 5 6 7 8 2 8 5 9 4 10 10 11 5 12 11 4 11 11 5 12 ffffffffffftt
12113123fftf	1210030444fffft	2 5 1 4 2 2 5 6 1 7 3 7 5 8 4 9 5 10 4 11 5 12 11 11 5 12 ffffffffffftt
12113123fftf	1210031444fffft	2 5 1 4 2 2 5 6 1 7 3 7 5 8 4 9 5 10 1 11 5 12 11 11 5 12 ffffffffffftt
12113123fftf	1210032444fffft	2 5 1 4 2 2 5 6 1 7 3 7 5 8 4 9 5 10 7 11 5 12 11 11 5 12 ffffffffffftt
12113123fftf	1210033444fffft	2 5 1 4 2 2 5 6 1 7 3 7 5 8 4 9 5 10 9 11 5 12 11 11 5 12 ffffffffffftt
12113123fftf	1210034444fffft	2 5 1 4 2 2 5 6 1 7 3 7 5 8 4 9 5 10 11 11 5 12 11 11 5 12 ffffffffffftt
12113123fftf	1210130444fffft	2 5 1 4 2 2 5 6 1 7 3 7 5 8 1 9 5 10 4 11 5 12 11 11 5 12 ffffffffffftt
12113123fftf	1210131444fffft	2 5 1 4 2 2 5 6 1 7 3 7 5 8 1 9 5 10 1 11 5 12 11 11 5 12 ffffffffffftt
12113123fftf	1210132444fffft	2 5 1 4 2 2 5 6 1 7 3 7 5 8 1 9 5 10 7 11 5 12 11 11 5 12 ffffffffffftt
12113123fftf	1210133444fffft	2 5 1 4 2 2 5 6 1 7 3 7 5 8 1 9 5 10 9 11 5 12 11 11 5 12 ffffffffffftt
12113123fftf	1210134444fffft	2 5 1 4 2 2 5 6 1 7 3 7 5 8 1 9 5 10 11 11 5 12 11 11 5 12 ffffffffffftt
12113123fftf	1210230444fffft	2 5 1 4 2 2 5 6 1 7 3 7 5 8 7 9 5 10 4 11 5 12 11 11 5 12 ffffffffffftt
12113123fftf	1210231444fffft	2 5 1 4 2 2 5 6 1 7 3 7 5 8 7 9 5 10 1 11 5 12 11 11 5 12 ffffffffffftt
12113123fftf	1210330444fffft	2 5 1 4 2 2 5 6 1 7 3 7 5 8 9 9 5 10 4 11 5 12 11 11 5 12 ffffffffffftt
12113123fftf	1210331444fffft	2 5 1 4 2 2 5 6 1 7 3 7 5 8 9 9 5 10 1 11 5 12 11 11 5 12 ffffffffffftt
12113123fftf	1210343303ffftf	2 6 1 5 2 2 6 7 6 3 1 8 4 8 6 10 11 9 5 11 6 12 11 11 6 12 ffffffffffftt
12113123fftf	1210343313ffftf	2 6 1 5 2 2 6 7 6 3 1 8 4 8 6 10 11 9 1 11 6 12 11 11 6 12 ffffffffffftt
12113123fftf	1213040044fffft	1 7 1 1 2 4 7 5 6 6 7 8 2 9 3 9 7 10 6 11 7 12 11 11 7 12 ffffffffffftt
12113123fftf	1213041044fffft	2 7 3 6 2 2 3 1 7 5 7 8 3 9 4 9 7 10 6 11 7 12 11 11 7 12 ffffffffffftt
12113123fftf	1213042044fffft	1 6 1 1 2 8 6 4 6 7 2 9 3 9 6 10 9 5 5 11 6 12 11 11 6 12 ffffffffffftt
12113123fftf	1213043044fffft	2 7 1 6 2 2 3 1 7 5 7 8 3 9 4 9 7 10 6 11 7 12 11 11 7 12 ffffffffffftt
12113123fftf	1213044044fffft	1 5 1 1 5 3 5 6 7 8 2 8 5 9 7 10 4 11 5 12 11 4 11 11 5 12 ffffffffffftt
12113123fftf	1213140044fffft	1 7 1 1 2 4 7 5 6 6 7 8 2 9 3 9 7 10 2 11 7 12 11 11 7 12 ffffffffffftt
12113123fftf	1213141044fffft	2 7 3 6 2 2 3 1 7 5 7 8 3 9 4 9 7 10 3 11 7 12 11 11 7 12 ffffffffffftt
12113123fftf	1213142044fffft	1 6 1 1 2 8 6 4 6 7 2 9 3 9 6 10 9 5 2 11 6 12 11 11 6 12 ffffffffffftt
12113123fftf	1213143044fffft	2 7 1 6 2 2 3 1 7 5 7 8 3 9 4 9 7 10 3 11 7 12 11 11 7 12 ffffffffffftt
12113123fftf	1213144044fffft	1 5 1 1 5 3 5 6 7 8 2 8 5 9 7 10 7 11 5 12 11 4 11 11 5 12 ffffffffffftt
12113123fftf	1213340044fffft	1 7 1 1 2 4 7 5 6 6 7 8 2 9 3 9 7 10 4 11 7 12 11 11 7 12 ffffffffffftt
12113123fftf	1213341044fffft	2 7 3 6 2 2 3 1 7 5 7 8 3 9 4 9 7 10 1 11 7 12 11 11 7 12 ffffffffffftt
12113123fftf	1213342044fffft	1 6 1 1 2 8 6 4 6 7 2 9 3 9 6 10 9 5 8 11 6 12 11 11 6 12 ffffffffffftt
12113123fftf	1213343044fffft	2 7 1 6 2 2 3 1 7 5 7 8 3 9 4 9 7 10 1 11 7 12 11 11 7 12 ffffffffffftt
12113123fftf	1213344044fffft	1 5 1 1 5 3 5 6 7 8 2 8 5 9 7 10 10 11 5 12 11 4 11 11 5 12 ffffffffffftt
12113123fftf	1220030444fffft	1 4 1 1 4 5 6 7 2 7 4 8 7 3 3 9 4 10 3 11 4 12 11 11 4 12 ffffffffffftt
12113123fftf	1220031444fffft	1 4 1 1 4 5 6 7 2 7 4 8 7 3 3 9 4 10 6 11 4 12 11 11 4 12 ffffffffffftt
12113123fftf	1220032444fffft	1 4 1 1 4 5 6 7 2 7 4 8 7 3 3 9 4 10 7 11 4 12 11 11 4 12 ffffffffffftt
12113123fftf	1220033444fffft	1 4 1 1 4 5 6 7 2 7 4 8 7 3 3 9 4 10 9 11 4 12 11 11 4 12 ffffffffffftt
12113123fftf	1220034444fffft	1 4 1 1 4 5 6 7 2 7 4 8 7 3 3 9 4 10 11 11 4 12 11 11 4 12 ffffffffffftt
12113123fftf	1220130444fffft	1 4 1 1 4 5 6 7 2 7 4 8 7 3 6 9 4 10 3 11 4 12 11 11 4 12 ffffffffffftt
12113123fftf	1220131444fffft	1 4 1 1 4 5 6 7 2 7 4 8 7 3 6 9 4 10 6 11 4 12 11 11 4 12 ffffffffffftt
12113123fftf	1220132444fffft	1 4 1 1 4 5 6 7 2 7 4 8 7 3 6 9 4 10 7 11 4 12 11 11 4 12 ffffffffffftt
12113123fftf	1220133444fffft	1 4 1 1 4 5 6 7 2 7 4 8 7 3 6 9 4 10 9 11 4 12 11 11 4 12 ffffffffffftt
12113123fftf	1220134444fffft	1 4 1 1 4 5 6 7 2 7 4 8 7 3 6 9 4 10 11 11 4 12 11 11 4 12 ffffffffffftt
12113123fftf	1220230444fffft	1 4 1 1 4 5 6 7 2 7 4 8 7 3 7 9 4 10 3 11 4 12 11 11 4 12 ffffffffffftt
12113123fftf	1220231444fffft	1 4 1 1 4 5 6 7 2 7 4 8 7 3 7 9 4 10 6 11 4 12 11 11 4 12 ffffffffffftt
12113123fftf	1220330444fffft	1 4 1 1 4 5 6 7 2 7 4 8 7 3 9 9 4 10 3 11 4 12 11 11 4 12 ffffffffffftt
12113123fftf	1220331444fffft	1 4 1 1 4 5 6 7 2 7 4 8 7 3 9 9 4 10 6 11 4 12 11 11 4 12 ffffffffffftt
12113123fftf	1220343303ffftf	1 5 1 1 5 7 5 2 6 8 3 8 8 4 5 10 11 9 4 11 5 12 11 11 5 12 ffffffffffftt
12113123fftf	1220343313ffftf	1 5 1 1 5 7 5 2 6 8 3 8 8 4 5 10 11 9 6 11 5 12 11 11 5 12 ffffffffffftt
12113123fftf	1223040044fffft	1 6 1 1 6 4 5 5 6 7 8 9 2 9 6 10 9 3 5 11 6 12 11 11 6 12 ffffffffffftt
12113123fftf	1223041044fffft	1 6 1 1 6 4 8 5 6 7 8 9 2 9 6 10 9 3 5 11 6 12 11 11 6 12 ffffffffffftt
12113123fftf	1223042044fffft	1 5 1 1 5 3 5 6 7 9 2 9 5 10 9 8 9 4 4 11 5 12 11 11 5 12 ffffffffffftt
12113123fftf	1223043044fffft	2 6 1 5 2 2 6 4 6 7 8 9 3 9 6 10 9 1 5 11 6 12 11 11 6 12 ffffffffffftt
12113123fftf	1223044044fffft	1 5 1 1 5 3 5 6 7 8 2 8 5 9 8 10 4 11 5 12 11 4 11 11 5 12 ffffffffffftt
12113123fftf	1223140044fffft	1 6 1 1 6 4 5 5 6 7 8 9 2 9 6 10 9 3 8 11 6 12 11 11 6 12 ffffffffffftt
12113123fftf	1223141044fffft	1 6 1 1 6 4 8 5 6 7 8 9 2 9 6 10 9 3 8 11 6 12 11 11 6 12 ffffffffffftt
12113123fftf	1223142044fffft	1 5 1 1 5 3 5 6 7 9 2 9 5 10 9 8 9 4 7 11 5 12 11 11 5 12 ffffffffffftt
12113123fftf	1223143044fffft	2 6 1 5 2 2 6 4 6 7 8 9 3 9 6 10 9 1 8 11 6 12 11 11 6 12 ffffffffffftt
12113123fftf	1223144044fffft	1 5 1 1 5 3 5 6 7 8 2 8 5 9 8 10 7 11 5 12 11 4 11 11 5 12 ffffffffffftt
12113123fftf	1223340044fffft	1 6 1 1 6 4 5 5 6 7 8 9 2 9 6 10 9 3 3 11 6 12 11 11 6 12 ffffffffffftt
12113123fftf	1223341044fffft	1 6 1 1 6 4 8 5 6 7 8 9 2 9 6 10 9 3 3 11 6 12 11 11 6 12 ffffffffffftt
12113123fftf	1223342044fffft	1 5 1 1 5 3 5 6 7 9 2 9 5 10 9 8 9 4 8 11 5 12 11 11 5 12 ffffffffffftt
12113123fftf	1223343044fffft	2 6 1 5 2 2 6 4 6 7 8 9 3 9 6 10 9 1 1 11 6 12 11 11 6 12 ffffffffffftt
12113123fftf	1223344044fffft	1 5 1 1 5 3 5 6 7 8 2 8 5 9 8 10 10 11 5 12 11 4 11 11 5 12 ffffffffffftt
12113123fftf	1230030444fffft	1 4 1 1 4 5 6 7 2 7 4 8 9 3 3 9 4 10 3 11 4 12 11 11 4 12 ffffffffffftt
12113123fftf	1230031444fffft	1 4 1 1 4 5 6 7 2 7 4 8 9 3 3 9 4 10 6 11 4 12 11 11 4 12 ffffffffffftt
12113123fftf	1230032444fffft	1 4 1 1 4 5 6 7 2 7 4 8 9 3 3 9 4 10 7 11 4 12 11 11 4 12 ffffffffffftt
12113123fftf	1230033444fffft	1 4 1 1 4 5 6 7 2 7 4 8 9 3 3 9 4 10 9 11 4 12 11 11 4 12 ffffffffffftt
12113123fftf	1230034444fffft	1 4 1 1 4 5 6 7 2 7 4 8 9 3 3 9 4 10 11 11 4 12 11 11 4 12 ffffffffffftt
12113123fftf	1230043303ffftf	1 3 1 1 3 4 2 6 3 7 8 6 5 9 3 10 11 5 5 11 3 12 11 11 3 12 ffffffffffftt
12113123fftf	1230043313ffftf	1 3 1 1 3 4 2 6 3 7 8 6 5 9 3 10 11 5 8 11 3 12 11 11 3 12 ffffffffffftt
12113123fftf	1230043323ffftf	1 3 1 1 3 4 2 6 3 7 8 6 5 9 3 10 11 5 6 11 3 12 11 11 3 12 ffffffffffftt
12113123fftf	1230043333ffftf	1 3 1 1 3 4 2 6 3 7 8 6 5 9 3 10 11 5 11 11 3 12 11 11 3 12 ffffffffffftt
12113123fftf	1230043343ffftf	1 3 1 1 3 4 2 6 3 7 8 6 5 9 3 10 11 5 9 11 3 12 11 11 3 12 ffffffffffftt
12113123fftf	1230130444fffft	1 4 1 1 4 5 6 7 2 7 4 8 9 3 6 9 4 10 3 11 4 12 11 11 4 12 ffffffffffftt
12113123fftf	1230131444fffft	1 4 1 1 4 5 6 7 2 7 4 8 9 3 6 9 4 10 6 11 4 12 11 11 4 12 ffffffffffftt
12113123fftf	1230132444fffft	1 4 1 1 4 5 6 7 2 7 4 8 9 3 6 9 4 10 7 11 4 12 11 11 4 12 ffffffffffftt
12113123fftf	1230133444fffft	1 4 1 1 4 5 6 7 2 7 4 8 9 3 6 9 4 10 9 11 4 12 11 11 4 12 ffffffffffftt
12113123fftf	1230134444fffft	1 4 1 1 4 5 6 7 2 7 4 8 9 3 6 9 4 10 11 11 4 12 11 11 4 12 ffffffffffftt
12113123fftf	1230143303ffftf	1 3 1 1 3 4 2 6 3 7 8 6 8 9 3 10 11 5 5 11 3 12 11 11 3 12 ffffffffffftt
12113123fftf	1230143313ffftf	1 3 1 1 3 4 2 6 3 7 8 6 8 9 3 10 11 5 8 11 3 12 11 11 3 12 ffffffffffftt
12113123fftf	1230143323ffftf	1 3 1 1 3 4 2 6 3 7 8 6 8 9 3 10 11 5 6 11 3 12 11 11 3 12 ffffffffffftt
12113123fftf	1230143333ffftf	1 3 1 1 3 4 2 6 3 7 8 6 8 9 3 10 11 5 11 11 3 12 11 11 3 12 ffffffffffftt
12113123fftf	1230143343ffftf	1 3 1 1 3 4 2 6 3 7 8 6 8 9 3 10 11 5 9 11 3 12 11 11 3 12 ffffffffffftt
12113123fftf	1230230444fffft	1 4 1 1 4 5 6 7 2 7 4 8 9 3 7 9 4 10 3 11 4 12 11 11 4 12 ffffffffffftt
12113123fftf	1230231444fffft	1 4 1 1 4 5 6 7 2 7 4 8 9 3 7 9 4 10 6 11 4 12 11 11 4 12 ffffffffffftt
12113123fftf	1230243303ffftf	1 3 1 1 3 4 2 6 3 7 8 6 6 9 3 10 11 5 5 11 3 12 11 11 3 12 ffffffffffftt
12113123fftf	1230243313ffftf	1 3 1 1 3 4 2 6 3 7 8 6 6 9 3 10 11 5 8 11 3 12 11 11 3 12 ffffffffffftt
12113123fftf	1230330444fffft	1 4 1 1 4 5 6 7 2 7 4 8 9 3 9 9 4 10 3 11 4 12 11 11 4 12 ffffffffffftt
12113123fftf	1230331444fffft	1 4 1 1 4 5 6 7 2 7 4 8 9 3 9 9 4 10 6 11 4 12 11 11 4 12 ffffffffffftt
12113123fftf	1230343303ffftf	1 5 1 1 5 6 5 2 7 8 3 8 5 10 11 4 11 9 4 11 5 12 11 11 5 12 ffffffffffftt
12113123fftf	1230343313ffftf	1 5 1 1 5 6 5 2 7 8 3 8 5 10 11 4 11 9 7 11 5 12 11 11 5 12 ffffffffffftt
12113123fftf	1230430444fffft	1 5 1 1 5 7 5 2 6 8 3 8 9 4 5 10 11 9 4 11 5 12 11 11 5 12 ffffffffffftt
12113123fftf	1230431444fffft	1 5 1 1 5 7 5 2 6 8 3 8 9 4 5 10 11 9 6 11 5 12 11 11 5 12 ffffffffffftt
12113123fftf	1230443303ffftf	1 3 1 1 3 4 2 6 3 7 8 6 9 9 3 10 11 5 5 11 3 12 11 11 3 12 ffffffffffftt
12113123fftf	1230443313ffftf	1 3 1 1 3 4 2 6 3 7 8 6 9 9 3 10 11 5 8 11 3 12 11 11 3 12 ffffffffffftt
12113123fftf	1233340044fffft	1 7 1 1 4 4 7 5 6 6 7 8 2 9 3 9 7 10 4 11 7 12 11 11 7 12 ffffffffffftt
12113123fftf	1233341044fffft	2 7 3 6 2 2 1 1 7 5 7 8 3 9 4 9 7 10 1 11 7 12 11 11 7 12 ffffffffffftt
12113123fftf	1233342044fffft	1 6 1 1 8 8 6 4 6 7 2 9 3 9 6 10 9 5 8 11 6 12 11 11 6 12 ffffffffffftt
12113123fftf	1233343044fffft	2 7 1 6 2 2 1 1 7 5 7 8 3 9 4 9 7 10 1 11 7 12 11 11 7 12 ffffffffffftt
12113123fftf	1233344044fffft	1 5 1 1 5 3 5 6 7 8 2 8 5 9 10 10 10 11 5 12 11 4 11 11 5 12 ffffffffffftt
12113123fftf	1234433300ffftf	1 6 1 1 6 4 5 5 6 7 8 9 2 9 6 10 11 3 3 11 6 12 11 11 6 12 ffffffffffftt
