12113123fftf	01020333ffft	1 3 1 1 2 5 4 5 3 6 2 7 3 8 2 9 3 10 9 9 3 10 ffffffffftt
12113123fftf	01021333ffft	1 3 1 1 2 5 4 5 3 6 2 7 3 8 5 9 3 10 9 9 3 10 ffffffffftt
12113123fftf	01022333ffft	1 3 1 1 2 5 4 5 3 6 2 7 3 8 7 9 3 10 9 9 3 10 ffffffffftt
12113123fftf	01023333ffft	1 3 1 1 2 5 4 5 3 6 2 7 3 8 9 9 3 10 9 9 3 10 ffffffffftt
12113123fftf	01120333ffft	1 3 1 1 2 5 4 5 3 6 5 7 3 8 2 9 3 10 9 9 3 10 ffffffffftt
12113123fftf	01220333ffft	1 3 1 1 2 5 4 5 3 6 7 7 3 8 2 9 3 10 9 9 3 10 ffffffffftt
12113123fftf	01232202fftf	1 4 1 1 4 5 3 6 2 6 4 8 9 7 3 9 4 10 9 9 4 10 ffffffffftt
12113123fftf	12000333ffft	1 5 1 1 4 4 5 6 2 7 3 7 5 8 4 9 5 10 9 9 5 10 ffffffffftt
12113123fftf	12001333ffft	1 5 1 1 4 4 5 6 2 7 3 7 5 8 2 9 5 10 9 9 5 10 ffffffffftt
12113123fftf	12100333ffft	2 5 1 4 2 2 5 6 1 7 3 7 5 8 4 9 5 10 9 9 5 10 ffffffffftt
12113123fftf	12101333ffft	2 5 1 4 2 2 5 6 1 7 3 7 5 8 1 9 5 10 9 9 5 10 ffffffffftt
12113123fftf	12200333ffft	1 4 1 1 4 5 6 7 2 7 4 8 7 3 3 9 4 10 9 9 4 10 ffffffffftt
12113123fftf	12201333ffft	1 4 1 1 4 5 6 7 2 7 4 8 7 3 6 9 4 10 9 9 4 10 ffffffffftt
12113123fftf	12300333ffft	1 4 1 1 4 5 6 7 2 7 4 8 9 3 3 9 4 10 9 9 4 10 ffffffffftt
12113123fftf	12301333ffft	1 4 1 1 4 5 6 7 2 7 4 8 9 3 6 9 4 10 9 9 4 10 ffffffffftt
