1211132431fffft	0112233444fffft	1 2 1 1 1 3 2 8 5 8 7 6 9 8 7 11 4 11 11 10 12 8 11 13 13 14 13 15 16 8 15 17 15 19 17 17 17 19 18 8 fffffffffffffffffttt
1211132431fffft	0112342344fffft	1 2 1 1 1 3 2 8 5 8 7 6 9 8 7 11 4 11 11 10 14 8 11 15 16 8 15 13 15 12 13 17 13 19 17 17 17 19 18 8 fffffffffffffffffttt
1211132431fffft	0122331444fffft	1 2 1 1 1 3 2 7 8 7 10 7 6 9 4 9 6 11 12 12 12 14 13 7 15 15 15 5 16 7 9 17 9 19 17 17 17 19 18 7 fffffffffffffffffttt
1211132431fffft	0123123444fffft	1 2 1 1 1 3 2 9 5 9 8 6 12 9 10 9 8 13 4 13 11 14 13 11 13 7 11 15 16 9 15 17 15 19 17 17 17 19 18 9 fffffffffffffffffttt
1211132431fffft	0123143342ffftf	1 2 1 1 1 5 3 12 3 14 2 11 4 11 8 11 10 9 13 11 10 15 7 15 15 3 15 6 16 11 12 18 12 17 19 11 18 18 18 17 fffffffffffffffffttt
1211132431fffft	0123423314ffftf	1 2 1 1 1 3 2 11 6 11 8 11 10 5 12 7 12 9 13 11 10 15 4 15 15 12 15 14 16 11 7 18 7 17 19 11 18 18 18 17 fffffffffffffffffttt
1211132431fffft	1203243340ffftf	1 2 1 1 1 3 2 7 5 7 8 6 10 7 11 8 8 9 9 12 9 14 13 7 15 8 15 4 16 7 12 18 12 17 19 7 18 18 18 17 fffffffffffffffffttt
1211132431fffft	1203342044fffft	1 2 1 1 1 4 7 9 2 11 3 11 8 11 10 13 10 12 14 11 7 15 5 15 16 11 15 10 15 6 13 17 13 19 17 17 17 19 18 11 fffffffffffffffffttt
1211132431fffft	1223443300ffftf	1 2 1 1 1 3 2 4 5 6 7 4 9 9 9 11 10 4 12 12 12 14 13 4 15 6 15 8 16 4 6 18 6 17 19 4 18 18 18 17 fffffffffffffffffttt
1211344121ffftf	1203243340ffftf	1 7 1 1 7 1 3 5 9 5 5 11 10 11 12 2 12 4 12 6 12 13 14 3 16 3 15 3 11 18 12 17 8 18 19 18 18 18 12 17 fffffffffffffffffttt
1211344121ffftf	1203342044fffft	1 3 1 1 3 1 10 2 8 13 10 12 11 13 10 9 4 14 5 14 6 14 10 16 15 8 14 8 13 17 10 18 7 17 17 17 19 17 10 18 fffffffffffffffffttt
1211344121ffftf	1223443300ffftf	1 7 1 1 7 1 5 5 6 5 11 11 12 13 12 2 12 4 12 10 8 11 14 3 15 3 16 3 3 18 9 18 12 17 19 18 18 18 12 17 fffffffffffffffffttt
1211344123ffftf	1203243340ffftf	1 2 1 1 7 4 7 6 2 7 3 7 8 7 5 10 7 9 12 7 10 11 11 13 7 14 15 10 16 7 13 18 7 17 19 7 18 18 7 17 fffffffffffffffffttt
1211344123ffftf	1203342044fffft	1 2 1 1 12 5 12 7 12 8 2 12 3 12 4 12 10 12 11 14 12 13 9 15 6 15 16 12 15 11 14 17 12 19 17 17 12 19 18 12 fffffffffffffffffttt
1211344123ffftf	1223443300ffftf	1 2 1 1 8 4 8 6 2 8 3 8 7 8 8 10 5 9 11 11 12 8 13 13 8 14 15 9 16 8 9 18 8 17 19 8 18 18 8 17 fffffffffffffffffttt
1211344321ffftf	1203243340ffftf	1 7 1 1 7 1 3 5 9 5 5 11 10 11 13 2 13 4 13 6 13 12 14 3 15 3 16 13 11 18 13 17 8 18 19 18 18 18 13 17 fffffffffffffffffttt
1211344321ffftf	1203342044fffft	1 3 1 1 3 1 4 2 6 4 9 13 10 13 4 12 4 11 5 14 4 16 7 14 15 9 14 9 13 17 4 18 8 17 17 17 19 17 4 18 fffffffffffffffffttt
1211344321ffftf	1223443300ffftf	1 7 1 1 7 1 5 5 6 5 11 11 13 12 13 2 13 4 13 10 8 11 14 3 16 3 15 13 3 18 9 18 13 17 19 18 18 18 13 17 fffffffffffffffffttt
1234432144fftff	0120324344fffft	1 5 3 2 2 2 5 1 5 6 9 7 10 9 5 8 4 11 9 11 5 12 13 9 14 13 15 13 5 16 18 15 19 15 19 18 18 18 5 17 fffffffffffffffffttt
1234432144fftff	0120343342ffftf	1 5 3 2 2 2 5 1 5 6 9 7 10 9 5 8 4 11 9 11 5 12 16 9 14 16 13 16 5 15 19 13 17 13 17 17 19 17 5 18 fffffffffffffffffttt
1234432144fftff	0122334044fffft	1 7 3 2 2 2 7 1 7 5 8 11 6 11 6 10 7 9 13 14 7 12 14 14 4 15 7 16 15 15 18 6 19 6 19 18 18 18 7 17 fffffffffffffffffttt
1234432144fftff	0123223440fftff	3 11 1 9 7 9 5 4 4 4 11 3 11 2 11 8 10 13 9 13 11 12 13 6 14 16 13 16 11 15 19 1 18 1 19 18 18 18 11 17 fffffffffffffffffttt
1234432144fftff	0123224034fftff	1 11 5 2 2 2 10 4 8 4 11 1 11 3 11 9 4 13 6 13 11 12 13 7 14 16 13 16 11 15 19 8 18 8 19 18 18 18 11 17 fffffffffffffffffttt
1234432144fftff	0123423044fffft	1 8 3 2 2 2 8 1 8 6 5 11 7 11 8 10 11 4 8 12 9 13 11 13 14 5 16 5 8 15 19 16 18 16 19 18 18 18 8 17 fffffffffffffffffttt
1234432144fftff	1201304344fffft	1 5 3 2 2 2 5 1 5 6 8 9 7 8 5 12 11 8 5 10 4 13 8 13 14 11 15 11 5 16 18 15 19 15 19 18 18 18 5 17 fffffffffffffffffttt
1234432144fftff	1201343340ffftf	1 4 3 2 2 2 4 1 11 6 4 10 4 7 9 13 8 13 4 12 14 11 13 11 5 16 11 16 4 15 19 8 17 8 17 17 19 17 4 18 fffffffffffffffffttt
1234432144fftff	1203314044fffft	1 8 3 2 2 2 8 1 8 9 8 6 13 14 12 14 12 10 5 12 8 11 4 15 7 15 8 16 15 12 18 7 19 7 19 18 18 18 8 17 fffffffffffffffffttt
1234432144fftff	1203403144fffft	1 8 3 2 2 2 8 1 8 6 5 10 7 10 8 9 10 11 14 5 13 5 8 12 4 16 10 16 8 15 19 13 18 13 19 18 18 18 8 17 fffffffffffffffffttt
1234432144fftff	1211330440ftfff	3 15 13 16 2 16 10 4 4 4 9 8 8 8 11 2 16 2 15 1 15 3 15 5 15 7 15 14 19 6 18 12 18 6 19 18 18 18 15 17 fffffffffffffffffttt
1234432144fftff	1211334004ftfff	3 15 11 16 9 16 8 5 10 11 5 5 13 1 1 1 15 3 15 4 15 6 16 11 15 2 15 14 19 7 18 12 18 7 19 18 18 18 15 17 fffffffffffffffffttt
1234432144fftff	1211340043ftfff	2 15 9 16 8 4 11 12 4 4 5 12 13 5 12 5 15 2 15 6 15 3 15 1 16 16 15 14 19 7 18 10 18 7 19 18 18 18 15 17 fffffffffffffffffttt
1234432144fftff	1211344300ftfff	4 15 9 16 13 2 12 2 8 5 5 5 10 13 2 13 15 4 15 6 15 3 15 1 15 14 16 16 19 7 18 11 18 7 19 18 18 18 15 17 fffffffffffffffffttt
1234432144fftff	1231443300ffftf	2 12 7 13 6 3 3 3 8 10 10 10 12 2 12 4 12 11 12 1 13 13 14 5 16 9 16 5 12 15 19 16 17 16 17 17 19 17 12 18 fffffffffffffffffttt
