0111tf	11020333ffft	0 2 2 2 1 3 1 4 4 4 fffft
0111tf	11021333ffft	0 2 2 2 1 3 2 4 4 4 fffft
0111tf	11022333ffft	0 2 2 2 1 3 3 4 4 4 fffft
0111tf	11023033ffft	0 2 2 2 1 3 4 1 4 4 fffft
0111tf	11023133ffft	0 2 2 2 1 3 4 2 4 4 fffft
0111tf	11023233ffft	0 2 2 2 1 3 4 3 4 4 fffft
0111tf	11023333ffft	0 2 2 2 1 3 4 4 4 4 fffft
0111tf	11120333ffft	0 2 2 2 2 3 1 4 4 4 fffft
0111tf	11123033ffft	0 2 2 2 2 3 4 1 4 4 fffft
0111tf	11220333ffft	0 2 2 2 3 3 1 4 4 4 fffft
0111tf	11230033ffft	0 3 3 3 1 1 2 4 4 4 fffft
0111tf	11230133ffft	0 3 2 3 3 3 1 4 4 4 fffft
0111tf	11230233ffft	0 3 3 3 1 2 2 4 4 4 fffft
0111tf	11230333ffft	0 2 2 2 3 4 1 4 4 4 fffft
0111tf	11231033ffft	0 3 3 3 3 1 2 4 4 4 fffft
0111tf	11232033ffft	0 3 3 3 2 1 2 4 4 4 fffft
0111tf	11232202fftf	0 2 2 2 4 3 1 4 4 4 fffft
0111tf	12000333ffft	0 3 2 3 1 1 1 4 4 4 fffft
0111tf	12001333ffft	0 3 2 3 1 1 2 4 4 4 fffft
0111tf	12003033ffft	0 3 2 3 1 1 4 1 4 4 fffft
0111tf	12003133ffft	0 3 2 3 1 1 4 2 4 4 fffft
0111tf	12010333ffft	0 3 2 3 1 2 1 4 4 4 fffft
0111tf	12011333ffft	0 3 2 3 1 2 2 4 4 4 fffft
0111tf	12013033ffft	0 3 2 3 1 2 4 1 4 4 fffft
0111tf	12013133ffft	0 3 2 3 1 2 4 2 4 4 fffft
0111tf	12030133ffft	0 2 3 2 1 3 1 4 4 4 fffft
0111tf	12030233ffft	0 1 2 1 3 1 2 4 4 4 fffft
0111tf	12031133ffft	0 2 3 2 3 3 1 4 4 4 fffft
0111tf	12031333ffft	0 3 2 3 1 4 2 4 4 4 fffft
0111tf	12032133ffft	0 2 3 2 2 3 1 4 4 4 fffft
0111tf	12033033ffft	0 3 2 3 1 4 4 1 4 4 fffft
0111tf	12033133ffft	0 3 2 3 1 4 4 2 4 4 fffft
0111tf	12100333ffft	0 3 2 3 2 1 1 4 4 4 fffft
0111tf	12101333ffft	0 3 2 3 2 1 2 4 4 4 fffft
0111tf	12103133ffft	0 3 2 3 2 1 4 2 4 4 fffft
0111tf	12110300ftff	0 1 3 2 3 3 4 1 4 4 fffft
0111tf	12110301ftff	0 1 2 3 4 1 2 4 4 4 fffft
0111tf	12110310ftff	0 1 2 3 4 1 4 2 4 4 fffft
0111tf	12110311ftff	0 1 2 3 4 1 4 4 4 4 fffft
0111tf	12110313ftff	0 1 2 3 4 1 4 3 4 4 fffft
0111tf	12110320ftff	0 1 3 2 1 3 4 1 4 4 fffft
0111tf	12110321ftff	0 1 2 3 4 1 1 4 4 4 fffft
0111tf	12110322ftff	0 2 2 2 3 1 4 2 4 4 fffft
0111tf	12110323ftff	0 2 2 1 3 1 4 2 4 4 fffft
0111tf	12110330ftff	0 1 3 2 2 3 4 1 4 4 fffft
0111tf	12110331ftff	0 1 2 3 4 1 3 4 4 4 fffft
0111tf	12110333ffft	0 3 2 3 2 2 1 4 4 4 fffft
0111tf	12110333ftff	0 2 1 1 3 1 4 2 4 4 fffft
0111tf	12111300ftff	0 3 2 2 4 3 4 1 4 4 fffft
0111tf	12111301ftff	0 2 4 2 4 3 1 4 4 4 fffft
0111tf	12111302ftff	0 3 2 3 4 3 4 1 4 4 fffft
0111tf	12111303ftff	0 3 2 1 4 3 4 1 4 4 fffft
0111tf	12111320ftff	0 3 3 2 4 3 4 1 4 4 fffft
0111tf	12111330ftff	0 3 1 2 4 3 4 1 4 4 fffft
0111tf	12112300ftff	0 1 1 2 3 3 4 1 4 4 fffft
0111tf	12112301ftff	0 1 1 3 4 1 2 4 4 4 fffft
0111tf	12112302ftff	0 1 1 2 3 1 4 1 4 4 fffft
0111tf	12112303ftff	0 1 1 2 3 2 4 1 4 4 fffft
0111tf	12112310ftff	0 1 1 3 4 1 4 2 4 4 fffft
0111tf	12112320ftff	0 1 1 2 1 3 4 1 4 4 fffft
0111tf	12112330ftff	0 1 1 2 2 3 4 1 4 4 fffft
0111tf	12113100ftff	0 3 2 2 4 3 1 4 4 4 fffft
0111tf	12113101ftff	0 2 4 2 3 4 1 4 4 4 fffft
0111tf	12113102ftff	0 3 2 3 4 3 1 4 4 4 fffft
0111tf	12113103ftff	0 3 2 1 4 3 1 4 4 4 fffft
0111tf	12113110ftff	0 3 4 3 4 1 2 4 4 4 fffft
0111tf	12113120ftff	0 3 3 2 4 3 1 4 4 4 fffft
0111tf	12113130ftff	0 3 1 2 4 3 1 4 4 4 fffft
0111tf	12113200ftff	0 1 2 1 3 3 4 1 4 4 fffft
0111tf	12113201ftff	0 1 3 1 4 1 2 4 4 4 fffft
0111tf	12113202ftff	0 1 2 1 3 1 4 1 4 4 fffft
0111tf	12113203ftff	0 1 2 1 3 2 4 1 4 4 fffft
0111tf	12113210ftff	0 1 3 1 4 1 4 2 4 4 fffft
0111tf	12113220ftff	0 1 2 1 1 3 4 1 4 4 fffft
0111tf	12113230ftff	0 1 2 1 2 3 4 1 4 4 fffft
0111tf	12113300ftff	0 1 2 2 3 3 4 1 4 4 fffft
0111tf	12113301ftff	0 1 3 3 4 1 2 4 4 4 fffft
0111tf	12113302ftff	0 1 2 2 3 1 4 1 4 4 fffft
0111tf	12113303ftff	0 1 2 2 3 2 4 1 4 4 fffft
0111tf	12113310ftff	0 1 3 3 4 1 4 2 4 4 fffft
0111tf	12113320ftff	0 1 2 2 1 3 4 1 4 4 fffft
0111tf	12113330ftff	0 1 2 2 2 3 4 1 4 4 fffft
0111tf	12130133ffft	0 2 3 2 1 3 3 4 4 4 fffft
0111tf	12130333ffft	0 3 2 3 2 4 1 4 4 4 fffft
0111tf	12200333ffft	0 3 2 3 3 1 1 4 4 4 fffft
0111tf	12201333ffft	0 3 2 3 3 1 2 4 4 4 fffft
0111tf	12203133ffft	0 3 2 3 3 1 4 2 4 4 fffft
0111tf	12210333ffft	0 3 2 3 3 2 1 4 4 4 fffft
0111tf	12220333ffft	0 3 2 3 3 3 1 4 4 4 fffft
0111tf	12230333ffft	0 3 2 3 3 4 1 4 4 4 fffft
0111tf	12300333ffft	0 3 2 3 4 1 1 4 4 4 fffft
0111tf	12301333ffft	0 3 2 3 4 1 2 4 4 4 fffft
