010212tff	0120324344fffft	0 1 0 3 0 4 2 4 5 3 0 6 7 6 0 8 9 8 0 10 9 10 ffffffffftt
010212tff	0120334244fffft	0 1 0 3 0 4 2 4 6 3 0 7 0 8 5 8 9 7 0 10 9 10 ffffffffftt
010212tff	0120343342ffftf	0 1 0 3 0 4 2 4 5 3 0 7 0 8 6 8 9 7 0 10 9 10 ffffffffftt
010212tff	0122304344fffft	0 4 0 5 1 5 0 2 0 6 3 6 7 2 0 8 9 8 0 10 9 10 ffffffffftt
010212tff	0122334044fffft	0 4 0 5 1 5 0 2 0 7 6 7 0 8 3 8 9 2 0 10 9 10 ffffffffftt
010212tff	0122343340ffftf	0 6 0 7 1 7 0 5 0 2 4 2 0 8 3 8 9 5 0 10 9 10 ffffffffftt
010212tff	0123223440fftff	0 1 0 3 0 5 2 5 0 7 4 7 0 8 6 8 9 3 0 10 9 10 ffffffffftt
010212tff	0123224034fftff	0 2 0 3 0 5 4 3 0 7 1 7 0 8 6 8 9 5 0 10 9 10 ffffffffftt
010212tff	0123224430fftff	0 1 0 3 0 5 4 5 0 7 2 7 0 8 6 8 9 3 0 10 9 10 ffffffffftt
010212tff	0123304244fffft	0 6 0 7 1 7 0 2 5 2 0 4 0 8 3 8 9 4 0 10 9 10 ffffffffftt
010212tff	0123324044fffft	0 6 0 7 1 7 0 4 5 4 0 2 0 8 3 8 9 2 0 10 9 10 ffffffffftt
010212tff	0123403244fffft	0 4 0 5 1 5 0 2 0 7 3 7 0 8 6 8 9 2 0 10 9 10 ffffffffftt
010212tff	0123423044fffft	0 1 0 3 0 5 2 5 0 6 4 6 7 3 0 8 9 8 0 10 9 10 ffffffffftt
010212tff	1200314344fffft	0 1 0 3 0 5 4 5 0 6 2 6 7 3 0 8 9 8 0 10 9 10 ffffffffftt
010212tff	1200334144fffft	0 6 0 7 3 7 0 2 1 2 0 4 0 8 5 8 9 4 0 10 9 10 ffffffffftt
010212tff	1200343341ffftf	0 1 0 3 0 5 2 5 0 7 6 7 0 8 4 8 9 3 0 10 9 10 ffffffffftt
010212tff	1201304344fffft	0 3 0 2 4 2 0 5 0 6 1 6 7 5 0 8 9 8 0 10 9 10 ffffffffftt
010212tff	1201334044fffft	0 6 0 7 3 7 0 4 1 4 0 2 0 8 5 8 9 2 0 10 9 10 ffffffffftt
010212tff	1201343340ffftf	0 2 0 3 0 5 6 3 0 7 4 7 0 8 1 8 9 5 0 10 9 10 ffffffffftt
010212tff	1203314044fffft	0 4 0 5 0 3 6 5 0 7 2 7 0 8 1 8 9 3 0 10 9 10 ffffffffftt
010212tff	1203403144fffft	0 5 0 3 0 4 2 4 6 3 0 7 0 8 1 8 9 7 0 10 9 10 ffffffffftt
010212tff	1203413044fffft	0 2 0 5 0 3 6 5 0 7 4 7 0 8 1 8 9 3 0 10 9 10 ffffffffftt
010212tff	1211330440ftfff	0 2 0 3 0 5 4 5 0 7 1 7 0 8 6 8 9 3 0 10 9 10 ffffffffftt
010212tff	1211334004ftfff	0 4 0 5 0 3 1 3 0 7 6 7 0 8 2 8 9 5 0 10 9 10 ffffffffftt
010212tff	1211334400ftfff	0 2 0 3 0 5 4 5 0 7 6 7 0 8 1 8 9 3 0 10 9 10 ffffffffftt
010212tff	1211340043ftfff	0 2 0 3 0 5 6 5 0 7 4 7 0 8 1 8 9 3 0 10 9 10 ffffffffftt
010212tff	1211340340ftfff	0 4 0 5 0 3 1 3 0 7 2 7 0 8 6 8 9 5 0 10 9 10 ffffffffftt
010212tff	1211344003ftfff	0 2 0 3 0 5 6 5 0 7 1 7 0 8 4 8 9 3 0 10 9 10 ffffffffftt
010212tff	1211344300ftfff	0 3 0 4 0 5 0 7 2 7 6 5 0 8 1 8 9 4 0 10 9 10 ffffffffftt
010212tff	1230430144fffft	0 1 0 5 0 4 0 7 2 7 6 4 0 8 3 8 9 5 0 10 9 10 ffffffffftt
010212tff	1230443301ffftf	0 4 0 5 3 5 0 2 0 7 6 7 0 8 1 8 9 2 0 10 9 10 ffffffffftt
010212tff	1231430044fffft	0 3 0 2 4 2 0 5 0 7 6 7 0 8 1 8 9 5 0 10 9 10 ffffffffftt
010212tff	1231443300ffftf	0 2 0 3 0 5 4 5 0 6 1 6 7 3 0 8 9 8 0 10 9 10 ffffffffftt
