01020313tfff	01223033ffft	0 1 0 3 0 5 0 6 0 7 0 8 4 8 0 9 2 9 10 6 0 11 0 12 10 12 ffffffffffttt
01020313tfff	01232230fftf	0 2 0 3 0 5 0 6 0 7 0 8 4 8 0 9 1 9 10 6 0 11 0 12 10 12 ffffffffffttt
01020313tfff	12013033ffft	0 5 0 6 0 3 0 4 1 4 0 7 0 8 0 9 2 9 10 8 0 11 0 12 10 12 ffffffffffttt
01020313tfff	12110330ftff	0 4 0 5 0 6 0 2 0 7 0 8 1 8 0 9 3 9 10 6 0 11 0 12 10 12 ffffffffffttt
01021323tfff	01203233ffft	0 2 0 5 0 3 1 6 3 6 7 4 8 4 0 8 10 9 11 9 0 11 10 12 11 12 ffffffffffttt
01021323tfff	01223033ffft	0 5 0 6 1 7 2 7 0 2 0 8 4 9 8 9 10 3 11 3 0 11 10 12 11 12 ffffffffffttt
01021323tfff	01232230fftf	0 1 0 3 0 6 2 7 3 7 0 8 5 9 6 9 10 4 11 4 0 11 10 12 11 12 ffffffffffttt
01021323tfff	12003133ffft	0 1 0 3 0 6 5 7 6 7 0 8 2 9 3 9 10 4 11 4 0 11 10 12 11 12 ffffffffffttt
01021323tfff	12013033ffft	0 4 0 2 5 3 6 3 0 6 0 8 1 9 2 9 10 7 11 7 0 11 10 12 11 12 ffffffffffttt
01021323tfff	12113300ftff	0 2 0 3 0 6 5 7 6 7 0 8 1 9 8 9 10 4 11 4 0 11 10 12 11 12 ffffffffffttt
01021333tfff	01203233ffft	0 2 0 5 0 3 1 6 4 6 7 4 9 4 0 8 10 9 12 9 0 11 10 12 12 12 ffffffffffttt
01021333tfff	01232230fftf	0 1 0 3 0 6 2 7 4 7 0 8 5 9 7 9 10 4 12 4 0 11 10 12 12 12 ffffffffffttt
01021333tfff	12013033ffft	0 4 0 2 5 3 7 3 0 6 0 8 1 9 3 9 10 7 12 7 0 11 10 12 12 12 ffffffffffttt
01021333tfff	12113300ftff	0 2 0 3 0 6 5 7 7 7 0 8 1 9 9 9 10 4 12 4 0 11 10 12 12 12 ffffffffffttt
