01020313tfff	0122304344fffft	0 1 0 3 0 5 0 6 0 7 0 8 4 8 0 9 2 9 10 6 0 11 0 12 13 12 0 14 0 15 13 15 fffffffffffffttt
01020313tfff	0122334044fffft	0 7 0 8 0 9 1 9 0 6 0 2 0 3 0 10 0 11 4 11 0 12 5 12 13 3 0 14 0 15 13 15 fffffffffffffttt
01020313tfff	0122343340ffftf	0 1 0 3 0 5 0 6 0 8 0 9 4 9 0 10 0 11 7 11 0 12 2 12 13 6 0 14 0 15 13 15 fffffffffffffttt
01020313tfff	0123223440fftff	0 2 0 3 0 5 0 6 0 8 0 9 4 9 0 10 0 11 7 11 0 12 1 12 13 6 0 14 0 15 13 15 fffffffffffffttt
01020313tfff	0123224034fftff	0 4 0 5 0 3 0 6 0 8 0 9 7 6 0 10 0 11 2 11 0 12 1 12 13 9 0 14 0 15 13 15 fffffffffffffttt
01020313tfff	0123224430fftff	0 2 0 3 0 5 0 6 0 8 0 9 7 9 0 10 0 11 4 11 0 12 1 12 13 6 0 14 0 15 13 15 fffffffffffffttt
01020313tfff	0123304244fffft	0 1 0 3 0 5 0 6 0 8 0 9 2 9 0 10 0 11 7 11 0 12 4 12 13 6 0 14 0 15 13 15 fffffffffffffttt
01020313tfff	0123324044fffft	0 3 0 2 0 4 0 6 5 4 0 8 0 9 0 10 0 11 7 11 0 12 1 12 13 9 0 14 0 15 13 15 fffffffffffffttt
01020313tfff	0123403244fffft	0 7 0 8 0 9 1 9 0 2 0 3 0 5 0 10 0 11 4 11 0 12 6 12 13 3 0 14 0 15 13 15 fffffffffffffttt
01020313tfff	0123423044fffft	0 2 0 3 0 5 0 6 0 7 0 8 4 8 0 9 1 9 10 6 0 11 0 12 13 12 0 14 0 15 13 15 fffffffffffffttt
01020313tfff	1200334144fffft	0 1 0 3 0 5 0 6 0 8 0 9 7 9 0 10 0 11 4 11 0 12 2 12 13 6 0 14 0 15 13 15 fffffffffffffttt
01020313tfff	1200343341ffftf	0 2 0 3 0 5 0 6 0 8 0 9 4 9 0 10 0 11 1 11 0 12 7 12 13 6 0 14 0 15 13 15 fffffffffffffttt
01020313tfff	1201304344fffft	0 5 0 6 0 3 0 4 1 4 0 7 0 8 0 9 2 9 10 8 0 11 0 12 13 12 0 14 0 15 13 15 fffffffffffffttt
01020313tfff	1201334044fffft	0 3 0 2 0 4 0 6 7 4 0 8 0 9 0 10 0 11 1 11 0 12 5 12 13 9 0 14 0 15 13 15 fffffffffffffttt
01020313tfff	1201343340ffftf	0 5 0 6 0 3 0 4 1 4 0 8 0 9 0 10 0 11 7 11 0 12 2 12 13 9 0 14 0 15 13 15 fffffffffffffttt
01020313tfff	1203403144fffft	0 8 0 9 0 4 0 5 0 6 0 7 1 7 3 6 0 10 0 11 0 12 2 12 13 11 0 14 0 15 13 15 fffffffffffffttt
01020313tfff	1211033440ftfff	0 4 0 5 0 6 0 2 0 8 0 9 1 9 0 10 0 11 7 11 0 12 3 12 13 6 0 14 0 15 13 15 fffffffffffffttt
01020313tfff	1211034034ftfff	0 7 0 8 0 9 0 2 0 5 0 6 3 6 0 10 0 11 1 11 0 12 4 12 13 9 0 14 0 15 13 15 fffffffffffffttt
01020313tfff	1211034430ftfff	0 4 0 5 0 6 0 2 0 8 0 9 1 9 0 10 0 11 3 11 0 12 7 12 13 6 0 14 0 15 13 15 fffffffffffffttt
01020313tfff	1211334004ftfff	0 7 0 8 0 9 0 2 0 5 0 6 1 6 0 10 0 11 3 11 0 12 4 12 13 9 0 14 0 15 13 15 fffffffffffffttt
01020313tfff	1211334400ftfff	0 4 0 5 0 6 0 2 0 8 0 9 7 9 0 10 0 11 3 11 0 12 1 12 13 6 0 14 0 15 13 15 fffffffffffffttt
01020313tfff	1211340043ftfff	0 4 0 5 0 6 0 2 0 8 0 9 3 9 0 10 0 11 7 11 0 12 1 12 13 6 0 14 0 15 13 15 fffffffffffffttt
01020313tfff	1211340340ftfff	0 7 0 8 0 9 0 4 0 5 1 5 0 2 0 10 0 11 3 11 0 12 6 12 13 9 0 14 0 15 13 15 fffffffffffffttt
01021323tfff	0120324344fffft	0 2 0 5 0 3 1 6 3 6 7 4 8 4 0 8 10 9 11 9 0 11 13 12 14 12 0 14 13 15 14 15 fffffffffffffttt
01021323tfff	0120334244fffft	0 1 0 3 0 5 2 6 3 6 8 4 9 4 0 9 0 11 7 12 11 12 13 10 14 10 0 14 13 15 14 15 fffffffffffffttt
01021323tfff	0120343342ffftf	0 2 0 3 0 4 6 5 1 7 4 7 0 9 11 5 0 11 8 12 9 12 13 10 14 10 0 14 13 15 14 15 fffffffffffffttt
01021323tfff	0122304344fffft	0 5 0 3 0 6 2 7 3 7 0 8 1 9 8 9 10 4 11 4 0 11 13 12 14 12 0 14 13 15 14 15 fffffffffffffttt
01021323tfff	0122334044fffft	0 5 0 6 1 7 2 7 0 2 0 9 8 10 9 10 0 11 4 12 11 12 13 3 14 3 0 14 13 15 14 15 fffffffffffffttt
01021323tfff	0122343340ffftf	0 8 0 9 1 10 2 10 0 6 0 2 5 3 6 3 0 11 4 12 11 12 13 7 14 7 0 14 13 15 14 15 fffffffffffffttt
01021323tfff	0123223440fftff	0 1 0 3 0 6 2 7 3 7 0 9 5 10 6 10 0 11 8 12 9 12 13 4 14 4 0 14 13 15 14 15 fffffffffffffttt
01021323tfff	0123224034fftff	0 2 0 3 0 6 5 4 6 4 0 9 1 10 3 10 0 11 8 12 9 12 13 7 14 7 0 14 13 15 14 15 fffffffffffffttt
01021323tfff	0123224430fftff	0 1 0 3 0 6 5 7 6 7 0 9 2 10 3 10 0 11 8 12 9 12 13 4 14 4 0 14 13 15 14 15 fffffffffffffttt
01021323tfff	0123304244fffft	0 7 0 8 1 9 2 9 0 2 6 3 0 5 0 11 4 12 5 12 11 3 13 10 14 10 0 14 13 15 14 15 fffffffffffffttt
01021323tfff	0123324044fffft	0 7 0 8 1 9 2 9 0 6 0 2 5 10 0 11 4 12 6 12 11 10 13 3 14 3 0 14 13 15 14 15 fffffffffffffttt
01021323tfff	0123403244fffft	0 5 0 6 0 3 1 7 3 7 0 9 2 10 11 10 0 11 8 12 9 12 13 4 14 4 0 14 13 15 14 15 fffffffffffffttt
01021323tfff	0123423044fffft	0 1 0 4 0 8 0 6 3 7 4 7 2 9 6 9 10 5 11 5 0 11 13 12 14 12 0 14 13 15 14 15 fffffffffffffttt
01021323tfff	1200314344fffft	0 1 0 4 0 8 0 6 2 7 6 7 3 9 4 9 10 5 11 5 0 11 13 12 14 12 0 14 13 15 14 15 fffffffffffffttt
01021323tfff	1200334144fffft	0 8 0 9 4 10 5 10 0 2 1 3 2 3 0 5 0 11 7 12 11 12 13 6 14 6 0 14 13 15 14 15 fffffffffffffttt
01021323tfff	1200343341ffftf	0 1 0 3 0 6 2 7 3 7 0 9 8 10 9 10 0 11 5 12 6 12 13 4 14 4 0 14 13 15 14 15 fffffffffffffttt
01021323tfff	1201304344fffft	0 5 0 2 3 4 0 8 6 4 0 6 1 9 2 9 10 7 11 7 0 11 13 12 14 12 0 14 13 15 14 15 fffffffffffffttt
01021323tfff	1201334044fffft	0 8 0 9 4 10 5 10 0 5 1 6 2 6 0 2 0 11 7 12 11 12 13 3 14 3 0 14 13 15 14 15 fffffffffffffttt
01021323tfff	1201343340ffftf	0 2 0 3 0 6 8 4 9 4 0 9 5 10 6 10 0 11 1 12 3 12 13 7 14 7 0 14 13 15 14 15 fffffffffffffttt
01021323tfff	1203314044fffft	0 5 0 6 0 3 7 10 8 10 0 8 2 9 0 11 1 12 3 12 11 9 13 4 14 4 0 14 13 15 14 15 fffffffffffffttt
01021323tfff	1203403144fffft	0 7 0 3 0 5 2 6 3 6 8 4 9 4 0 9 0 11 1 12 5 12 13 10 14 10 0 14 13 15 14 15 fffffffffffffttt
01021323tfff	1203413044fffft	0 2 0 6 0 3 8 7 9 7 0 9 5 10 6 10 0 11 1 12 3 12 13 4 14 4 0 14 13 15 14 15 fffffffffffffttt
01021323tfff	1211330440ftfff	0 2 0 3 0 6 5 7 6 7 0 9 1 10 11 10 0 11 8 12 9 12 13 4 14 4 0 14 13 15 14 15 fffffffffffffttt
01021323tfff	1211334004ftfff	0 3 0 4 0 6 0 8 7 9 8 9 1 10 0 11 2 12 6 12 11 10 13 5 14 5 0 14 13 15 14 15 fffffffffffffttt
01021323tfff	1211334400ftfff	0 2 0 3 0 6 5 7 6 7 0 9 8 10 9 10 0 11 1 12 11 12 13 4 14 4 0 14 13 15 14 15 fffffffffffffttt
01021323tfff	1211340043ftfff	0 2 0 3 0 6 8 7 9 7 0 9 5 10 6 10 0 11 1 12 11 12 13 4 14 4 0 14 13 15 14 15 fffffffffffffttt
01021323tfff	1211340340ftfff	0 3 0 4 0 6 0 9 2 10 6 10 1 7 11 7 0 11 8 12 9 12 13 5 14 5 0 14 13 15 14 15 fffffffffffffttt
01021323tfff	1211344003ftfff	0 2 0 3 0 6 7 10 8 10 0 8 1 9 0 11 5 12 6 12 11 9 13 4 14 4 0 14 13 15 14 15 fffffffffffffttt
01021323tfff	1211344300ftfff	0 3 0 4 0 6 0 9 2 10 6 10 8 7 9 7 0 11 1 12 11 12 13 5 14 5 0 14 13 15 14 15 fffffffffffffttt
01021323tfff	1230430144fffft	0 1 0 6 0 4 0 9 2 10 6 10 8 5 9 5 0 11 3 12 4 12 13 7 14 7 0 14 13 15 14 15 fffffffffffffttt
01021323tfff	1230443301ffftf	0 4 0 5 3 6 0 2 0 9 8 10 9 10 11 6 0 11 1 12 2 12 13 7 14 7 0 14 13 15 14 15 fffffffffffffttt
01021323tfff	1231430044fffft	0 4 0 2 5 3 6 3 0 6 0 9 8 10 9 10 0 11 1 12 2 12 13 7 14 7 0 14 13 15 14 15 fffffffffffffttt
01021323tfff	1231443300ffftf	0 2 0 3 0 7 5 8 7 8 0 6 10 4 1 9 6 9 11 4 0 11 13 12 14 12 0 14 13 15 14 15 fffffffffffffttt
01021333tfff	0120324344fffft	0 2 0 3 0 4 6 5 1 7 5 7 0 8 9 5 10 9 12 9 0 11 13 12 15 12 0 14 13 15 15 15 fffffffffffffttt
01021333tfff	0120343342ffftf	0 2 0 3 0 4 6 5 1 7 5 7 0 9 12 5 0 11 8 12 10 12 13 10 15 10 0 14 13 15 15 15 fffffffffffffttt
01021333tfff	0122334044fffft	0 5 0 6 1 7 3 7 0 2 0 9 8 10 10 10 0 11 4 12 12 12 13 3 15 3 0 14 13 15 15 15 fffffffffffffttt
01021333tfff	0123223440fftff	0 1 0 3 0 6 2 7 4 7 0 9 5 10 7 10 0 11 8 12 10 12 13 4 15 4 0 14 13 15 15 15 fffffffffffffttt
01021333tfff	0123224034fftff	0 2 0 3 0 6 5 4 7 4 0 9 1 10 4 10 0 11 8 12 10 12 13 7 15 7 0 14 13 15 15 15 fffffffffffffttt
01021333tfff	0123423044fffft	0 1 0 4 0 8 0 6 3 7 5 7 2 9 7 9 10 5 12 5 0 11 13 12 15 12 0 14 13 15 15 15 fffffffffffffttt
01021333tfff	1201304344fffft	0 5 0 2 3 4 0 8 7 4 0 6 1 9 4 9 10 7 12 7 0 11 13 12 15 12 0 14 13 15 15 15 fffffffffffffttt
01021333tfff	1201343340ffftf	0 2 0 3 0 6 8 4 10 4 0 9 5 10 7 10 0 11 1 12 4 12 13 7 15 7 0 14 13 15 15 15 fffffffffffffttt
01021333tfff	1203314044fffft	0 5 0 6 0 3 7 10 9 10 0 8 2 9 0 11 1 12 4 12 12 9 13 4 15 4 0 14 13 15 15 15 fffffffffffffttt
01021333tfff	1203403144fffft	0 7 0 3 0 5 2 6 4 6 8 4 10 4 0 9 0 11 1 12 6 12 13 10 15 10 0 14 13 15 15 15 fffffffffffffttt
01021333tfff	1211330440ftfff	0 2 0 3 0 6 5 7 7 7 0 9 1 10 12 10 0 11 8 12 10 12 13 4 15 4 0 14 13 15 15 15 fffffffffffffttt
01021333tfff	1211334004ftfff	0 3 0 4 0 6 0 8 7 9 9 9 1 10 0 11 2 12 10 12 12 10 13 5 15 5 0 14 13 15 15 15 fffffffffffffttt
01021333tfff	1211340043ftfff	0 2 0 3 0 6 8 7 10 7 0 9 5 10 7 10 0 11 1 12 12 12 13 4 15 4 0 14 13 15 15 15 fffffffffffffttt
01021333tfff	1211344300ftfff	0 3 0 4 0 6 0 9 2 10 7 10 8 7 10 7 0 11 1 12 12 12 13 5 15 5 0 14 13 15 15 15 fffffffffffffttt
01021333tfff	1231443300ffftf	0 2 0 3 0 7 5 8 8 8 0 6 10 4 1 9 9 9 12 4 0 11 13 12 15 12 0 14 13 15 15 15 fffffffffffffttt
