0102030414tffff	01203233ffft	0 1 0 3 0 4 0 5 0 6 0 7 0 8 2 8 9 7 0 10 0 11 0 12 14 12 14 13 0 15 0 16 0 13 ffffffffffffftttt
0102030414tffff	12003133ffft	0 4 0 5 0 6 0 2 0 7 0 8 0 9 0 10 0 11 1 11 0 12 3 12 14 9 14 13 0 15 0 16 0 13 ffffffffffffftttt
0102030414tffff	12013033ffft	0 5 0 2 0 3 0 4 6 4 0 7 0 8 0 9 0 10 0 11 0 12 1 12 14 11 14 13 0 15 0 16 0 13 ffffffffffffftttt
0102030414tffff	12110330ftff	0 1 0 3 0 5 0 6 0 7 0 8 0 9 0 11 0 10 4 10 2 12 0 12 13 9 0 14 0 15 0 16 13 16 ffffffffffffftttt
0102030414tffff	12113300ftff	0 1 0 3 0 5 0 6 0 7 0 8 0 9 0 11 0 10 2 10 4 12 0 12 13 9 0 14 0 15 0 16 13 16 ffffffffffffftttt
0102031424tffff	01223033ffft	0 1 0 3 0 5 0 6 0 8 0 9 4 10 5 10 0 11 2 12 3 12 15 7 16 7 16 13 15 13 0 16 0 14 ffffffffffffftttt
0102031424tffff	01232230fftf	0 2 0 3 0 7 0 5 7 10 6 10 0 8 0 9 0 11 1 12 8 12 13 4 14 4 0 14 0 15 13 16 14 16 ffffffffffffftttt
0102031424tffff	12013033ffft	0 6 0 7 0 3 0 4 1 5 8 5 0 8 0 9 0 11 2 12 3 12 15 10 16 10 16 13 15 13 0 16 0 14 ffffffffffffftttt
0102031424tffff	12110330ftff	0 4 0 5 0 6 0 2 0 9 0 10 1 8 2 8 9 12 0 11 3 12 13 7 14 7 0 14 0 15 13 16 14 16 ffffffffffffftttt
0102031434tffff	01203233ffft	0 1 0 3 0 4 0 5 0 6 8 7 2 9 6 9 0 10 11 7 0 11 15 12 14 12 14 13 15 13 0 16 0 14 ffffffffffffftttt
0102031434tffff	01232230fftf	0 2 0 3 0 7 0 5 5 10 6 10 0 8 0 9 0 11 1 12 9 12 13 4 15 4 0 14 0 15 13 16 15 16 ffffffffffffftttt
0102031434tffff	12003133ffft	0 2 0 3 0 5 0 6 0 8 0 9 1 10 9 10 0 11 4 12 6 12 15 7 14 7 14 13 15 13 0 16 0 14 ffffffffffffftttt
0102031434tffff	12013033ffft	0 6 0 7 0 3 0 4 1 5 9 5 0 8 0 9 0 11 2 12 4 12 15 10 14 10 14 13 15 13 0 16 0 14 ffffffffffffftttt
0102031434tffff	12110330ftff	0 4 0 5 0 6 0 2 0 8 0 9 1 7 9 12 0 11 3 12 11 7 13 10 15 10 0 14 0 15 13 16 15 16 ffffffffffffftttt
0102031444tffff	01232230fftf	0 2 0 3 0 7 0 5 4 10 6 10 0 8 0 9 0 11 1 12 10 12 13 4 16 4 0 14 0 15 13 16 16 16 ffffffffffffftttt
0102131424tffff	01203233ffft	0 1 0 3 0 6 2 7 2 8 3 8 9 4 9 5 10 5 0 10 16 11 16 12 14 12 14 13 16 15 16 13 0 14 ffffffffffffftttt
0102131424tffff	01223033ffft	0 6 0 7 1 8 1 9 2 9 0 2 0 10 5 11 5 12 10 12 16 3 16 4 14 4 14 13 16 15 16 13 0 14 ffffffffffffftttt
0102131424tffff	01232230fftf	0 1 0 3 3 9 5 8 5 9 0 7 0 10 6 11 6 12 7 12 13 4 13 2 14 2 0 14 13 15 13 16 14 16 ffffffffffffftttt
0102131424tffff	12003133ffft	0 1 0 3 0 7 6 8 6 9 7 9 0 10 2 11 2 12 3 12 16 4 16 5 14 5 14 13 16 15 16 13 0 14 ffffffffffffftttt
0102131424tffff	12013033ffft	0 5 0 2 6 3 6 4 7 4 0 7 0 10 1 11 1 12 2 12 16 8 16 9 14 9 14 13 16 15 16 13 0 14 ffffffffffffftttt
0102131424tffff	12110330ftff	0 2 0 3 0 8 1 6 1 5 8 12 7 12 0 10 7 11 10 5 13 4 13 9 14 9 0 14 13 15 13 16 14 16 ffffffffffffftttt
0102131424tffff	12113300ftff	0 2 0 3 0 8 7 9 7 6 8 6 10 12 0 10 1 11 1 12 13 4 13 5 14 5 0 14 13 15 13 16 14 16 ffffffffffffftttt
0102131434tffff	01203233ffft	0 1 0 3 0 6 2 7 2 8 4 8 9 4 9 5 11 5 0 10 16 11 16 12 15 12 15 13 16 15 16 13 0 14 ffffffffffffftttt
0102131434tffff	01223033ffft	0 6 0 7 1 8 1 9 3 9 0 2 0 10 5 11 5 12 11 12 16 3 16 4 15 4 15 13 16 15 16 13 0 14 ffffffffffffftttt
0102131434tffff	01232230fftf	0 1 0 3 4 9 5 8 5 9 0 7 0 10 6 11 6 12 8 12 13 4 13 2 15 2 0 14 13 15 13 16 15 16 ffffffffffffftttt
0102131434tffff	12003133ffft	0 1 0 3 0 7 6 8 6 9 8 9 0 10 2 11 2 12 4 12 16 4 16 5 15 5 15 13 16 15 16 13 0 14 ffffffffffffftttt
0102131434tffff	12013033ffft	0 5 0 2 6 3 6 4 8 4 0 7 0 10 1 11 1 12 3 12 16 8 16 9 15 9 15 13 16 15 16 13 0 14 ffffffffffffftttt
0102131434tffff	12110330ftff	0 2 0 3 0 8 1 6 1 5 6 12 7 12 0 10 7 11 11 5 13 4 13 9 15 9 0 14 13 15 13 16 15 16 ffffffffffffftttt
0102131434tffff	12113300ftff	0 2 0 3 0 8 7 9 7 6 9 6 11 12 0 10 1 11 1 12 13 4 13 5 15 5 0 14 13 15 13 16 15 16 ffffffffffffftttt
0102131444tffff	01203233ffft	0 1 0 3 0 6 2 7 2 8 5 8 9 4 9 5 12 5 0 10 16 11 16 12 13 12 13 13 16 15 16 13 0 14 ffffffffffffftttt
0102131444tffff	01223033ffft	0 6 0 7 1 8 1 9 4 9 0 2 0 10 5 11 5 12 12 12 16 3 16 4 13 4 13 13 16 15 16 13 0 14 ffffffffffffftttt
0102131444tffff	01232230fftf	0 1 0 3 2 9 5 8 5 9 0 7 0 10 6 11 6 12 9 12 13 4 13 2 16 2 0 14 13 15 13 16 16 16 ffffffffffffftttt
0102131444tffff	12003133ffft	0 1 0 3 0 7 6 8 6 9 9 9 0 10 2 11 2 12 5 12 16 4 16 5 13 5 13 13 16 15 16 13 0 14 ffffffffffffftttt
0102131444tffff	12013033ffft	0 5 0 2 6 3 6 4 9 4 0 7 0 10 1 11 1 12 4 12 16 8 16 9 13 9 13 13 16 15 16 13 0 14 ffffffffffffftttt
0102131444tffff	12110330ftff	0 2 0 3 0 8 1 6 1 5 5 12 7 12 0 10 7 11 12 5 13 4 13 9 16 9 0 14 13 15 13 16 16 16 ffffffffffffftttt
0102131444tffff	12113300ftff	0 2 0 3 0 8 7 9 7 6 6 6 12 12 0 10 1 11 1 12 13 4 13 5 16 5 0 14 13 15 13 16 16 16 ffffffffffffftttt
0102132434tffff	01203233ffft	0 2 0 6 0 3 1 7 3 8 4 8 9 4 10 5 11 5 0 10 16 11 15 12 14 12 14 13 15 13 16 14 0 15 ffffffffffffftttt
0102132434tffff	01223033ffft	0 6 0 7 1 8 2 9 3 9 0 2 0 10 5 11 10 12 11 12 16 3 15 4 14 4 14 13 15 13 16 14 0 15 ffffffffffffftttt
0102132434tffff	01232230fftf	0 1 0 4 3 9 4 9 5 8 0 7 0 10 6 11 7 12 8 12 13 3 14 2 15 2 0 14 13 15 14 16 15 16 ffffffffffffftttt
0102132434tffff	12003133ffft	0 1 0 3 0 7 6 8 7 9 8 9 0 10 2 11 3 12 4 12 16 4 15 5 14 5 14 13 15 13 16 14 0 15 ffffffffffffftttt
0102132434tffff	12013033ffft	0 5 0 2 6 3 7 4 8 4 0 7 0 10 1 11 2 12 3 12 16 8 15 9 14 9 14 13 15 13 16 14 0 15 ffffffffffffftttt
0102132434tffff	12113300ftff	0 2 0 3 0 9 8 7 9 6 7 6 11 12 10 12 0 10 1 11 13 4 14 5 15 5 0 14 13 15 14 16 15 16 ffffffffffffftttt
0102132444tffff	01203233ffft	0 2 0 6 0 3 1 7 3 8 5 8 9 4 10 5 12 5 0 10 16 11 15 12 13 12 13 13 15 13 16 14 0 15 ffffffffffffftttt
0102132444tffff	01223033ffft	0 6 0 7 1 8 2 9 4 9 0 2 0 10 5 11 10 12 12 12 16 3 15 4 13 4 13 13 15 13 16 14 0 15 ffffffffffffftttt
0102132444tffff	01232230fftf	0 1 0 4 2 9 4 9 5 8 0 7 0 10 6 11 7 12 9 12 13 3 14 2 16 2 0 14 13 15 14 16 16 16 ffffffffffffftttt
0102132444tffff	12003133ffft	0 1 0 3 0 7 6 8 7 9 9 9 0 10 2 11 3 12 5 12 16 4 15 5 13 5 13 13 15 13 16 14 0 15 ffffffffffffftttt
0102132444tffff	12013033ffft	0 5 0 2 6 3 7 4 9 4 0 7 0 10 1 11 2 12 4 12 16 8 15 9 13 9 13 13 15 13 16 14 0 15 ffffffffffffftttt
0102132444tffff	12113300ftff	0 2 0 3 0 9 8 7 9 6 6 6 12 12 10 12 0 10 1 11 13 4 14 5 16 5 0 14 13 15 14 16 16 16 ffffffffffffftttt
