0102030414tffff	0120324344fffft	0 1 0 3 0 4 0 5 0 6 0 7 0 8 2 8 9 7 0 10 0 11 0 12 13 12 0 14 0 15 0 16 17 16 0 18 0 19 0 20 17 20 ffffffffffffffffftttt
0102030414tffff	0120334244fffft	0 1 0 3 0 4 0 5 0 6 0 7 0 8 2 8 10 7 0 11 0 12 0 13 0 14 0 15 0 16 9 16 17 15 0 18 0 19 0 20 17 20 ffffffffffffffffftttt
0102030414tffff	0120343342ffftf	0 1 0 3 0 4 0 5 0 6 0 7 0 8 2 8 9 7 0 11 0 12 0 13 0 14 0 15 0 16 10 16 18 15 18 17 0 19 0 20 0 17 ffffffffffffffffftttt
0102030414tffff	0122334044fffft	0 1 0 3 0 5 0 6 0 8 0 9 0 10 0 11 0 12 0 13 7 13 0 14 0 15 2 15 0 16 4 16 17 10 0 18 0 19 0 20 17 20 ffffffffffffffffftttt
0102030414tffff	0122343340ffftf	0 2 0 3 0 5 0 6 0 8 0 9 0 10 0 11 0 12 0 13 7 13 0 14 0 15 1 15 0 16 4 16 18 10 18 17 0 19 0 20 0 17 ffffffffffffffffftttt
0102030414tffff	0123223440fftff	0 4 0 5 0 6 0 2 0 9 0 10 0 7 8 13 0 11 0 12 0 13 0 14 0 15 3 15 0 16 1 16 17 7 0 18 0 19 0 20 17 20 ffffffffffffffffftttt
0102030414tffff	0123224430fftff	0 4 0 5 0 6 0 2 0 10 0 8 0 7 3 13 0 13 0 11 0 12 0 14 0 15 9 15 0 16 1 16 17 7 0 18 0 19 0 20 17 20 ffffffffffffffffftttt
0102030414tffff	0123304244fffft	0 2 0 3 0 5 0 6 0 8 0 9 0 10 0 11 0 12 0 13 4 13 0 14 0 15 1 15 0 16 7 16 17 10 0 18 0 19 0 20 17 20 ffffffffffffffffftttt
0102030414tffff	0123403244fffft	0 1 0 3 0 5 0 6 0 8 0 9 0 10 0 11 0 12 0 13 7 13 0 15 0 14 4 14 2 16 0 16 17 10 0 18 0 19 0 20 17 20 ffffffffffffffffftttt
0102030414tffff	1200314344fffft	0 4 0 5 0 6 0 2 0 7 0 8 0 9 0 10 0 11 1 11 0 12 3 12 13 9 0 14 0 15 0 16 17 16 0 18 0 19 0 20 17 20 ffffffffffffffffftttt
0102030414tffff	1201304344fffft	0 5 0 2 0 3 0 4 6 4 0 7 0 8 0 9 0 10 0 11 0 12 1 12 13 11 0 14 0 15 0 16 17 16 0 18 0 19 0 20 17 20 ffffffffffffffffftttt
0102030414tffff	1201334044fffft	0 6 0 7 0 3 0 4 0 5 1 5 0 9 0 10 0 11 0 12 0 13 0 14 0 15 2 15 0 16 8 16 17 13 0 18 0 19 0 20 17 20 ffffffffffffffffftttt
0102030414tffff	1201343340ffftf	0 8 0 9 0 10 0 2 0 5 0 6 0 7 1 7 0 11 0 12 0 13 0 14 0 15 3 15 0 16 4 16 18 13 18 17 0 19 0 20 0 17 ffffffffffffffffftttt
0102030414tffff	1203314044fffft	0 1 0 3 0 5 0 6 0 8 0 9 0 10 0 11 0 12 0 13 2 13 0 14 0 15 4 15 0 16 7 16 17 10 0 18 0 19 0 20 17 20 ffffffffffffffffftttt
0102030414tffff	1203403144fffft	0 9 4 8 0 8 0 5 0 6 0 7 0 2 0 1 10 1 0 11 0 12 0 13 0 14 0 15 0 16 3 16 17 15 0 18 0 19 0 20 17 20 ffffffffffffffffftttt
0102030414tffff	1203413044fffft	0 4 0 5 0 6 0 2 0 8 0 9 0 10 0 13 0 12 0 11 1 11 3 15 0 15 0 14 0 16 7 16 17 10 0 18 0 19 0 20 17 20 ffffffffffffffffftttt
0102030414tffff	1211033440ftfff	0 7 0 8 0 9 0 10 0 2 0 3 0 5 0 12 0 13 0 11 1 11 6 15 0 14 0 15 0 16 4 16 17 10 0 18 0 19 0 20 17 20 ffffffffffffffffftttt
0102030414tffff	1211034034ftfff	0 5 0 2 0 3 0 4 6 4 0 7 0 9 0 10 0 11 0 12 0 13 0 15 0 14 8 14 1 16 0 16 17 13 0 18 0 19 0 20 17 20 ffffffffffffffffftttt
0102030414tffff	1211034430ftfff	0 7 0 8 0 9 0 10 0 2 0 3 0 5 0 12 0 13 0 11 1 11 4 15 0 14 0 15 0 16 6 16 17 10 0 18 0 19 0 20 17 20 ffffffffffffffffftttt
0102030414tffff	1211330440ftfff	0 7 0 8 0 9 0 10 0 2 0 3 0 5 0 13 0 12 0 11 6 11 1 15 0 15 0 14 0 16 4 16 17 10 0 18 0 19 0 20 17 20 ffffffffffffffffftttt
0102030414tffff	1211334004ftfff	0 4 0 2 0 3 0 5 0 7 8 5 0 9 0 10 0 11 0 12 0 13 0 15 0 14 6 14 1 16 0 16 17 13 0 18 0 19 0 20 17 20 ffffffffffffffffftttt
0102030414tffff	1211340340ftfff	0 3 0 2 0 4 0 7 0 5 8 5 0 9 0 10 0 11 0 12 0 13 0 14 0 15 1 15 0 16 6 16 17 13 0 18 0 19 0 20 17 20 ffffffffffffffffftttt
0102030414tffff	1211344003ftfff	0 7 0 8 0 9 0 10 0 6 0 2 0 3 0 11 0 12 0 13 5 13 0 15 0 14 1 14 4 16 0 16 17 10 0 18 0 19 0 20 17 20 ffffffffffffffffftttt
0102030414tffff	1211344300ftfff	0 5 0 2 0 3 0 4 6 4 0 7 0 9 0 10 0 11 0 12 0 13 0 14 0 15 1 15 0 16 8 16 17 13 0 18 0 19 0 20 17 20 ffffffffffffffffftttt
0102030414tffff	1230430144fffft	0 4 0 5 0 6 0 2 0 10 0 8 0 7 1 13 0 13 0 11 0 12 0 14 0 15 9 15 0 16 3 16 17 7 0 18 0 19 0 20 17 20 ffffffffffffffffftttt
0102030414tffff	1230443301ffftf	0 1 0 3 0 5 0 6 0 8 0 9 0 10 0 11 0 12 0 13 4 13 0 14 0 15 2 15 0 16 7 16 18 10 18 17 0 19 0 20 0 17 ffffffffffffffffftttt
0102030414tffff	1231430044fffft	0 8 0 9 0 10 0 4 0 5 0 6 7 6 0 2 0 13 0 12 0 11 1 15 0 15 0 14 0 16 3 16 17 11 0 18 0 19 0 20 17 20 ffffffffffffffffftttt
0102030414tffff	1231443300ffftf	0 1 0 3 0 5 0 6 0 7 0 8 0 9 0 10 0 11 2 11 0 12 4 12 13 9 0 14 0 15 0 16 18 16 18 17 0 19 0 20 0 17 ffffffffffffffffftttt
0102031424tffff	0122304344fffft	0 1 0 4 0 8 0 5 0 6 0 9 2 10 5 10 0 11 3 12 4 12 13 7 14 7 0 14 0 16 18 15 17 15 0 18 0 19 17 20 18 20 ffffffffffffffffftttt
0102031424tffff	0122334044fffft	0 8 0 9 0 10 1 11 2 11 0 7 0 2 0 3 0 12 0 13 5 14 12 14 0 16 6 15 7 15 18 4 17 4 0 18 0 19 17 20 18 20 ffffffffffffffffftttt
0102031424tffff	0122343340ffftf	0 1 0 3 0 5 0 6 0 9 0 10 4 11 5 11 0 12 0 13 8 14 9 14 0 15 2 16 3 16 19 7 20 7 20 17 19 17 0 20 0 18 ffffffffffffffffftttt
0102031424tffff	0123223440fftff	0 2 0 3 0 7 0 5 7 11 6 11 0 9 0 10 0 12 0 13 8 14 9 14 0 15 1 16 12 16 17 4 18 4 0 18 0 19 17 20 18 20 ffffffffffffffffftttt
0102031424tffff	0123224034fftff	0 6 0 7 0 3 0 4 10 5 11 5 0 11 0 9 3 14 2 14 0 12 0 13 0 15 1 16 12 16 17 8 18 8 0 18 0 19 17 20 18 20 ffffffffffffffffftttt
0102031424tffff	0123224430fftff	0 2 0 3 0 7 0 5 9 11 8 11 0 9 0 10 0 12 0 13 6 14 7 14 0 15 1 16 12 16 17 4 18 4 0 18 0 19 17 20 18 20 ffffffffffffffffftttt
0102031424tffff	0123304244fffft	0 1 0 3 0 5 0 6 0 9 0 10 2 11 3 11 0 12 0 13 8 14 9 14 0 16 4 15 5 15 18 7 17 7 0 18 0 19 17 20 18 20 ffffffffffffffffftttt
0102031424tffff	0123324044fffft	0 3 0 2 0 4 0 7 6 5 7 5 0 9 0 10 0 12 0 13 8 14 9 14 0 16 1 15 2 15 18 11 17 11 0 18 0 19 17 20 18 20 ffffffffffffffffftttt
0102031424tffff	0123403244fffft	0 8 0 9 0 10 1 11 2 11 0 2 0 3 0 6 0 13 0 14 5 12 6 12 13 16 0 15 7 16 17 4 18 4 0 18 0 19 17 20 18 20 ffffffffffffffffftttt
0102031424tffff	0123423044fffft	0 2 0 3 0 6 0 7 0 8 6 10 0 9 4 10 0 11 1 12 8 12 13 5 14 5 0 14 0 15 17 16 18 16 0 18 0 19 17 20 18 20 ffffffffffffffffftttt
0102031424tffff	1200334144fffft	0 1 0 3 0 5 0 6 0 9 0 10 8 11 9 11 0 12 0 13 4 14 5 14 0 16 2 15 3 15 18 7 17 7 0 18 0 19 17 20 18 20 ffffffffffffffffftttt
0102031424tffff	1200343341ffftf	0 2 0 3 0 5 0 6 0 9 0 10 4 11 5 11 0 12 0 13 1 14 12 14 0 15 8 16 9 16 19 7 20 7 20 17 19 17 0 20 0 18 ffffffffffffffffftttt
0102031424tffff	1201304344fffft	0 6 0 2 0 3 4 5 0 8 7 5 0 7 0 11 0 9 1 12 2 12 13 10 14 10 0 14 0 16 18 15 17 15 0 18 0 19 17 20 18 20 ffffffffffffffffftttt
0102031424tffff	1201334044fffft	0 3 0 2 0 4 0 7 8 5 9 5 0 9 0 10 0 12 0 13 1 14 2 14 0 16 6 15 7 15 18 11 17 11 0 18 0 19 17 20 18 20 ffffffffffffffffftttt
0102031424tffff	1201343340ffftf	0 5 0 6 0 3 0 4 1 11 0 8 0 9 0 12 0 13 7 14 8 14 12 11 0 15 2 16 3 16 19 10 20 10 20 17 19 17 0 20 0 18 ffffffffffffffffftttt
0102031424tffff	1203403144fffft	0 10 0 11 6 9 5 9 0 6 0 7 0 8 0 3 1 2 12 2 0 12 0 13 0 15 4 16 7 16 17 14 18 14 0 18 0 19 17 20 18 20 ffffffffffffffffftttt
0102031424tffff	1211033440ftfff	0 4 0 5 0 6 0 2 0 11 0 9 1 8 2 8 11 14 10 14 0 12 0 13 0 15 3 16 12 16 17 7 18 7 0 18 0 19 17 20 18 20 ffffffffffffffffftttt
0102031424tffff	1211034034ftfff	0 8 0 9 0 10 0 4 0 6 0 2 5 7 14 7 0 14 0 13 1 12 2 12 4 16 3 16 0 15 17 11 18 11 0 18 0 19 17 20 18 20 ffffffffffffffffftttt
0102031424tffff	1211034430ftfff	0 4 0 5 0 3 0 6 0 10 0 11 1 8 3 8 12 14 0 12 0 13 2 14 0 15 9 16 10 16 17 7 18 7 0 18 0 19 17 20 18 20 ffffffffffffffffftttt
0102031424tffff	1211334004ftfff	0 8 0 9 0 10 0 4 0 5 1 6 2 6 0 2 0 14 0 13 7 12 14 12 4 16 3 16 0 15 17 11 18 11 0 18 0 19 17 20 18 20 ffffffffffffffffftttt
0102031424tffff	1211334400ftfff	0 4 0 5 0 3 0 6 0 10 0 11 9 8 10 8 12 14 0 12 0 13 2 14 0 15 1 16 3 16 17 7 18 7 0 18 0 19 17 20 18 20 ffffffffffffffffftttt
0102031424tffff	1211340043ftfff	0 4 0 5 0 6 0 2 0 8 0 9 3 10 0 14 0 13 7 12 8 12 14 10 2 16 1 16 0 15 17 11 18 11 0 18 0 19 17 20 18 20 ffffffffffffffffftttt
0102031424tffff	1211340340ftfff	0 8 0 9 0 10 2 3 0 5 0 6 1 3 0 2 0 12 0 13 4 14 5 14 0 15 7 16 12 16 17 11 18 11 0 18 0 19 17 20 18 20 ffffffffffffffffftttt
0102031434tffff	0120324344fffft	0 1 0 3 0 4 0 5 0 6 8 7 2 9 6 9 0 10 11 7 0 11 12 13 0 14 16 13 0 16 19 15 17 15 0 18 0 19 17 20 19 20 ffffffffffffffffftttt
0102031434tffff	0120334244fffft	0 1 0 3 0 4 0 5 0 6 8 7 2 9 6 9 0 11 13 7 0 12 0 13 0 16 10 15 16 15 19 14 17 14 0 18 0 19 17 20 19 20 ffffffffffffffffftttt
0102031434tffff	0120343342ffftf	0 1 0 3 0 5 0 6 0 10 0 7 9 8 2 11 7 11 0 12 0 13 15 8 0 15 4 16 13 16 19 14 18 14 18 17 19 17 0 20 0 18 ffffffffffffffffftttt
0102031434tffff	0122334044fffft	0 8 0 9 0 10 1 11 3 11 0 7 0 2 0 3 0 12 0 13 5 14 13 14 0 16 6 15 16 15 19 4 17 4 0 18 0 19 17 20 19 20 ffffffffffffffffftttt
0102031434tffff	0122343340ffftf	0 1 0 3 0 5 0 6 0 9 0 10 4 11 6 11 0 12 0 13 8 14 10 14 0 15 2 16 15 16 19 7 18 7 18 17 19 17 0 20 0 18 ffffffffffffffffftttt
0102031434tffff	0123223440fftff	0 2 0 3 0 7 0 5 5 11 6 11 0 9 0 10 0 12 0 13 8 14 10 14 0 15 1 16 13 16 17 4 19 4 0 18 0 19 17 20 19 20 ffffffffffffffffftttt
0102031434tffff	0123224034fftff	0 6 0 7 0 3 0 4 10 5 9 5 0 11 0 9 4 14 2 14 0 12 0 13 0 15 1 16 13 16 17 8 19 8 0 18 0 19 17 20 19 20 ffffffffffffffffftttt
0102031434tffff	0123224430fftff	0 2 0 3 0 7 0 5 10 11 8 11 0 9 0 10 0 12 0 13 6 14 5 14 0 15 1 16 13 16 17 4 19 4 0 18 0 19 17 20 19 20 ffffffffffffffffftttt
0102031434tffff	0123324044fffft	0 1 0 5 0 3 0 10 0 7 0 8 0 11 0 12 6 13 8 13 4 14 0 16 2 15 10 15 16 14 19 9 17 9 0 18 0 19 17 20 19 20 ffffffffffffffffftttt
0102031434tffff	0123423044fffft	0 4 0 5 0 3 0 9 0 7 0 8 8 11 0 10 2 11 12 6 1 13 10 13 0 14 15 6 0 15 17 16 19 16 0 18 0 19 17 20 19 20 ffffffffffffffffftttt
0102031434tffff	1200314344fffft	0 4 0 5 0 3 0 9 0 6 0 7 0 10 1 11 10 11 12 8 2 13 7 13 0 14 16 8 0 16 19 15 17 15 0 18 0 19 17 20 19 20 ffffffffffffffffftttt
0102031434tffff	1200334144fffft	0 1 0 3 0 5 0 6 0 9 0 10 8 11 10 11 0 12 0 13 4 14 6 14 0 16 2 15 16 15 19 7 17 7 0 18 0 19 17 20 19 20 ffffffffffffffffftttt
0102031434tffff	1200343341ffftf	0 2 0 3 0 5 0 6 0 9 0 10 4 11 6 11 0 12 0 13 1 14 13 14 0 15 8 16 10 16 19 7 18 7 18 17 19 17 0 20 0 18 ffffffffffffffffftttt
0102031434tffff	1201304344fffft	0 3 0 2 0 6 0 5 0 8 0 9 4 7 10 7 0 10 12 11 1 13 6 13 0 14 16 11 0 16 19 15 17 15 0 18 0 19 17 20 19 20 ffffffffffffffffftttt
0102031434tffff	1201343340ffftf	0 5 0 6 0 3 0 4 1 11 0 8 0 9 0 12 0 13 7 14 9 14 13 11 0 15 2 16 4 16 19 10 18 10 18 17 19 17 0 20 0 18 ffffffffffffffffftttt
0102031434tffff	1203403144fffft	0 10 0 11 3 9 5 9 0 6 0 7 0 8 0 3 1 2 13 2 0 12 0 13 0 15 4 16 8 16 17 14 19 14 0 18 0 19 17 20 19 20 ffffffffffffffffftttt
0102031434tffff	1203413044fffft	0 2 0 3 0 5 0 6 0 10 0 8 1 7 8 14 9 14 0 12 0 13 13 7 0 15 4 16 6 16 17 11 19 11 0 18 0 19 17 20 19 20 ffffffffffffffffftttt
0102031434tffff	1211033440ftfff	0 4 0 5 0 6 0 2 0 10 0 8 1 7 8 14 9 14 0 12 0 13 15 7 0 15 3 16 13 16 17 11 19 11 0 18 0 19 17 20 19 20 ffffffffffffffffftttt
0102031434tffff	1211034034ftfff	0 8 0 9 0 10 0 4 0 6 0 2 5 7 13 7 0 14 0 13 1 12 15 12 6 16 3 16 0 15 17 11 19 11 0 18 0 19 17 20 19 20 ffffffffffffffffftttt
0102031434tffff	1211034430ftfff	0 4 0 5 0 3 0 6 0 9 0 10 1 7 13 14 0 12 0 13 2 14 15 7 0 15 8 16 10 16 17 11 19 11 0 18 0 19 17 20 19 20 ffffffffffffffffftttt
0102031434tffff	1211330440ftfff	0 4 0 5 0 3 0 6 0 9 0 10 8 11 10 11 0 12 0 13 1 14 15 14 0 15 2 16 13 16 17 7 19 7 0 18 0 19 17 20 19 20 ffffffffffffffffftttt
0102031434tffff	1211334400ftfff	0 4 0 5 0 3 0 6 0 10 0 11 9 8 11 8 13 14 0 12 0 13 2 14 0 15 1 16 15 16 17 7 19 7 0 18 0 19 17 20 19 20 ffffffffffffffffftttt
0102031434tffff	1211340340ftfff	0 6 0 7 0 8 0 2 0 5 0 10 0 12 0 13 4 14 10 14 1 11 15 11 0 15 3 16 13 16 17 9 19 9 0 18 0 19 17 20 19 20 ffffffffffffffffftttt
0102031434tffff	1211344300ftfff	0 8 0 9 0 5 0 4 0 6 0 10 2 7 13 7 0 12 0 13 3 14 6 14 0 15 1 16 15 16 17 11 19 11 0 18 0 19 17 20 19 20 ffffffffffffffffftttt
0102031434tffff	1230430144fffft	0 2 0 3 0 5 0 6 0 9 0 10 1 11 13 11 0 12 0 13 4 14 6 14 0 15 8 16 10 16 17 7 19 7 0 18 0 19 17 20 19 20 ffffffffffffffffftttt
0102031434tffff	1230443301ffftf	0 7 0 8 0 9 0 5 0 2 0 6 4 10 0 12 0 13 3 14 13 14 15 10 0 15 1 16 6 16 19 11 18 11 18 17 19 17 0 20 0 18 ffffffffffffffffftttt
0102031434tffff	1231430044fffft	0 6 0 7 0 3 0 4 9 5 11 5 0 10 0 11 13 14 0 12 0 13 1 14 0 15 2 16 4 16 17 8 19 8 0 18 0 19 17 20 19 20 ffffffffffffffffftttt
0102031444tffff	0122343340ffftf	0 1 0 3 0 5 0 6 0 9 0 10 4 11 7 11 0 12 0 13 8 14 11 14 0 15 2 16 16 16 19 7 17 7 17 17 19 17 0 20 0 18 ffffffffffffffffftttt
0102031444tffff	0123224034fftff	0 6 0 7 0 3 0 4 10 5 8 5 0 11 0 9 5 14 2 14 0 12 0 13 0 15 1 16 14 16 17 8 20 8 0 18 0 19 17 20 20 20 ffffffffffffffffftttt
0102031444tffff	0123224430fftff	0 2 0 3 0 7 0 5 11 11 8 11 0 9 0 10 0 12 0 13 6 14 4 14 0 15 1 16 14 16 17 4 20 4 0 18 0 19 17 20 20 20 ffffffffffffffffftttt
0102031444tffff	0123423044fffft	0 4 0 5 0 3 0 9 0 7 0 8 6 11 0 10 2 11 12 6 1 13 11 13 0 14 16 6 0 15 17 16 20 16 0 18 0 19 17 20 20 20 ffffffffffffffffftttt
0102031444tffff	1200343341ffftf	0 2 0 3 0 5 0 6 0 9 0 10 4 11 7 11 0 12 0 13 1 14 14 14 0 15 8 16 11 16 19 7 17 7 17 17 19 17 0 20 0 18 ffffffffffffffffftttt
0102031444tffff	1201343340ffftf	0 5 0 6 0 3 0 4 1 11 0 8 0 9 0 12 0 13 7 14 10 14 14 11 0 15 2 16 11 16 19 10 17 10 17 17 19 17 0 20 0 18 ffffffffffffffffftttt
0102031444tffff	1211033440ftfff	0 4 0 5 0 6 0 2 0 10 0 8 1 7 7 14 9 14 0 12 0 13 16 7 0 15 3 16 14 16 17 11 20 11 0 18 0 19 17 20 20 20 ffffffffffffffffftttt
0102031444tffff	1211334400ftfff	0 4 0 5 0 3 0 6 0 10 0 11 9 8 8 8 14 14 0 12 0 13 2 14 0 15 1 16 16 16 17 7 20 7 0 18 0 19 17 20 20 20 ffffffffffffffffftttt
0102131424tffff	0120324344fffft	0 1 0 3 0 6 2 7 2 8 3 8 9 4 9 5 10 5 0 10 13 11 13 12 15 12 0 15 18 14 17 16 17 14 0 18 17 19 17 20 18 20 ffffffffffffffffftttt
0102131424tffff	0120334244fffft	0 1 0 3 0 6 2 7 2 8 3 8 10 4 10 5 11 5 0 11 0 15 9 16 9 14 15 14 18 13 17 12 17 13 0 18 17 19 17 20 18 20 ffffffffffffffffftttt
0102131424tffff	0120343342ffftf	0 1 0 3 0 4 2 5 8 6 8 7 2 9 3 9 0 11 14 7 0 14 10 15 10 16 11 16 20 12 20 13 18 13 18 17 20 19 20 17 0 18 ffffffffffffffffftttt
0102131424tffff	0122304344fffft	0 6 0 7 0 3 1 8 1 9 3 9 0 10 2 11 2 12 10 12 13 4 13 5 15 5 0 15 18 14 17 16 17 14 0 18 17 19 17 20 18 20 ffffffffffffffffftttt
0102131424tffff	0122334044fffft	0 6 0 7 1 8 1 9 2 9 0 2 0 11 10 12 10 13 11 13 0 15 5 16 5 14 15 14 18 4 17 3 17 4 0 18 17 19 17 20 18 20 ffffffffffffffffftttt
0102131424tffff	0122343340ffftf	0 10 0 11 1 12 0 2 3 8 3 9 4 9 0 4 1 13 2 13 0 14 7 15 7 16 14 16 20 5 20 6 18 6 18 17 20 19 20 17 0 18 ffffffffffffffffftttt
0102131424tffff	0123223440fftff	0 1 0 3 3 9 5 8 5 9 0 7 0 11 6 12 6 13 7 13 0 14 10 15 10 16 11 16 17 4 17 2 18 2 0 18 17 19 17 20 18 20 ffffffffffffffffftttt
0102131424tffff	0123224034fftff	0 5 0 2 9 3 9 4 7 4 0 7 2 13 1 12 1 13 0 11 0 14 10 15 10 16 11 16 17 8 17 6 18 6 0 18 17 19 17 20 18 20 ffffffffffffffffftttt
0102131424tffff	0123224430fftff	0 1 0 3 7 9 6 8 6 9 0 7 0 11 5 12 5 13 3 13 0 14 10 15 10 16 11 16 17 4 17 2 18 2 0 18 17 19 17 20 18 20 ffffffffffffffffftttt
0102131424tffff	0123304244fffft	0 9 0 10 1 11 1 12 2 12 0 2 8 3 8 4 0 6 0 15 5 16 5 14 6 14 15 4 18 13 17 7 17 13 0 18 17 19 17 20 18 20 ffffffffffffffffftttt
0102131424tffff	0123324044fffft	0 9 0 10 1 11 1 12 2 12 0 6 7 8 0 2 7 13 0 15 5 16 5 14 6 14 15 13 18 4 17 3 17 4 0 18 17 19 17 20 18 20 ffffffffffffffffftttt
0102131424tffff	0123403244fffft	0 6 0 7 1 8 0 2 1 9 2 9 0 13 3 11 3 10 14 10 13 16 12 16 0 14 12 15 17 4 17 5 18 5 0 18 17 19 17 20 18 20 ffffffffffffffffftttt
0102131424tffff	0123423044fffft	0 1 0 4 0 7 4 9 2 8 2 9 0 10 6 11 6 12 7 12 13 5 13 3 14 3 0 14 17 15 17 16 18 16 0 18 17 19 17 20 18 20 ffffffffffffffffftttt
0102131424tffff	1200314344fffft	0 2 0 4 0 5 0 10 1 11 3 8 3 9 4 9 1 12 5 12 13 6 13 7 15 7 0 15 18 14 17 16 17 14 0 18 17 19 17 20 18 20 ffffffffffffffffftttt
0102131424tffff	1200334144fffft	0 10 0 11 5 12 5 13 6 13 0 2 1 3 1 4 2 4 0 6 0 15 9 16 9 14 15 14 18 8 17 7 17 8 0 18 17 19 17 20 18 20 ffffffffffffffffftttt
0102131424tffff	1200343341ffftf	0 1 0 3 0 7 2 8 2 9 3 9 0 11 10 12 10 13 11 13 0 14 6 15 6 16 7 16 20 4 20 5 18 5 18 17 20 19 20 17 0 18 ffffffffffffffffftttt
0102131424tffff	1201304344fffft	0 5 0 2 6 3 6 4 7 4 0 7 0 10 1 11 1 12 2 12 13 8 13 9 15 9 0 15 18 14 17 16 17 14 0 18 17 19 17 20 18 20 ffffffffffffffffftttt
0102131424tffff	1201334044fffft	0 10 0 11 5 12 5 13 6 13 0 6 1 7 1 8 2 8 0 2 0 15 9 16 9 14 15 14 18 4 17 3 17 4 0 18 17 19 17 20 18 20 ffffffffffffffffftttt
0102131424tffff	1201343340ffftf	0 2 0 7 0 4 0 11 3 12 3 13 4 13 10 8 10 9 11 9 0 14 1 15 1 16 7 16 20 5 20 6 18 6 18 17 20 19 20 17 0 18 ffffffffffffffffftttt
0102131424tffff	1203314044fffft	0 6 0 7 0 3 9 8 9 13 10 13 0 10 2 11 2 12 0 15 1 16 1 14 3 14 15 12 18 5 17 4 17 5 0 18 17 19 17 20 18 20 ffffffffffffffffftttt
0102131424tffff	1203403144fffft	0 9 2 8 4 7 4 8 0 6 0 2 10 3 10 1 11 1 0 11 0 14 5 15 5 16 6 16 17 12 17 13 18 13 0 18 17 19 17 20 18 20 ffffffffffffffffftttt
0102131424tffff	1203413044fffft	0 2 0 4 0 7 4 13 6 12 6 13 0 11 10 5 10 3 11 3 0 14 1 15 1 16 7 16 17 8 17 9 18 9 0 18 17 19 17 20 18 20 ffffffffffffffffftttt
0102131424tffff	1211033440ftfff	0 2 0 3 0 6 1 7 1 5 6 13 8 12 8 13 0 11 14 5 0 14 10 15 10 16 11 16 17 4 17 9 18 9 0 18 17 19 17 20 18 20 ffffffffffffffffftttt
0102131424tffff	1211034034ftfff	0 6 0 7 0 3 12 4 12 5 13 5 0 13 1 11 1 10 14 10 3 16 2 16 0 14 2 15 17 8 17 9 18 9 0 18 17 19 17 20 18 20 ffffffffffffffffftttt
0102131424tffff	1211034430ftfff	0 2 0 3 0 6 1 7 1 5 11 13 10 12 10 13 0 11 14 5 0 14 8 15 8 16 6 16 17 4 17 9 18 9 0 18 17 19 17 20 18 20 ffffffffffffffffftttt
0102131424tffff	1211330440ftfff	0 2 0 3 0 7 6 8 6 9 7 9 0 11 1 12 1 13 14 13 0 14 10 15 10 16 11 16 17 4 17 5 18 5 0 18 17 19 17 20 18 20 ffffffffffffffffftttt
0102131424tffff	1211334004ftfff	0 5 0 6 0 3 1 4 1 13 0 12 11 10 11 9 12 9 3 16 2 16 0 14 2 15 14 13 17 7 17 8 18 8 0 18 17 19 17 20 18 20 ffffffffffffffffftttt
0102131424tffff	1211334400ftfff	0 2 0 3 0 9 8 7 8 6 9 6 11 13 10 13 0 11 10 12 0 14 1 15 1 16 14 16 17 4 17 5 18 5 0 18 17 19 17 20 18 20 ffffffffffffffffftttt
0102131424tffff	1211340043ftfff	0 2 0 7 0 4 0 11 3 12 3 13 4 13 10 5 10 6 11 6 0 14 1 15 1 16 14 16 17 8 17 9 18 9 0 18 17 19 17 20 18 20 ffffffffffffffffftttt
0102131424tffff	1211340340ftfff	0 4 0 5 0 3 1 8 0 11 2 12 2 13 3 13 1 9 14 9 0 14 10 15 10 16 11 16 17 6 17 7 18 7 0 18 17 19 17 20 18 20 ffffffffffffffffftttt
0102131424tffff	1211344003ftfff	0 2 0 6 0 4 0 12 1 10 1 9 11 5 11 13 12 13 4 16 3 16 0 14 3 15 14 9 17 7 17 8 18 8 0 18 17 19 17 20 18 20 ffffffffffffffffftttt
0102131424tffff	1211344300ftfff	0 6 0 7 0 4 11 3 10 5 10 3 0 11 2 12 2 13 4 13 0 14 1 15 1 16 14 16 17 8 17 9 18 9 0 18 17 19 17 20 18 20 ffffffffffffffffftttt
0102131424tffff	1230430144fffft	0 1 0 4 0 7 11 9 10 8 10 9 0 11 2 12 2 13 4 13 0 14 6 15 6 16 7 16 17 5 17 3 18 3 0 18 17 19 17 20 18 20 ffffffffffffffffftttt
0102131424tffff	1230443301ffftf	0 5 0 6 4 7 4 8 0 2 0 11 10 12 10 13 11 13 14 8 0 14 1 15 1 16 2 16 20 3 20 9 18 9 18 17 20 19 20 17 0 18 ffffffffffffffffftttt
0102131424tffff	1231430044fffft	0 5 0 2 9 3 9 4 8 4 0 8 11 13 10 13 10 12 0 11 0 14 1 15 1 16 2 16 17 7 17 6 18 6 0 18 17 19 17 20 18 20 ffffffffffffffffftttt
0102131424tffff	1231443300ffftf	0 2 0 5 0 4 0 8 1 9 3 10 3 11 4 11 13 6 13 7 1 12 8 12 14 7 0 14 20 15 20 16 18 16 18 17 20 19 20 17 0 18 ffffffffffffffffftttt
0102131434tffff	0120324344fffft	0 1 0 3 0 6 2 7 2 8 4 8 9 4 9 5 11 5 0 10 13 11 13 12 16 12 0 15 19 14 17 16 17 14 0 18 17 19 17 20 19 20 ffffffffffffffffftttt
0102131434tffff	0120334244fffft	0 1 0 3 0 6 2 7 2 8 4 8 10 4 10 5 12 5 0 11 0 15 9 16 9 14 16 14 19 13 17 12 17 13 0 18 17 19 17 20 19 20 ffffffffffffffffftttt
0102131434tffff	0120343342ffftf	0 1 0 3 0 4 2 5 8 6 8 7 2 9 6 9 0 11 15 7 0 14 10 15 10 16 12 16 20 12 20 13 19 13 19 17 20 19 20 17 0 18 ffffffffffffffffftttt
0102131434tffff	0122304344fffft	0 6 0 7 0 3 1 8 1 9 4 9 0 10 2 11 2 12 11 12 13 4 13 5 16 5 0 15 19 14 17 16 17 14 0 18 17 19 17 20 19 20 ffffffffffffffffftttt
0102131434tffff	0122334044fffft	0 6 0 7 1 8 1 9 3 9 0 2 0 11 10 12 10 13 12 13 0 15 5 16 5 14 16 14 19 4 17 3 17 4 0 18 17 19 17 20 19 20 ffffffffffffffffftttt
0102131434tffff	0122343340ffftf	0 10 0 11 1 12 0 2 3 8 3 9 5 9 0 4 1 13 8 13 0 14 7 15 7 16 15 16 20 5 20 6 19 6 19 17 20 19 20 17 0 18 ffffffffffffffffftttt
0102131434tffff	0123223440fftff	0 1 0 3 4 9 5 8 5 9 0 7 0 11 6 12 6 13 8 13 0 14 10 15 10 16 12 16 17 4 17 2 19 2 0 18 17 19 17 20 19 20 ffffffffffffffffftttt
0102131434tffff	0123224034fftff	0 5 0 2 9 3 9 4 8 4 0 7 3 13 1 12 1 13 0 11 0 14 10 15 10 16 12 16 17 8 17 6 19 6 0 18 17 19 17 20 19 20 ffffffffffffffffftttt
0102131434tffff	0123224430fftff	0 1 0 3 8 9 6 8 6 9 0 7 0 11 5 12 5 13 4 13 0 14 10 15 10 16 12 16 17 4 17 2 19 2 0 18 17 19 17 20 19 20 ffffffffffffffffftttt
0102131434tffff	0123304244fffft	0 9 0 10 1 11 1 12 3 12 0 2 8 3 8 4 0 6 0 15 5 16 5 14 7 14 16 4 19 13 17 7 17 13 0 18 17 19 17 20 19 20 ffffffffffffffffftttt
0102131434tffff	0123324044fffft	0 9 0 10 1 11 1 12 3 12 0 6 7 8 0 2 7 13 0 15 5 16 5 14 8 14 16 13 19 4 17 3 17 4 0 18 17 19 17 20 19 20 ffffffffffffffffftttt
0102131434tffff	0123403244fffft	0 6 0 7 1 8 0 2 1 9 4 9 0 13 3 11 3 10 15 10 11 16 12 16 0 14 12 15 17 4 17 5 19 5 0 18 17 19 17 20 19 20 ffffffffffffffffftttt
0102131434tffff	0123423044fffft	0 1 0 4 0 7 5 9 2 8 2 9 0 10 6 11 6 12 8 12 13 5 13 3 15 3 0 14 17 15 17 16 19 16 0 18 17 19 17 20 19 20 ffffffffffffffffftttt
0102131434tffff	1200314344fffft	0 2 0 4 0 5 0 10 1 11 3 8 3 9 8 9 1 12 6 12 13 6 13 7 16 7 0 15 19 14 17 16 17 14 0 18 17 19 17 20 19 20 ffffffffffffffffftttt
0102131434tffff	1200334144fffft	0 10 0 11 5 12 5 13 7 13 0 2 1 3 1 4 3 4 0 6 0 15 9 16 9 14 16 14 19 8 17 7 17 8 0 18 17 19 17 20 19 20 ffffffffffffffffftttt
0102131434tffff	1200343341ffftf	0 1 0 3 0 7 2 8 2 9 4 9 0 11 10 12 10 13 12 13 0 14 6 15 6 16 8 16 20 4 20 5 19 5 19 17 20 19 20 17 0 18 ffffffffffffffffftttt
0102131434tffff	1201304344fffft	0 4 0 2 5 3 5 7 0 6 0 10 1 11 8 7 1 12 3 12 13 8 13 9 16 9 0 15 19 14 17 16 17 14 0 18 17 19 17 20 19 20 ffffffffffffffffftttt
0102131434tffff	1201334044fffft	0 10 0 11 5 12 5 13 7 13 0 6 1 7 1 8 3 8 0 2 0 15 9 16 9 14 16 14 19 4 17 3 17 4 0 18 17 19 17 20 19 20 ffffffffffffffffftttt
0102131434tffff	1201343340ffftf	0 2 0 7 0 4 0 11 3 12 3 13 5 13 10 8 10 9 12 9 0 14 1 15 1 16 8 16 20 5 20 6 19 6 19 17 20 19 20 17 0 18 ffffffffffffffffftttt
0102131434tffff	1203314044fffft	0 6 0 7 0 3 9 8 9 13 11 13 0 10 2 11 2 12 0 15 1 16 1 14 4 14 16 12 19 5 17 4 17 5 0 18 17 19 17 20 19 20 ffffffffffffffffftttt
0102131434tffff	1203403144fffft	0 9 2 8 3 8 0 6 3 7 0 4 10 2 10 1 12 1 0 11 0 14 5 15 5 16 7 16 17 12 17 13 19 13 0 18 17 19 17 20 19 20 ffffffffffffffffftttt
0102131434tffff	1203413044fffft	0 2 0 4 0 7 5 13 6 12 6 13 0 11 10 5 10 3 12 3 0 14 1 15 1 16 8 16 17 8 17 9 19 9 0 18 17 19 17 20 19 20 ffffffffffffffffftttt
0102131434tffff	1211033440ftfff	0 2 0 3 0 6 1 7 1 5 7 13 8 12 8 13 0 11 15 5 0 14 10 15 10 16 12 16 17 4 17 9 19 9 0 18 17 19 17 20 19 20 ffffffffffffffffftttt
0102131434tffff	1211034034ftfff	0 6 0 7 0 3 12 4 12 5 11 5 0 13 1 11 1 10 15 10 4 16 2 16 0 14 2 15 17 8 17 9 19 9 0 18 17 19 17 20 19 20 ffffffffffffffffftttt
0102131434tffff	1211034430ftfff	0 2 0 3 0 6 1 7 1 5 12 13 10 12 10 13 0 11 15 5 0 14 8 15 8 16 7 16 17 4 17 9 19 9 0 18 17 19 17 20 19 20 ffffffffffffffffftttt
0102131434tffff	1211330440ftfff	0 2 0 3 0 7 6 8 6 9 8 9 0 11 1 12 1 13 15 13 0 14 10 15 10 16 12 16 17 4 17 5 19 5 0 18 17 19 17 20 19 20 ffffffffffffffffftttt
0102131434tffff	1211334004ftfff	0 5 0 6 0 3 1 4 1 13 0 12 11 10 11 9 10 9 4 16 2 16 0 14 2 15 15 13 17 7 17 8 19 8 0 18 17 19 17 20 19 20 ffffffffffffffffftttt
0102131434tffff	1211334400ftfff	0 2 0 3 0 9 8 7 8 6 7 6 12 13 10 13 0 11 10 12 0 14 1 15 1 16 15 16 17 4 17 5 19 5 0 18 17 19 17 20 19 20 ffffffffffffffffftttt
0102131434tffff	1211340043ftfff	0 2 0 7 0 4 0 11 3 12 3 13 5 13 10 5 10 6 12 6 0 14 1 15 1 16 15 16 17 8 17 9 19 9 0 18 17 19 17 20 19 20 ffffffffffffffffftttt
0102131434tffff	1211340340ftfff	0 4 0 5 0 3 1 8 0 11 2 12 2 13 8 13 1 9 15 9 0 14 10 15 10 16 12 16 17 6 17 7 19 7 0 18 17 19 17 20 19 20 ffffffffffffffffftttt
0102131434tffff	1211344003ftfff	0 2 0 6 0 4 0 12 1 10 1 9 11 5 11 13 10 13 5 16 3 16 0 14 3 15 15 9 17 7 17 8 19 8 0 18 17 19 17 20 19 20 ffffffffffffffffftttt
0102131434tffff	1211344300ftfff	0 6 0 7 0 4 12 3 10 5 10 3 0 11 2 12 2 13 5 13 0 14 1 15 1 16 15 16 17 8 17 9 19 9 0 18 17 19 17 20 19 20 ffffffffffffffffftttt
0102131434tffff	1230430144fffft	0 1 0 4 0 7 12 9 10 8 10 9 0 11 2 12 2 13 5 13 0 14 6 15 6 16 8 16 17 5 17 3 19 3 0 18 17 19 17 20 19 20 ffffffffffffffffftttt
0102131434tffff	1230443301ffftf	0 5 0 6 4 7 4 8 0 2 0 11 10 12 10 13 12 13 15 8 0 14 1 15 1 16 3 16 20 3 20 9 19 9 19 17 20 19 20 17 0 18 ffffffffffffffffftttt
0102131434tffff	1231430044fffft	0 5 0 2 9 3 9 4 8 4 0 7 12 13 10 12 10 13 0 11 0 14 1 15 1 16 3 16 17 8 17 6 19 6 0 18 17 19 17 20 19 20 ffffffffffffffffftttt
0102131434tffff	1231443300ffftf	0 2 0 5 0 4 0 8 1 9 3 10 3 11 10 11 13 6 13 7 1 12 9 12 15 7 0 14 20 15 20 16 19 16 19 17 20 19 20 17 0 18 ffffffffffffffffftttt
0102131444tffff	0120324344fffft	0 1 0 3 0 4 2 5 8 6 8 7 2 9 7 9 0 10 12 7 13 11 13 12 14 12 0 15 20 14 17 16 17 14 0 18 17 19 17 20 20 20 ffffffffffffffffftttt
0102131444tffff	0120334244fffft	0 1 0 3 0 6 2 7 2 8 5 8 10 4 10 5 13 5 0 11 0 15 9 16 9 14 14 14 20 13 17 12 17 13 0 18 17 19 17 20 20 20 ffffffffffffffffftttt
0102131444tffff	0120343342ffftf	0 1 0 3 0 4 2 5 8 6 8 7 2 9 7 9 0 11 16 7 0 14 10 15 10 16 13 16 20 12 20 13 17 13 17 17 20 19 20 17 0 18 ffffffffffffffffftttt
0102131444tffff	0122304344fffft	0 6 0 7 0 3 1 8 1 9 5 9 0 10 2 11 2 12 12 12 13 4 13 5 14 5 0 15 20 14 17 16 17 14 0 18 17 19 17 20 20 20 ffffffffffffffffftttt
0102131444tffff	0122334044fffft	0 6 0 7 1 8 1 9 4 9 0 2 0 11 10 12 10 13 13 13 0 15 5 16 5 14 14 14 20 4 17 3 17 4 0 18 17 19 17 20 20 20 ffffffffffffffffftttt
0102131444tffff	0122343340ffftf	0 10 0 11 1 12 0 2 3 8 3 9 6 9 0 4 1 13 9 13 0 14 7 15 7 16 16 16 20 5 20 6 17 6 17 17 20 19 20 17 0 18 ffffffffffffffffftttt
0102131444tffff	0123223440fftff	0 1 0 3 2 9 5 8 5 9 0 7 0 11 6 12 6 13 9 13 0 14 10 15 10 16 13 16 17 4 17 2 20 2 0 18 17 19 17 20 20 20 ffffffffffffffffftttt
0102131444tffff	0123224034fftff	0 5 0 2 9 3 9 4 6 4 0 7 4 13 1 12 1 13 0 11 0 14 10 15 10 16 13 16 17 8 17 6 20 6 0 18 17 19 17 20 20 20 ffffffffffffffffftttt
0102131444tffff	0123224430fftff	0 1 0 3 9 9 6 8 6 9 0 7 0 11 5 12 5 13 2 13 0 14 10 15 10 16 13 16 17 4 17 2 20 2 0 18 17 19 17 20 20 20 ffffffffffffffffftttt
0102131444tffff	0123304244fffft	0 9 0 10 1 11 1 12 4 12 0 2 8 3 8 4 0 6 0 15 5 16 5 14 13 14 14 4 20 13 17 7 17 13 0 18 17 19 17 20 20 20 ffffffffffffffffftttt
0102131444tffff	0123324044fffft	0 9 0 10 1 11 1 12 4 12 0 6 7 8 0 2 7 13 0 15 5 16 5 14 13 14 14 13 20 4 17 3 17 4 0 18 17 19 17 20 20 20 ffffffffffffffffftttt
0102131444tffff	0123403244fffft	0 6 0 7 1 8 0 2 1 9 5 9 0 13 3 11 3 10 16 10 10 16 12 16 0 14 12 15 17 4 17 5 20 5 0 18 17 19 17 20 20 20 ffffffffffffffffftttt
0102131444tffff	0123423044fffft	0 1 0 4 0 7 3 9 2 8 2 9 0 10 6 11 6 12 9 12 13 5 13 3 16 3 0 14 17 15 17 16 20 16 0 18 17 19 17 20 20 20 ffffffffffffffffftttt
0102131444tffff	1200314344fffft	0 2 0 4 0 5 0 10 1 11 3 8 3 9 9 9 1 12 7 12 13 6 13 7 14 7 0 15 20 14 17 16 17 14 0 18 17 19 17 20 20 20 ffffffffffffffffftttt
0102131444tffff	1200334144fffft	0 10 0 11 5 12 5 13 8 13 0 2 1 3 1 4 4 4 0 6 0 15 9 16 9 14 14 14 20 8 17 7 17 8 0 18 17 19 17 20 20 20 ffffffffffffffffftttt
0102131444tffff	1200343341ffftf	0 1 0 3 0 7 2 8 2 9 5 9 0 11 10 12 10 13 13 13 0 14 6 15 6 16 9 16 20 4 20 5 17 5 17 17 20 19 20 17 0 18 ffffffffffffffffftttt
0102131444tffff	1201304344fffft	0 4 0 2 5 3 5 7 0 6 0 10 1 11 9 7 1 12 7 12 13 8 13 9 14 9 0 15 20 14 17 16 17 14 0 18 17 19 17 20 20 20 ffffffffffffffffftttt
0102131444tffff	1201334044fffft	0 10 0 11 5 12 5 13 8 13 0 6 1 7 1 8 4 8 0 2 0 15 9 16 9 14 14 14 20 4 17 3 17 4 0 18 17 19 17 20 20 20 ffffffffffffffffftttt
0102131444tffff	1201343340ffftf	0 2 0 7 0 4 0 11 3 12 3 13 6 13 10 8 10 9 13 9 0 14 1 15 1 16 9 16 20 5 20 6 17 6 17 17 20 19 20 17 0 18 ffffffffffffffffftttt
0102131444tffff	1203314044fffft	0 6 0 7 0 3 9 8 9 13 12 13 0 10 2 11 2 12 0 15 1 16 1 14 5 14 14 12 20 5 17 4 17 5 0 18 17 19 17 20 20 20 ffffffffffffffffftttt
0102131444tffff	1203403144fffft	0 9 1 8 3 8 0 6 3 7 0 4 10 2 10 1 13 1 0 11 0 14 5 15 5 16 8 16 17 12 17 13 20 13 0 18 17 19 17 20 20 20 ffffffffffffffffftttt
0102131444tffff	1203413044fffft	0 2 0 4 0 7 3 13 6 12 6 13 0 11 10 5 10 3 13 3 0 14 1 15 1 16 9 16 17 8 17 9 20 9 0 18 17 19 17 20 20 20 ffffffffffffffffftttt
0102131444tffff	1211033440ftfff	0 2 0 3 0 6 1 7 1 5 5 13 8 12 8 13 0 11 16 5 0 14 10 15 10 16 13 16 17 4 17 9 20 9 0 18 17 19 17 20 20 20 ffffffffffffffffftttt
0102131444tffff	1211034034ftfff	0 6 0 7 0 3 12 4 12 5 10 5 0 13 1 11 1 10 16 10 5 16 2 16 0 14 2 15 17 8 17 9 20 9 0 18 17 19 17 20 20 20 ffffffffffffffffftttt
0102131444tffff	1211034430ftfff	0 2 0 3 0 6 1 7 1 5 13 13 10 12 10 13 0 11 16 5 0 14 8 15 8 16 5 16 17 4 17 9 20 9 0 18 17 19 17 20 20 20 ffffffffffffffffftttt
0102131444tffff	1211330440ftfff	0 2 0 3 0 7 6 8 6 9 9 9 0 11 1 12 1 13 16 13 0 14 10 15 10 16 13 16 17 4 17 5 20 5 0 18 17 19 17 20 20 20 ffffffffffffffffftttt
0102131444tffff	1211334004ftfff	0 5 0 6 0 3 1 4 1 13 0 11 10 12 10 9 9 9 13 16 0 14 2 15 2 16 16 13 17 7 17 8 20 8 0 18 17 19 17 20 20 20 ffffffffffffffffftttt
0102131444tffff	1211334400ftfff	0 2 0 3 0 8 7 9 7 6 6 6 13 13 0 11 10 12 10 13 0 14 1 15 1 16 16 16 17 4 17 5 20 5 0 18 17 19 17 20 20 20 ffffffffffffffffftttt
0102131444tffff	1211340043ftfff	0 2 0 7 0 4 0 11 3 12 3 13 6 13 10 5 10 6 13 6 0 14 1 15 1 16 16 16 17 8 17 9 20 9 0 18 17 19 17 20 20 20 ffffffffffffffffftttt
0102131444tffff	1211340340ftfff	0 4 0 5 0 3 1 8 0 11 2 12 2 13 9 13 1 9 16 9 0 14 10 15 10 16 13 16 17 6 17 7 20 7 0 18 17 19 17 20 20 20 ffffffffffffffffftttt
0102131444tffff	1211344003ftfff	0 2 0 6 0 4 0 11 1 12 1 9 10 5 10 13 9 13 13 16 0 14 3 15 3 16 16 9 17 7 17 8 20 8 0 18 17 19 17 20 20 20 ffffffffffffffffftttt
0102131444tffff	1211344300ftfff	0 4 0 5 0 8 13 3 0 11 2 12 2 13 3 13 10 9 10 3 0 14 1 15 1 16 16 16 17 6 17 7 20 7 0 18 17 19 17 20 20 20 ffffffffffffffffftttt
0102131444tffff	1230430144fffft	0 1 0 4 0 7 13 9 10 8 10 9 0 11 2 12 2 13 3 13 0 14 6 15 6 16 9 16 17 5 17 3 20 3 0 18 17 19 17 20 20 20 ffffffffffffffffftttt
0102131444tffff	1230443301ffftf	0 5 0 6 4 7 4 8 0 2 0 11 10 12 10 13 13 13 16 8 0 14 1 15 1 16 9 16 20 3 20 9 17 9 17 17 20 19 20 17 0 18 ffffffffffffffffftttt
0102131444tffff	1231430044fffft	0 5 0 2 9 3 9 4 6 4 0 7 13 13 10 12 10 13 0 11 0 14 1 15 1 16 4 16 17 8 17 6 20 6 0 18 17 19 17 20 20 20 ffffffffffffffffftttt
0102131444tffff	1231443300ffftf	0 2 0 5 0 4 0 8 1 9 3 10 3 11 11 11 13 6 13 7 1 12 12 12 16 7 0 14 20 15 20 16 17 16 17 17 20 19 20 17 0 18 ffffffffffffffffftttt
0102132434tffff	0120324344fffft	0 2 0 4 0 3 1 7 8 5 3 9 5 9 10 6 0 10 11 6 13 11 16 12 15 12 0 16 19 14 18 14 17 15 0 18 17 19 18 20 19 20 ffffffffffffffffftttt
0102132434tffff	0120334244fffft	0 1 0 3 0 6 2 7 3 8 4 8 10 4 11 5 12 5 0 11 0 16 9 15 16 14 15 14 19 13 18 13 17 12 0 18 17 19 18 20 19 20 ffffffffffffffffftttt
0102132434tffff	0120343342ffftf	0 2 0 3 0 4 7 5 1 8 4 9 5 9 0 11 14 6 15 6 0 14 10 15 11 16 12 16 20 12 19 13 18 13 18 17 19 17 20 18 0 19 ffffffffffffffffftttt
0102132434tffff	0122304344fffft	0 6 0 3 0 7 2 8 3 9 4 9 0 10 1 11 10 12 11 12 13 4 16 5 15 5 0 16 19 14 18 14 17 15 0 18 17 19 18 20 19 20 ffffffffffffffffftttt
0102132434tffff	0122334044fffft	0 6 0 7 1 8 2 9 3 9 0 2 0 11 10 12 11 13 12 13 0 16 5 15 16 14 15 14 19 4 18 4 17 3 0 18 17 19 18 20 19 20 ffffffffffffffffftttt
0102132434tffff	0122343340ffftf	0 10 0 11 0 7 2 8 3 9 4 9 0 3 1 12 7 13 8 13 0 14 6 15 14 16 15 16 20 4 19 5 18 5 18 17 19 17 20 18 0 19 ffffffffffffffffftttt
0102132434tffff	0123223440fftff	0 1 0 4 3 9 4 9 5 8 0 7 0 11 6 12 7 13 8 13 0 14 10 15 11 16 12 16 17 3 18 2 19 2 0 18 17 19 18 20 19 20 ffffffffffffffffftttt
0102132434tffff	0123224034fftff	0 5 0 2 8 3 9 4 7 4 0 9 3 13 2 13 0 11 1 12 0 14 10 15 11 16 12 16 17 7 18 6 19 6 0 18 17 19 18 20 19 20 ffffffffffffffffftttt
0102132434tffff	0123224430fftff	0 1 0 3 8 9 6 8 7 9 0 7 0 11 5 12 3 13 4 13 0 14 10 15 11 16 12 16 17 4 18 2 19 2 0 18 17 19 18 20 19 20 ffffffffffffffffftttt
0102132434tffff	0123304244fffft	0 8 0 9 1 10 2 11 3 11 0 2 7 3 0 6 0 16 5 15 6 14 12 14 16 4 15 4 19 13 18 13 17 12 0 18 17 19 18 20 19 20 ffffffffffffffffftttt
0102132434tffff	0123324044fffft	0 8 0 9 1 10 2 11 3 11 0 7 0 2 6 12 0 16 5 15 7 14 12 14 16 13 15 13 19 4 18 4 17 3 0 18 17 19 18 20 19 20 ffffffffffffffffftttt
0102132434tffff	0123403244fffft	0 6 0 7 0 3 1 8 3 9 4 9 0 12 2 11 14 10 15 10 11 16 12 16 13 15 0 14 17 4 18 5 19 5 0 18 17 19 18 20 19 20 ffffffffffffffffftttt
0102132434tffff	0123423044fffft	0 1 0 4 3 9 4 9 5 8 0 7 0 10 6 11 7 12 8 12 13 3 14 2 15 2 0 14 17 15 18 16 19 16 0 18 17 19 18 20 19 20 ffffffffffffffffftttt
0102132434tffff	1200314344fffft	0 1 0 4 0 10 0 7 2 8 7 9 8 9 3 11 4 12 5 12 13 5 16 6 15 6 0 16 19 14 18 14 17 15 0 18 17 19 18 20 19 20 ffffffffffffffffftttt
0102132434tffff	1200334144fffft	0 10 0 11 5 12 6 13 7 13 0 2 1 3 2 4 3 4 0 6 0 16 9 15 16 14 15 14 19 8 18 8 17 7 0 18 17 19 18 20 19 20 ffffffffffffffffftttt
0102132434tffff	1200343341ffftf	0 1 0 3 0 7 2 8 3 9 4 9 0 11 10 12 11 13 12 13 0 14 6 15 7 16 8 16 20 4 19 5 18 5 18 17 19 17 20 18 0 19 ffffffffffffffffftttt
0102132434tffff	1201304344fffft	0 6 0 2 3 4 0 10 7 5 8 5 0 7 1 11 2 12 4 12 13 8 16 9 15 9 0 16 19 14 18 14 17 15 0 18 17 19 18 20 19 20 ffffffffffffffffftttt
0102132434tffff	1201334044fffft	0 10 0 11 5 12 6 13 7 13 0 6 1 7 2 8 3 8 0 2 0 16 9 15 16 14 15 14 19 4 18 4 17 3 0 18 17 19 18 20 19 20 ffffffffffffffffftttt
0102132434tffff	1201343340ffftf	0 2 0 7 0 4 0 11 3 12 4 13 5 13 10 8 11 9 12 9 0 14 1 15 7 16 8 16 20 5 19 6 18 6 18 17 19 17 20 18 0 19 ffffffffffffffffftttt
0102132434tffff	1203314044fffft	0 6 0 7 0 3 8 12 9 13 10 13 0 9 2 10 0 16 1 15 3 14 4 14 16 11 15 11 19 5 18 5 17 4 0 18 17 19 18 20 19 20 ffffffffffffffffftttt
0102132434tffff	1203403144fffft	0 9 2 8 3 8 4 7 0 6 0 3 10 2 11 1 12 1 0 11 0 14 5 15 6 16 7 16 17 12 18 13 19 13 0 18 17 19 18 20 19 20 ffffffffffffffffftttt
0102132434tffff	1203413044fffft	0 2 0 5 0 7 4 13 5 13 6 12 0 11 10 4 11 3 12 3 0 14 1 15 7 16 8 16 17 8 18 9 19 9 0 18 17 19 18 20 19 20 ffffffffffffffffftttt
0102132434tffff	1211330440ftfff	0 2 0 3 0 7 6 9 7 8 9 8 0 11 1 12 15 13 14 13 0 14 10 15 11 16 12 16 17 4 18 5 19 5 0 18 17 19 18 20 19 20 ffffffffffffffffftttt
0102132434tffff	1211334004ftfff	0 4 0 5 0 3 1 12 0 10 9 11 10 8 11 8 12 16 0 14 2 15 3 16 14 13 15 13 17 6 18 7 19 7 0 18 17 19 18 20 19 20 ffffffffffffffffftttt
0102132434tffff	1211334400ftfff	0 2 0 3 0 8 7 9 8 6 9 6 12 13 0 11 10 12 11 13 0 14 1 15 14 16 15 16 17 4 18 5 19 5 0 18 17 19 18 20 19 20 ffffffffffffffffftttt
0102132434tffff	1211340043ftfff	0 2 0 7 0 4 0 11 3 13 4 12 5 12 10 5 11 6 13 6 0 14 1 15 15 16 14 16 17 8 18 9 19 9 0 18 17 19 18 20 19 20 ffffffffffffffffftttt
0102132434tffff	1211340340ftfff	0 3 0 4 0 7 0 11 2 12 7 13 9 13 1 9 15 8 14 8 0 14 10 15 11 16 12 16 17 5 18 6 19 6 0 18 17 19 18 20 19 20 ffffffffffffffffftttt
0102132434tffff	1211344003ftfff	0 2 0 5 0 4 0 10 1 11 9 12 10 13 11 13 12 16 0 14 3 15 4 16 14 8 15 8 17 6 18 7 19 7 0 18 17 19 18 20 19 20 ffffffffffffffffftttt
0102132434tffff	1211344300ftfff	0 4 0 5 0 8 12 3 0 11 2 12 8 13 9 13 10 9 11 3 0 14 1 15 14 16 15 16 17 6 18 7 19 7 0 18 17 19 18 20 19 20 ffffffffffffffffftttt
0102132434tffff	1230430144fffft	0 1 0 5 0 7 12 9 11 9 10 8 0 11 2 12 5 13 4 13 0 14 6 15 7 16 8 16 17 4 18 3 19 3 0 18 17 19 18 20 19 20 ffffffffffffffffftttt
0102132434tffff	1230443301ffftf	0 4 0 5 3 6 0 2 0 11 10 12 11 13 12 13 14 7 15 7 0 14 1 15 2 16 8 16 20 8 19 9 18 9 18 17 19 17 20 18 0 19 ffffffffffffffffftttt
0102132434tffff	1231430044fffft	0 5 0 2 9 3 8 4 7 4 0 8 12 13 11 13 10 12 0 11 0 14 1 15 2 16 3 16 17 7 18 6 19 6 0 18 17 19 18 20 19 20 ffffffffffffffffftttt
0102132434tffff	1231443300ffftf	0 3 0 4 0 7 0 8 2 9 8 10 9 10 13 5 1 11 7 12 11 12 14 6 15 6 0 14 20 15 19 16 18 16 18 17 19 17 20 18 0 19 ffffffffffffffffftttt
0102132444tffff	0120324344fffft	0 2 0 4 0 3 1 7 8 5 3 9 6 9 10 6 0 10 12 6 13 11 16 12 14 12 0 16 20 14 18 14 17 15 0 18 17 19 18 20 20 20 ffffffffffffffffftttt
0102132444tffff	0120334244fffft	0 1 0 3 0 6 2 7 3 8 5 8 10 4 11 5 13 5 0 11 0 16 9 15 16 14 14 14 20 13 18 13 17 12 0 18 17 19 18 20 20 20 ffffffffffffffffftttt
0102132444tffff	0120343342ffftf	0 2 0 3 0 4 7 5 1 8 4 9 6 9 0 11 14 6 16 6 0 14 10 15 11 16 13 16 20 12 19 13 17 13 17 17 19 17 20 18 0 19 ffffffffffffffffftttt
0102132444tffff	0122304344fffft	0 6 0 3 0 7 2 8 3 9 5 9 0 10 1 11 10 12 12 12 13 4 16 5 14 5 0 16 20 14 18 14 17 15 0 18 17 19 18 20 20 20 ffffffffffffffffftttt
0102132444tffff	0122334044fffft	0 6 0 7 1 8 2 9 4 9 0 2 0 11 10 12 11 13 13 13 0 16 5 15 16 14 14 14 20 4 18 4 17 3 0 18 17 19 18 20 20 20 ffffffffffffffffftttt
0102132444tffff	0122343340ffftf	0 10 0 11 0 7 2 8 3 9 5 9 0 3 1 12 7 13 9 13 0 14 6 15 14 16 16 16 20 4 19 5 17 5 17 17 19 17 20 18 0 19 ffffffffffffffffftttt
0102132444tffff	0123223440fftff	0 1 0 4 2 9 4 9 5 8 0 7 0 11 6 12 7 13 9 13 0 14 10 15 11 16 13 16 17 3 18 2 20 2 0 18 17 19 18 20 20 20 ffffffffffffffffftttt
0102132444tffff	0123224034fftff	0 5 0 2 8 3 9 4 6 4 0 9 4 13 2 13 0 11 1 12 0 14 10 15 11 16 13 16 17 7 18 6 20 6 0 18 17 19 18 20 20 20 ffffffffffffffffftttt
0102132444tffff	0123224430fftff	0 1 0 3 9 9 6 8 7 9 0 7 0 11 5 12 3 13 2 13 0 14 10 15 11 16 13 16 17 4 18 2 20 2 0 18 17 19 18 20 20 20 ffffffffffffffffftttt
0102132444tffff	0123324044fffft	0 8 0 9 1 10 2 11 4 11 0 7 0 2 6 12 0 16 5 15 7 14 13 14 16 13 14 13 20 4 18 4 17 3 0 18 17 19 18 20 20 20 ffffffffffffffffftttt
0102132444tffff	0123403244fffft	0 6 0 7 0 3 1 8 3 9 5 9 0 12 2 11 14 10 16 10 10 16 12 16 13 15 0 14 17 4 18 5 20 5 0 18 17 19 18 20 20 20 ffffffffffffffffftttt
0102132444tffff	0123423044fffft	0 1 0 4 2 9 4 9 5 8 0 7 0 10 6 11 7 12 9 12 13 3 14 2 16 2 0 14 17 15 18 16 20 16 0 18 17 19 18 20 20 20 ffffffffffffffffftttt
0102132444tffff	1200314344fffft	0 1 0 4 0 10 0 7 2 8 7 9 9 9 3 11 4 12 6 12 13 5 16 6 14 6 0 16 20 14 18 14 17 15 0 18 17 19 18 20 20 20 ffffffffffffffffftttt
0102132444tffff	1200343341ffftf	0 1 0 3 0 7 2 8 3 9 5 9 0 11 10 12 11 13 13 13 0 14 6 15 7 16 9 16 20 4 19 5 17 5 17 17 19 17 20 18 0 19 ffffffffffffffffftttt
0102132444tffff	1201304344fffft	0 6 0 2 3 4 0 10 7 5 9 5 0 7 1 11 2 12 5 12 13 8 16 9 14 9 0 16 20 14 18 14 17 15 0 18 17 19 18 20 20 20 ffffffffffffffffftttt
0102132444tffff	1201334044fffft	0 10 0 11 5 12 6 13 8 13 0 6 1 7 2 8 4 8 0 2 0 16 9 15 16 14 14 14 20 4 18 4 17 3 0 18 17 19 18 20 20 20 ffffffffffffffffftttt
0102132444tffff	1201343340ffftf	0 2 0 7 0 4 0 11 3 12 4 13 6 13 10 8 11 9 13 9 0 14 1 15 7 16 9 16 20 5 19 6 17 6 17 17 19 17 20 18 0 19 ffffffffffffffffftttt
0102132444tffff	1203314044fffft	0 6 0 7 0 3 8 12 9 13 11 13 0 9 2 10 0 16 1 15 3 14 5 14 16 11 14 11 20 5 18 5 17 4 0 18 17 19 18 20 20 20 ffffffffffffffffftttt
0102132444tffff	1203403144fffft	0 9 1 8 3 8 4 7 0 6 0 3 10 2 11 1 13 1 0 11 0 14 5 15 6 16 8 16 17 12 18 13 20 13 0 18 17 19 18 20 20 20 ffffffffffffffffftttt
0102132444tffff	1203413044fffft	0 2 0 5 0 7 3 13 5 13 6 12 0 11 10 4 11 3 13 3 0 14 1 15 7 16 9 16 17 8 18 9 20 9 0 18 17 19 18 20 20 20 ffffffffffffffffftttt
0102132444tffff	1211330440ftfff	0 2 0 3 0 7 6 9 7 8 8 8 0 11 1 12 16 13 14 13 0 14 10 15 11 16 13 16 17 4 18 5 20 5 0 18 17 19 18 20 20 20 ffffffffffffffffftttt
0102132444tffff	1211334004ftfff	0 4 0 5 0 3 1 12 0 10 9 11 10 8 8 8 13 16 0 14 2 15 3 16 14 13 16 13 17 6 18 7 20 7 0 18 17 19 18 20 20 20 ffffffffffffffffftttt
0102132444tffff	1211340043ftfff	0 2 0 7 0 4 0 11 3 13 4 12 6 12 10 5 11 6 12 6 0 14 1 15 16 16 14 16 17 8 18 9 20 9 0 18 17 19 18 20 20 20 ffffffffffffffffftttt
0102132444tffff	1211340340ftfff	0 3 0 4 0 7 0 11 2 12 7 13 8 13 1 9 16 8 14 8 0 14 10 15 11 16 13 16 17 5 18 6 20 6 0 18 17 19 18 20 20 20 ffffffffffffffffftttt
0102132444tffff	1211344003ftfff	0 2 0 5 0 4 0 10 1 11 9 12 10 13 8 13 13 16 0 14 3 15 4 16 14 8 16 8 17 6 18 7 20 7 0 18 17 19 18 20 20 20 ffffffffffffffffftttt
0102132444tffff	1211344300ftfff	0 4 0 5 0 8 13 3 0 11 2 12 8 13 3 13 10 9 11 3 0 14 1 15 14 16 16 16 17 6 18 7 20 7 0 18 17 19 18 20 20 20 ffffffffffffffffftttt
0102132444tffff	1230443301ffftf	0 4 0 5 3 6 0 2 0 11 10 12 11 13 13 13 14 7 16 7 0 14 1 15 2 16 9 16 20 8 19 9 17 9 17 17 19 17 20 18 0 19 ffffffffffffffffftttt
0102132444tffff	1231430044fffft	0 5 0 2 9 3 8 4 6 4 0 8 13 13 11 13 10 12 0 11 0 14 1 15 2 16 4 16 17 7 18 6 20 6 0 18 17 19 18 20 20 20 ffffffffffffffffftttt
0102132444tffff	1231443300ffftf	0 3 0 4 0 7 0 8 2 9 8 10 10 10 13 5 1 11 7 12 12 12 14 6 16 6 0 14 20 15 19 16 17 16 17 17 19 17 20 18 0 19 ffffffffffffffffftttt
