0101tf	0102030444ttttf	0 2 0 1 0 3 0 4 0 1 tfttt
0101tf	0102031444ttttf	0 2 0 1 0 3 0 4 0 1 tfttt
0101tf	0102032444ttttf	0 2 0 1 0 3 0 4 0 1 tfttt
0101tf	0102033444ttttf	0 2 0 1 0 3 0 4 0 1 tfttt
0101tf	0102034444ttttf	0 2 0 1 0 3 0 4 0 1 tfttt
0101tf	0102131444ttttf	0 2 0 1 0 3 0 4 0 1 tfttt
0101tf	0102132444ttttf	0 2 0 1 0 3 0 4 0 1 tfttt
0101tf	0102133444ttttf	0 2 0 1 0 3 0 4 0 1 tfttt
0101tf	0102134444ttttf	0 2 0 1 0 3 0 4 0 1 tfttt
0101tf	0102232444ttttf	0 2 0 1 0 3 0 4 0 1 tfttt
0101tf	0102233444ttttf	0 2 0 1 0 3 0 4 0 1 tfttt
0101tf	0102234444ttttf	0 2 0 1 0 3 0 4 0 1 tfttt
0101tf	0102333444ttttf	0 2 0 1 0 3 0 4 0 1 tfttt
0101tf	0102334444ttttf	0 2 0 1 0 3 0 4 0 1 tfttt
0101tf	0102343333tttft	0 2 0 1 0 3 0 4 0 1 tfttt
0101tf	0112131444ttttf	0 2 0 1 0 3 0 4 0 1 tfttt
0101tf	0112132444ttttf	0 2 0 1 0 3 0 4 0 1 tfttt
0101tf	0112133444ttttf	0 2 0 1 0 3 0 4 0 1 tfttt
0101tf	0112134444ttttf	0 2 0 1 0 3 0 4 0 1 tfttt
0101tf	0112232444ttttf	0 2 0 1 0 3 0 4 0 1 tfttt
0101tf	0112233444ttttf	0 2 0 1 0 3 0 4 0 1 tfttt
0101tf	0112234444ttttf	0 2 0 1 0 3 0 4 0 1 tfttt
0101tf	0112333444ttttf	0 2 0 1 0 3 0 4 0 1 tfttt
0101tf	0112334444ttttf	0 2 0 1 0 3 0 4 0 1 tfttt
0101tf	0112343333tttft	0 2 0 1 0 3 0 4 0 1 tfttt
0101tf	0122232444ttttf	0 2 0 1 0 3 0 4 0 1 tfttt
0101tf	0122233444ttttf	0 2 0 1 0 3 0 4 0 1 tfttt
0101tf	0122234444ttttf	0 2 0 1 0 3 0 4 0 1 tfttt
0101tf	0122333444ttttf	0 2 0 1 0 3 0 4 0 1 tfttt
0101tf	0122334444ttttf	0 2 0 1 0 3 0 4 0 1 tfttt
0101tf	0122343333tttft	0 2 0 1 0 3 0 4 0 1 tfttt
0101tf	0123222422ttftt	0 2 0 1 0 3 0 4 0 1 tfttt
0101tf	0123242244ttttf	0 2 0 1 0 3 0 4 0 1 tfttt
0101tf	0123442244ttttf	0 2 0 1 0 3 0 4 0 1 tfttt
0101tf	0123444244ttttf	0 2 0 1 0 3 0 4 0 1 tfttt
0101tf	1112131444ttttf	0 2 0 1 0 3 0 4 0 1 tfttt
0101tf	1112132444ttttf	0 2 0 1 0 3 0 4 0 1 tfttt
0101tf	1112133444ttttf	0 2 0 1 0 3 0 4 0 1 tfttt
0101tf	1112134444ttttf	0 2 0 1 0 3 0 4 0 1 tfttt
0101tf	1112232444ttttf	0 2 0 1 0 3 0 4 0 1 tfttt
0101tf	1112233444ttttf	0 2 0 1 0 3 0 4 0 1 tfttt
0101tf	1112234444ttttf	0 2 0 1 0 3 0 4 0 1 tfttt
0101tf	1112333444ttttf	0 2 0 1 0 3 0 4 0 1 tfttt
0101tf	1112334444ttttf	0 2 0 1 0 3 0 4 0 1 tfttt
0101tf	1112343333tttft	0 2 0 1 0 3 0 4 0 1 tfttt
0101tf	1122232444ttttf	0 2 0 1 0 3 0 4 0 1 tfttt
0101tf	1122233444ttttf	0 2 0 1 0 3 0 4 0 1 tfttt
0101tf	1122234444ttttf	0 2 0 1 0 3 0 4 0 1 tfttt
0101tf	1122333444ttttf	0 2 0 1 0 3 0 4 0 1 tfttt
0101tf	1122334444ttttf	0 2 0 1 0 3 0 4 0 1 tfttt
0101tf	1122343333tttft	0 2 0 1 0 3 0 4 0 1 tfttt
0101tf	1123222422ttftt	0 2 0 1 0 3 0 4 0 1 tfttt
0101tf	1123242244ttttf	0 2 0 1 0 3 0 4 0 1 tfttt
0101tf	1211131411tfttt	0 2 0 1 0 3 0 4 0 1 tfttt
0101tf	1213111444ttttf	0 2 0 1 0 3 0 4 0 1 tfttt
0101tf	1213113444ttttf	0 2 0 1 0 3 0 4 0 1 tfttt
0101tf	1213114444ttttf	0 2 0 1 0 3 0 4 0 1 tfttt
0101tf	1213143311tttft	0 2 0 1 0 3 0 4 0 1 tfttt
0101tf	1233343331tttft	0 2 0 1 0 3 0 4 0 1 tfttt
0111tf	0102030444ttttf	0 2 1 1 0 3 0 4 0 1 tfttt
0111tf	0102031444ttttf	0 2 1 1 0 3 0 4 2 1 tfttt
0111tf	0102032444ttttf	0 2 1 1 0 3 0 4 3 1 tfttt
0111tf	0102033444ttttf	0 2 1 1 0 3 0 4 4 1 tfttt
0111tf	0102034344ttttf	0 2 1 1 0 3 0 4 1 4 tfttt
0111tf	0102034444ttttf	0 2 1 1 0 3 0 4 1 1 tfttt
0111tf	0102131444ttttf	0 2 1 1 0 3 2 4 2 1 tfttt
0111tf	0102132444ttttf	0 2 1 1 0 3 2 4 3 1 tfttt
0111tf	0102133444ttttf	0 2 1 1 0 3 2 4 4 1 tfttt
0111tf	0102134344ttttf	0 2 1 1 0 3 2 4 1 4 tfttt
0111tf	0102134444ttttf	0 2 1 1 0 3 2 4 1 1 tfttt
0111tf	0102232444ttttf	0 2 1 1 0 3 3 4 3 1 tfttt
0111tf	0102233444ttttf	0 2 1 1 0 3 3 4 4 1 tfttt
0111tf	0102234344ttttf	0 2 1 1 0 3 3 4 1 4 tfttt
0111tf	0102234444ttttf	0 2 1 1 0 3 3 4 1 1 tfttt
0111tf	0102320444ttttf	0 2 1 1 0 3 4 3 0 1 tfttt
0111tf	0102321444ttttf	0 2 1 1 0 3 4 3 2 1 tfttt
0111tf	0102322444ttttf	0 2 1 1 0 3 4 3 3 1 tfttt
0111tf	0102323444ttttf	0 2 1 1 0 3 4 3 4 1 tfttt
0111tf	0102324144ttttf	0 2 1 1 0 3 4 3 1 2 tfttt
0111tf	0102324244ttttf	0 2 1 1 0 3 4 3 1 3 tfttt
0111tf	0102324344ttttf	0 2 1 1 0 3 4 3 1 4 tfttt
0111tf	0102324444ttttf	0 2 1 1 0 3 4 3 1 1 tfttt
0111tf	0102333444ttttf	0 2 1 1 0 3 4 4 4 1 tfttt
0111tf	0102334344ttttf	0 2 1 1 0 3 4 4 1 4 tfttt
0111tf	0102334444ttttf	0 2 1 1 0 3 4 4 1 1 tfttt
0111tf	0102340444ttttf	0 2 1 1 0 3 4 1 0 1 tfttt
0111tf	0102341144ttttf	0 3 1 1 3 3 0 4 2 1 tfttt
0111tf	0102341244ttttf	0 2 1 1 0 4 2 4 3 1 tfttt
0111tf	0102341444ttttf	0 2 1 1 0 3 4 1 2 1 tfttt
0111tf	0102342144ttttf	0 2 1 1 0 4 4 2 3 1 tfttt
0111tf	0102342244ttttf	0 2 1 1 0 4 4 4 3 1 tfttt
0111tf	0102343244ttttf	0 2 1 1 0 4 3 4 3 1 tfttt
0111tf	0102343333tttft	0 2 1 1 0 3 1 4 1 1 tfttt
0111tf	0102344144ttttf	0 2 1 1 0 3 4 1 1 2 tfttt
0111tf	0102344244ttttf	0 2 1 1 0 3 4 1 1 3 tfttt
0111tf	0102344444ttttf	0 2 1 1 0 3 4 1 1 1 tfttt
0111tf	0112131444ttttf	0 2 1 1 2 3 2 4 2 1 tfttt
0111tf	0112132444ttttf	0 2 1 1 2 3 2 4 3 1 tfttt
0111tf	0112133444ttttf	0 2 1 1 2 3 2 4 4 1 tfttt
0111tf	0112134344ttttf	0 2 1 1 2 3 2 4 1 4 tfttt
0111tf	0112134444ttttf	0 2 1 1 2 3 2 4 1 1 tfttt
0111tf	0112232444ttttf	0 2 1 1 2 3 3 4 3 1 tfttt
0111tf	0112233444ttttf	0 2 1 1 2 3 3 4 4 1 tfttt
0111tf	0112234344ttttf	0 2 1 1 2 3 3 4 1 4 tfttt
0111tf	0112234444ttttf	0 2 1 1 2 3 3 4 1 1 tfttt
0111tf	0112321444ttttf	0 2 1 1 2 3 4 3 2 1 tfttt
0111tf	0112322444ttttf	0 2 1 1 2 3 4 3 3 1 tfttt
0111tf	0112323444ttttf	0 2 1 1 2 3 4 3 4 1 tfttt
0111tf	0112324244ttttf	0 2 1 1 2 3 4 3 1 3 tfttt
0111tf	0112324344ttttf	0 2 1 1 2 3 4 3 1 4 tfttt
0111tf	0112324444ttttf	0 2 1 1 2 3 4 3 1 1 tfttt
0111tf	0112333444ttttf	0 2 1 1 2 3 4 4 4 1 tfttt
0111tf	0112334344ttttf	0 2 1 1 2 3 4 4 1 4 tfttt
0111tf	0112334444ttttf	0 2 1 1 2 3 4 4 1 1 tfttt
0111tf	0112341444ttttf	0 2 1 1 2 3 4 1 2 1 tfttt
0111tf	0112342244ttttf	0 2 1 1 2 4 4 4 3 1 tfttt
0111tf	0112343333tttft	0 2 1 1 2 3 1 4 1 1 tfttt
0111tf	0112344244ttttf	0 2 1 1 2 3 4 1 1 3 tfttt
0111tf	0112344444ttttf	0 2 1 1 2 3 4 1 1 1 tfttt
0111tf	0121032444ttttf	0 2 1 1 3 2 0 4 3 1 tfttt
0111tf	0121033444ttttf	0 2 1 1 3 2 0 4 4 1 tfttt
0111tf	0121034144ttttf	0 2 1 1 3 2 0 4 1 2 tfttt
0111tf	0121034344ttttf	0 2 1 1 3 2 0 4 1 4 tfttt
0111tf	0121034444ttttf	0 2 1 1 3 2 0 4 1 1 tfttt
0111tf	0121132444ttttf	0 2 1 1 3 2 2 4 3 1 tfttt
0111tf	0121133444ttttf	0 2 1 1 3 2 2 4 4 1 tfttt
0111tf	0121134144ttttf	0 2 1 1 3 2 2 4 1 2 tfttt
0111tf	0121134344ttttf	0 2 1 1 3 2 2 4 1 4 tfttt
0111tf	0121134444ttttf	0 2 1 1 3 2 2 4 1 1 tfttt
0111tf	0121232444ttttf	0 2 1 1 3 2 3 4 3 1 tfttt
0111tf	0121233444ttttf	0 2 1 1 3 2 3 4 4 1 tfttt
0111tf	0121234144ttttf	0 2 1 1 3 2 3 4 1 2 tfttt
0111tf	0121234244ttttf	0 2 1 1 3 2 3 4 1 3 tfttt
0111tf	0121234344ttttf	0 2 1 1 3 2 3 4 1 4 tfttt
0111tf	0121234444ttttf	0 2 1 1 3 2 3 4 1 1 tfttt
0111tf	0121310444ttttf	0 2 1 1 3 2 4 2 0 1 tfttt
0111tf	0121311444ttttf	0 2 1 1 3 2 4 2 2 1 tfttt
0111tf	0121312444ttttf	0 2 1 1 3 2 4 2 3 1 tfttt
0111tf	0121313444ttttf	0 2 1 1 3 2 4 2 4 1 tfttt
0111tf	0121314144ttttf	0 2 1 1 3 2 4 2 1 2 tfttt
0111tf	0121314244ttttf	0 2 1 1 3 2 4 2 1 3 tfttt
0111tf	0121314344ttttf	0 2 1 1 3 2 4 2 1 4 tfttt
0111tf	0121314444ttttf	0 2 1 1 3 2 4 2 1 1 tfttt
0111tf	0121323444ttttf	0 2 1 1 3 2 4 3 4 1 tfttt
0111tf	0121324244ttttf	0 2 1 1 3 2 4 3 1 3 tfttt
0111tf	0121324344ttttf	0 2 1 1 3 2 4 3 1 4 tfttt
0111tf	0121324444ttttf	0 2 1 1 3 2 4 3 1 1 tfttt
0111tf	0121332444ttttf	0 2 1 1 3 2 4 4 3 1 tfttt
0111tf	0121333444ttttf	0 2 1 1 3 2 4 4 4 1 tfttt
0111tf	0121334144ttttf	0 2 1 1 3 2 4 4 1 2 tfttt
0111tf	0121334344ttttf	0 2 1 1 3 2 4 4 1 4 tfttt
0111tf	0121334444ttttf	0 2 1 1 3 2 4 4 1 1 tfttt
0111tf	0121340444ttttf	0 2 1 1 3 2 4 1 0 1 tfttt
0111tf	0121341144ttttf	0 3 1 1 3 3 4 3 2 1 tfttt
0111tf	0121341444ttttf	0 2 1 1 3 2 4 1 2 1 tfttt
0111tf	0121343322tttft	0 2 1 1 4 2 4 4 1 3 tfttt
0111tf	0121343323tttft	0 2 1 1 3 2 1 4 3 1 tfttt
0111tf	0121343331tttft	0 2 1 1 3 2 1 4 1 2 tfttt
0111tf	0121343333tttft	0 2 1 1 3 2 1 4 1 1 tfttt
0111tf	0121344144ttttf	0 2 1 1 3 2 4 1 1 2 tfttt
0111tf	0121344344ttttf	0 2 1 1 3 2 4 1 1 4 tfttt
0111tf	0121344444ttttf	0 2 1 1 3 2 4 1 1 1 tfttt
0111tf	0122232444ttttf	0 2 1 1 3 3 3 4 3 1 tfttt
0111tf	0122233444ttttf	0 2 1 1 3 3 3 4 4 1 tfttt
0111tf	0122234344ttttf	0 2 1 1 3 3 3 4 1 4 tfttt
0111tf	0122234444ttttf	0 2 1 1 3 3 3 4 1 1 tfttt
0111tf	0122323444ttttf	0 2 1 1 3 3 4 3 4 1 tfttt
0111tf	0122324244ttttf	0 2 1 1 3 3 4 3 1 3 tfttt
0111tf	0122324344ttttf	0 2 1 1 3 3 4 3 1 4 tfttt
0111tf	0122324444ttttf	0 2 1 1 3 3 4 3 1 1 tfttt
0111tf	0122333444ttttf	0 2 1 1 3 3 4 4 4 1 tfttt
0111tf	0122334344ttttf	0 2 1 1 3 3 4 4 1 4 tfttt
0111tf	0122334444ttttf	0 2 1 1 3 3 4 4 1 1 tfttt
0111tf	0122343333tttft	0 2 1 1 3 3 1 4 1 1 tfttt
0111tf	0122344444ttttf	0 2 1 1 3 3 4 1 1 1 tfttt
0111tf	0123031444ttttf	0 2 1 1 3 4 0 4 2 1 tfttt
0111tf	0123032444ttttf	0 2 1 1 3 4 0 4 3 1 tfttt
0111tf	0123033444ttttf	0 2 1 1 3 4 0 4 4 1 tfttt
0111tf	0123034344ttttf	0 2 1 1 3 4 0 4 1 4 tfttt
0111tf	0123034444ttttf	0 2 1 1 3 4 0 4 1 1 tfttt
0111tf	0123042444ttttf	0 2 1 1 3 4 0 1 3 1 tfttt
0111tf	0123043313tttft	0 3 1 1 0 4 2 1 3 1 tfttt
0111tf	0123043333tttft	0 3 1 1 0 4 2 1 1 1 tfttt
0111tf	0123043343tttft	0 3 1 1 0 4 2 1 4 1 tfttt
0111tf	0123043444ttttf	0 2 1 1 3 4 0 1 4 1 tfttt
0111tf	0123044344ttttf	0 2 1 1 3 4 0 1 1 4 tfttt
0111tf	0123044444ttttf	0 2 1 1 3 4 0 1 1 1 tfttt
0111tf	0123112444ttttf	0 3 1 1 3 3 2 4 2 1 tfttt
0111tf	0123113444ttttf	0 3 1 1 3 3 2 4 4 1 tfttt
0111tf	0123114344ttttf	0 3 1 1 3 3 2 4 1 4 tfttt
0111tf	0123114444ttttf	0 3 1 1 3 3 2 4 1 1 tfttt
0111tf	0123142444ttttf	0 2 1 1 3 4 2 1 3 1 tfttt
0111tf	0123143333tttft	0 3 1 1 3 4 2 1 1 1 tfttt
0111tf	0123143343tttft	0 3 1 1 3 4 2 1 4 1 tfttt
0111tf	0123143444ttttf	0 2 1 1 3 4 2 1 4 1 tfttt
0111tf	0123144344ttttf	0 2 1 1 3 4 2 1 1 4 tfttt
0111tf	0123144444ttttf	0 2 1 1 3 4 2 1 1 1 tfttt
0111tf	0123222422ttftt	0 2 1 1 1 3 1 4 1 1 tfttt
0111tf	0123242244ttttf	0 2 1 1 4 3 4 4 4 1 tfttt
0111tf	0123243313tttft	0 3 1 1 2 4 2 1 3 1 tfttt
0111tf	0123243333tttft	0 3 1 1 2 4 2 1 1 1 tfttt
0111tf	0123243343tttft	0 3 1 1 2 4 2 1 4 1 tfttt
0111tf	0123244344ttttf	0 2 1 1 3 4 3 1 1 4 tfttt
0111tf	0123244444ttttf	0 2 1 1 3 4 3 1 1 1 tfttt
0111tf	0123312444ttttf	0 2 1 1 3 4 4 2 3 1 tfttt
0111tf	0123313444ttttf	0 2 1 1 3 4 4 2 4 1 tfttt
0111tf	0123314344ttttf	0 2 1 1 3 4 4 2 1 4 tfttt
0111tf	0123314444ttttf	0 2 1 1 3 4 4 2 1 1 tfttt
0111tf	0123332444ttttf	0 2 1 1 3 4 4 4 3 1 tfttt
0111tf	0123333444ttttf	0 2 1 1 3 4 4 4 4 1 tfttt
0111tf	0123334344ttttf	0 2 1 1 3 4 4 4 1 4 tfttt
0111tf	0123334444ttttf	0 2 1 1 3 4 4 4 1 1 tfttt
0111tf	0123343333tttft	0 2 1 1 3 1 1 4 1 1 tfttt
0111tf	0123344344ttttf	0 2 1 1 3 4 4 1 1 4 tfttt
0111tf	0123344444ttttf	0 2 1 1 3 4 4 1 1 1 tfttt
0111tf	0123412444ttttf	0 2 1 1 3 4 1 2 3 1 tfttt
0111tf	0123413303tttft	0 3 1 1 4 3 2 1 0 1 tfttt
0111tf	0123413311tttft	0 4 1 1 3 4 4 4 2 1 tfttt
0111tf	0123413313tttft	0 3 1 1 4 3 2 1 3 1 tfttt
0111tf	0123413331tttft	0 3 1 1 4 3 2 1 1 3 tfttt
0111tf	0123413333tttft	0 3 1 1 4 3 2 1 1 1 tfttt
0111tf	0123413343tttft	0 3 1 1 4 3 2 1 4 1 tfttt
0111tf	0123414344ttttf	0 2 1 1 3 4 1 2 1 4 tfttt
0111tf	0123414444ttttf	0 2 1 1 3 4 1 2 1 1 tfttt
0111tf	0123422244ttttf	0 2 1 1 4 3 4 4 1 4 tfttt
0111tf	0123432444ttttf	0 2 1 1 3 4 1 4 3 1 tfttt
0111tf	0123433303tttft	0 2 1 1 3 1 4 1 0 1 tfttt
0111tf	0123433311tttft	0 3 1 1 3 3 4 1 2 1 tfttt
0111tf	0123433321tttft	0 3 1 1 4 3 4 1 2 1 tfttt
0111tf	0123433331tttft	0 2 1 1 3 1 4 1 1 2 tfttt
0111tf	0123433333tttft	0 2 1 1 3 1 4 1 1 1 tfttt
0111tf	0123434444ttttf	0 2 1 1 3 4 1 4 1 1 tfttt
0111tf	0123442244ttttf	0 2 1 1 4 3 4 4 1 1 tfttt
0111tf	0123442444ttttf	0 2 1 1 3 4 1 1 3 1 tfttt
0111tf	0123443333tttft	0 3 1 1 4 4 2 1 1 1 tfttt
0111tf	0123443343tttft	0 3 1 1 4 4 2 1 4 1 tfttt
0111tf	0123444244ttttf	0 2 1 1 3 4 1 1 1 3 tfttt
0111tf	0123444344ttttf	0 2 1 1 3 4 1 1 1 4 tfttt
0111tf	1112131444ttttf	0 2 1 1 2 3 2 4 2 1 tfttt
0111tf	1112132444ttttf	0 2 1 1 2 3 2 4 3 1 tfttt
0111tf	1112133444ttttf	0 2 1 1 2 3 2 4 4 1 tfttt
0111tf	1112134344ttttf	0 2 1 1 2 3 2 4 1 4 tfttt
0111tf	1112134444ttttf	0 2 1 1 2 3 2 4 1 1 tfttt
0111tf	1112232444ttttf	0 2 1 1 2 3 3 4 3 1 tfttt
0111tf	1112233444ttttf	0 2 1 1 2 3 3 4 4 1 tfttt
0111tf	1112234344ttttf	0 2 1 1 2 3 3 4 1 4 tfttt
0111tf	1112234444ttttf	0 2 1 1 2 3 3 4 1 1 tfttt
0111tf	1112321444ttttf	0 2 1 1 2 3 4 3 2 1 tfttt
0111tf	1112322444ttttf	0 2 1 1 2 3 4 3 3 1 tfttt
0111tf	1112323444ttttf	0 2 1 1 2 3 4 3 4 1 tfttt
0111tf	1112324244ttttf	0 2 1 1 2 3 4 3 1 3 tfttt
0111tf	1112324344ttttf	0 2 1 1 2 3 4 3 1 4 tfttt
0111tf	1112324444ttttf	0 2 1 1 2 3 4 3 1 1 tfttt
0111tf	1112333444ttttf	0 2 1 1 2 3 4 4 4 1 tfttt
0111tf	1112334344ttttf	0 2 1 1 2 3 4 4 1 4 tfttt
0111tf	1112334444ttttf	0 2 1 1 2 3 4 4 1 1 tfttt
0111tf	1112341444ttttf	0 2 1 1 2 3 4 1 2 1 tfttt
0111tf	1112342244ttttf	0 2 1 1 2 4 4 4 3 1 tfttt
0111tf	1112343333tttft	0 2 1 1 2 3 1 4 1 1 tfttt
0111tf	1112344244ttttf	0 2 1 1 2 3 4 1 1 3 tfttt
0111tf	1112344444ttttf	0 2 1 1 2 3 4 1 1 1 tfttt
0111tf	1122232444ttttf	0 2 1 1 3 3 3 4 3 1 tfttt
0111tf	1122233444ttttf	0 2 1 1 3 3 3 4 4 1 tfttt
0111tf	1122234344ttttf	0 2 1 1 3 3 3 4 1 4 tfttt
0111tf	1122234444ttttf	0 2 1 1 3 3 3 4 1 1 tfttt
0111tf	1122333444ttttf	0 2 1 1 3 3 4 4 4 1 tfttt
0111tf	1122334444ttttf	0 2 1 1 3 3 4 4 1 1 tfttt
0111tf	1122343333tttft	0 2 1 1 3 3 1 4 1 1 tfttt
0111tf	1123222422ttftt	0 2 1 1 1 3 1 4 1 1 tfttt
0111tf	1123242244ttttf	0 2 1 1 4 3 4 4 4 1 tfttt
0111tf	1123244344ttttf	0 2 1 1 3 4 3 1 1 4 tfttt
0111tf	1123244444ttttf	0 2 1 1 3 4 3 1 1 1 tfttt
0111tf	1123333444ttttf	0 2 1 1 3 4 4 4 4 1 tfttt
0111tf	1123334444ttttf	0 2 1 1 3 4 4 4 1 1 tfttt
0111tf	1123344444ttttf	0 2 1 1 3 4 4 1 1 1 tfttt
0111tf	1123432444ttttf	0 2 1 1 3 4 1 4 3 1 tfttt
0111tf	1123434444ttttf	0 2 1 1 3 4 1 4 1 1 tfttt
0111tf	1211131411tfttt	0 2 1 1 1 3 1 4 1 1 tfttt
0111tf	1213111444ttttf	0 2 1 1 3 3 3 4 3 1 tfttt
0111tf	1213113444ttttf	0 2 1 1 3 3 3 4 4 1 tfttt
0111tf	1213114344ttttf	0 2 1 1 3 3 3 4 1 4 tfttt
0111tf	1213114444ttttf	0 2 1 1 3 3 3 4 1 1 tfttt
0111tf	1213142444ttttf	0 3 1 1 2 4 2 1 3 1 tfttt
0111tf	1213143311tttft	0 2 1 1 4 3 4 4 4 1 tfttt
0111tf	1213143333tttft	0 2 1 1 3 4 3 1 1 1 tfttt
0111tf	1213143334tttft	0 2 1 1 3 4 3 1 1 4 tfttt
0111tf	1213143444ttttf	0 3 1 1 2 4 2 1 4 1 tfttt
0111tf	1213144444ttttf	0 3 1 1 2 4 2 1 1 1 tfttt
0111tf	1231143311tttft	0 2 1 1 4 3 4 4 1 4 tfttt
0111tf	1232133444ttttf	0 3 1 1 4 3 2 4 4 1 tfttt
0111tf	1232134444ttttf	0 3 1 1 4 3 2 4 1 1 tfttt
0111tf	1232143313tttft	0 2 1 1 3 4 1 2 3 1 tfttt
0111tf	1232143333tttft	0 2 1 1 3 4 1 2 1 1 tfttt
0111tf	1232143334tttft	0 2 1 1 3 4 1 2 1 4 tfttt
0111tf	1233343331tttft	0 3 1 1 1 1 1 4 1 2 tfttt
1111tf	0102030444ttttf	0 2 1 1 0 3 0 4 0 1 tfttt
1111tf	0102031444ttttf	0 2 1 1 0 3 0 4 2 1 tfttt
1111tf	0102032444ttttf	0 2 1 1 0 3 0 4 3 1 tfttt
1111tf	0102033444ttttf	0 2 1 1 0 3 0 4 4 1 tfttt
1111tf	0102034344ttttf	0 2 1 1 0 3 0 4 1 4 tfttt
1111tf	0102034444ttttf	0 2 1 1 0 3 0 4 1 1 tfttt
1111tf	0102131444ttttf	0 2 1 1 0 3 2 4 2 1 tfttt
1111tf	0102132444ttttf	0 2 1 1 0 3 2 4 3 1 tfttt
1111tf	0102133444ttttf	0 2 1 1 0 3 2 4 4 1 tfttt
1111tf	0102134344ttttf	0 2 1 1 0 3 2 4 1 4 tfttt
1111tf	0102134444ttttf	0 2 1 1 0 3 2 4 1 1 tfttt
1111tf	0102232444ttttf	0 2 1 1 0 3 3 4 3 1 tfttt
1111tf	0102233444ttttf	0 2 1 1 0 3 3 4 4 1 tfttt
1111tf	0102234344ttttf	0 2 1 1 0 3 3 4 1 4 tfttt
1111tf	0102234444ttttf	0 2 1 1 0 3 3 4 1 1 tfttt
1111tf	0102320444ttttf	0 2 1 1 0 3 4 3 0 1 tfttt
1111tf	0102321444ttttf	0 2 1 1 0 3 4 3 2 1 tfttt
1111tf	0102322444ttttf	0 2 1 1 0 3 4 3 3 1 tfttt
1111tf	0102323444ttttf	0 2 1 1 0 3 4 3 4 1 tfttt
1111tf	0102324144ttttf	0 2 1 1 0 3 4 3 1 2 tfttt
1111tf	0102324244ttttf	0 2 1 1 0 3 4 3 1 3 tfttt
1111tf	0102324344ttttf	0 2 1 1 0 3 4 3 1 4 tfttt
1111tf	0102324444ttttf	0 2 1 1 0 3 4 3 1 1 tfttt
1111tf	0102333444ttttf	0 2 1 1 0 3 4 4 4 1 tfttt
1111tf	0102334344ttttf	0 2 1 1 0 3 4 4 1 4 tfttt
1111tf	0102334444ttttf	0 2 1 1 0 3 4 4 1 1 tfttt
1111tf	0102340444ttttf	0 2 1 1 0 3 4 1 0 1 tfttt
1111tf	0102341144ttttf	0 3 1 1 3 3 0 4 2 1 tfttt
1111tf	0102341244ttttf	0 2 1 1 0 4 2 4 3 1 tfttt
1111tf	0102341444ttttf	0 2 1 1 0 3 4 1 2 1 tfttt
1111tf	0102342144ttttf	0 2 1 1 0 4 4 2 3 1 tfttt
1111tf	0102342244ttttf	0 2 1 1 0 4 4 4 3 1 tfttt
1111tf	0102343244ttttf	0 2 1 1 0 4 3 4 3 1 tfttt
1111tf	0102343333tttft	0 2 1 1 0 3 1 4 1 1 tfttt
1111tf	0102344144ttttf	0 2 1 1 0 3 4 1 1 2 tfttt
1111tf	0102344244ttttf	0 2 1 1 0 3 4 1 1 3 tfttt
1111tf	0102344444ttttf	0 2 1 1 0 3 4 1 1 1 tfttt
1111tf	0112131444ttttf	0 2 1 1 2 3 2 4 2 1 tfttt
1111tf	0112132444ttttf	0 2 1 1 2 3 2 4 3 1 tfttt
1111tf	0112133444ttttf	0 2 1 1 2 3 2 4 4 1 tfttt
1111tf	0112134344ttttf	0 2 1 1 2 3 2 4 1 4 tfttt
1111tf	0112134444ttttf	0 2 1 1 2 3 2 4 1 1 tfttt
1111tf	0112232444ttttf	0 2 1 1 2 3 3 4 3 1 tfttt
1111tf	0112233444ttttf	0 2 1 1 2 3 3 4 4 1 tfttt
1111tf	0112234344ttttf	0 2 1 1 2 3 3 4 1 4 tfttt
1111tf	0112234444ttttf	0 2 1 1 2 3 3 4 1 1 tfttt
1111tf	0112321444ttttf	0 2 1 1 2 3 4 3 2 1 tfttt
1111tf	0112322444ttttf	0 2 1 1 2 3 4 3 3 1 tfttt
1111tf	0112323444ttttf	0 2 1 1 2 3 4 3 4 1 tfttt
1111tf	0112324244ttttf	0 2 1 1 2 3 4 3 1 3 tfttt
1111tf	0112324344ttttf	0 2 1 1 2 3 4 3 1 4 tfttt
1111tf	0112324444ttttf	0 2 1 1 2 3 4 3 1 1 tfttt
1111tf	0112333444ttttf	0 2 1 1 2 3 4 4 4 1 tfttt
1111tf	0112334344ttttf	0 2 1 1 2 3 4 4 1 4 tfttt
1111tf	0112334444ttttf	0 2 1 1 2 3 4 4 1 1 tfttt
1111tf	0112341444ttttf	0 2 1 1 2 3 4 1 2 1 tfttt
1111tf	0112342244ttttf	0 2 1 1 2 4 4 4 3 1 tfttt
1111tf	0112343333tttft	0 2 1 1 2 3 1 4 1 1 tfttt
1111tf	0112344244ttttf	0 2 1 1 2 3 4 1 1 3 tfttt
1111tf	0112344444ttttf	0 2 1 1 2 3 4 1 1 1 tfttt
1111tf	0121032444ttttf	0 2 1 1 3 2 0 4 3 1 tfttt
1111tf	0121033444ttttf	0 2 1 1 3 2 0 4 4 1 tfttt
1111tf	0121034144ttttf	0 2 1 1 3 2 0 4 1 2 tfttt
1111tf	0121034344ttttf	0 2 1 1 3 2 0 4 1 4 tfttt
1111tf	0121034444ttttf	0 2 1 1 3 2 0 4 1 1 tfttt
1111tf	0121132444ttttf	0 2 1 1 3 2 2 4 3 1 tfttt
1111tf	0121133444ttttf	0 2 1 1 3 2 2 4 4 1 tfttt
1111tf	0121134144ttttf	0 2 1 1 3 2 2 4 1 2 tfttt
1111tf	0121134344ttttf	0 2 1 1 3 2 2 4 1 4 tfttt
1111tf	0121134444ttttf	0 2 1 1 3 2 2 4 1 1 tfttt
1111tf	0121232444ttttf	0 2 1 1 3 2 3 4 3 1 tfttt
1111tf	0121233444ttttf	0 2 1 1 3 2 3 4 4 1 tfttt
1111tf	0121234144ttttf	0 2 1 1 3 2 3 4 1 2 tfttt
1111tf	0121234244ttttf	0 2 1 1 3 2 3 4 1 3 tfttt
1111tf	0121234344ttttf	0 2 1 1 3 2 3 4 1 4 tfttt
1111tf	0121234444ttttf	0 2 1 1 3 2 3 4 1 1 tfttt
1111tf	0121310444ttttf	0 2 1 1 3 2 4 2 0 1 tfttt
1111tf	0121311444ttttf	0 2 1 1 3 2 4 2 2 1 tfttt
1111tf	0121312444ttttf	0 2 1 1 3 2 4 2 3 1 tfttt
1111tf	0121313444ttttf	0 2 1 1 3 2 4 2 4 1 tfttt
1111tf	0121314144ttttf	0 2 1 1 3 2 4 2 1 2 tfttt
1111tf	0121314244ttttf	0 2 1 1 3 2 4 2 1 3 tfttt
1111tf	0121314344ttttf	0 2 1 1 3 2 4 2 1 4 tfttt
1111tf	0121314444ttttf	0 2 1 1 3 2 4 2 1 1 tfttt
1111tf	0121323444ttttf	0 2 1 1 3 2 4 3 4 1 tfttt
1111tf	0121324244ttttf	0 2 1 1 3 2 4 3 1 3 tfttt
1111tf	0121324344ttttf	0 2 1 1 3 2 4 3 1 4 tfttt
1111tf	0121324444ttttf	0 2 1 1 3 2 4 3 1 1 tfttt
1111tf	0121332444ttttf	0 2 1 1 3 2 4 4 3 1 tfttt
1111tf	0121333444ttttf	0 2 1 1 3 2 4 4 4 1 tfttt
1111tf	0121334144ttttf	0 2 1 1 3 2 4 4 1 2 tfttt
1111tf	0121334344ttttf	0 2 1 1 3 2 4 4 1 4 tfttt
1111tf	0121334444ttttf	0 2 1 1 3 2 4 4 1 1 tfttt
1111tf	0121340444ttttf	0 2 1 1 3 2 4 1 0 1 tfttt
1111tf	0121341144ttttf	0 3 1 1 3 3 4 3 2 1 tfttt
1111tf	0121341444ttttf	0 2 1 1 3 2 4 1 2 1 tfttt
1111tf	0121343322tttft	0 2 1 1 4 2 4 4 1 3 tfttt
1111tf	0121343323tttft	0 2 1 1 3 2 1 4 3 1 tfttt
1111tf	0121343331tttft	0 2 1 1 3 2 1 4 1 2 tfttt
1111tf	0121343333tttft	0 2 1 1 3 2 1 4 1 1 tfttt
1111tf	0121344144ttttf	0 2 1 1 3 2 4 1 1 2 tfttt
1111tf	0121344344ttttf	0 2 1 1 3 2 4 1 1 4 tfttt
1111tf	0121344444ttttf	0 2 1 1 3 2 4 1 1 1 tfttt
1111tf	0122232444ttttf	0 2 1 1 3 3 3 4 3 1 tfttt
1111tf	0122233444ttttf	0 2 1 1 3 3 3 4 4 1 tfttt
1111tf	0122234344ttttf	0 2 1 1 3 3 3 4 1 4 tfttt
1111tf	0122234444ttttf	0 2 1 1 3 3 3 4 1 1 tfttt
1111tf	0122323444ttttf	0 2 1 1 3 3 4 3 4 1 tfttt
1111tf	0122324244ttttf	0 2 1 1 3 3 4 3 1 3 tfttt
1111tf	0122324344ttttf	0 2 1 1 3 3 4 3 1 4 tfttt
1111tf	0122324444ttttf	0 2 1 1 3 3 4 3 1 1 tfttt
1111tf	0122333444ttttf	0 2 1 1 3 3 4 4 4 1 tfttt
1111tf	0122334344ttttf	0 2 1 1 3 3 4 4 1 4 tfttt
1111tf	0122334444ttttf	0 2 1 1 3 3 4 4 1 1 tfttt
1111tf	0122343333tttft	0 2 1 1 3 3 1 4 1 1 tfttt
1111tf	0122344444ttttf	0 2 1 1 3 3 4 1 1 1 tfttt
1111tf	0123031444ttttf	0 2 1 1 3 4 0 4 2 1 tfttt
1111tf	0123032444ttttf	0 2 1 1 3 4 0 4 3 1 tfttt
1111tf	0123033444ttttf	0 2 1 1 3 4 0 4 4 1 tfttt
1111tf	0123034344ttttf	0 2 1 1 3 4 0 4 1 4 tfttt
1111tf	0123034444ttttf	0 2 1 1 3 4 0 4 1 1 tfttt
1111tf	0123042444ttttf	0 2 1 1 3 4 0 1 3 1 tfttt
1111tf	0123043313tttft	0 3 1 1 0 4 2 1 3 1 tfttt
1111tf	0123043333tttft	0 3 1 1 0 4 2 1 1 1 tfttt
1111tf	0123043343tttft	0 3 1 1 0 4 2 1 4 1 tfttt
1111tf	0123043444ttttf	0 2 1 1 3 4 0 1 4 1 tfttt
1111tf	0123044344ttttf	0 2 1 1 3 4 0 1 1 4 tfttt
1111tf	0123044444ttttf	0 2 1 1 3 4 0 1 1 1 tfttt
1111tf	0123112444ttttf	0 3 1 1 3 3 2 4 2 1 tfttt
1111tf	0123113444ttttf	0 3 1 1 3 3 2 4 4 1 tfttt
1111tf	0123114344ttttf	0 3 1 1 3 3 2 4 1 4 tfttt
1111tf	0123114444ttttf	0 3 1 1 3 3 2 4 1 1 tfttt
1111tf	0123142444ttttf	0 2 1 1 3 4 2 1 3 1 tfttt
1111tf	0123143333tttft	0 3 1 1 3 4 2 1 1 1 tfttt
1111tf	0123143343tttft	0 3 1 1 3 4 2 1 4 1 tfttt
1111tf	0123143444ttttf	0 2 1 1 3 4 2 1 4 1 tfttt
1111tf	0123144344ttttf	0 2 1 1 3 4 2 1 1 4 tfttt
1111tf	0123144444ttttf	0 2 1 1 3 4 2 1 1 1 tfttt
1111tf	0123222422ttftt	0 2 1 1 1 3 1 4 1 1 tfttt
1111tf	0123242244ttttf	0 2 1 1 4 3 4 4 4 1 tfttt
1111tf	0123243313tttft	0 3 1 1 2 4 2 1 3 1 tfttt
1111tf	0123243333tttft	0 3 1 1 2 4 2 1 1 1 tfttt
1111tf	0123243343tttft	0 3 1 1 2 4 2 1 4 1 tfttt
1111tf	0123244344ttttf	0 2 1 1 3 4 3 1 1 4 tfttt
1111tf	0123244444ttttf	0 2 1 1 3 4 3 1 1 1 tfttt
1111tf	0123312444ttttf	0 2 1 1 3 4 4 2 3 1 tfttt
1111tf	0123313444ttttf	0 2 1 1 3 4 4 2 4 1 tfttt
1111tf	0123314344ttttf	0 2 1 1 3 4 4 2 1 4 tfttt
1111tf	0123314444ttttf	0 2 1 1 3 4 4 2 1 1 tfttt
1111tf	0123332444ttttf	0 2 1 1 3 4 4 4 3 1 tfttt
1111tf	0123333444ttttf	0 2 1 1 3 4 4 4 4 1 tfttt
1111tf	0123334344ttttf	0 2 1 1 3 4 4 4 1 4 tfttt
1111tf	0123334444ttttf	0 2 1 1 3 4 4 4 1 1 tfttt
1111tf	0123343333tttft	0 2 1 1 3 1 1 4 1 1 tfttt
1111tf	0123344344ttttf	0 2 1 1 3 4 4 1 1 4 tfttt
1111tf	0123344444ttttf	0 2 1 1 3 4 4 1 1 1 tfttt
1111tf	0123412444ttttf	0 2 1 1 3 4 1 2 3 1 tfttt
1111tf	0123413303tttft	0 3 1 1 4 3 2 1 0 1 tfttt
1111tf	0123413311tttft	0 4 1 1 3 4 4 4 2 1 tfttt
1111tf	0123413313tttft	0 3 1 1 4 3 2 1 3 1 tfttt
1111tf	0123413331tttft	0 3 1 1 4 3 2 1 1 3 tfttt
1111tf	0123413333tttft	0 3 1 1 4 3 2 1 1 1 tfttt
1111tf	0123413343tttft	0 3 1 1 4 3 2 1 4 1 tfttt
1111tf	0123414344ttttf	0 2 1 1 3 4 1 2 1 4 tfttt
1111tf	0123414444ttttf	0 2 1 1 3 4 1 2 1 1 tfttt
1111tf	0123422244ttttf	0 2 1 1 4 3 4 4 1 4 tfttt
1111tf	0123432444ttttf	0 2 1 1 3 4 1 4 3 1 tfttt
1111tf	0123433303tttft	0 2 1 1 3 1 4 1 0 1 tfttt
1111tf	0123433311tttft	0 3 1 1 3 3 4 1 2 1 tfttt
1111tf	0123433321tttft	0 3 1 1 4 3 4 1 2 1 tfttt
1111tf	0123433331tttft	0 2 1 1 3 1 4 1 1 2 tfttt
1111tf	0123433333tttft	0 2 1 1 3 1 4 1 1 1 tfttt
1111tf	0123434444ttttf	0 2 1 1 3 4 1 4 1 1 tfttt
1111tf	0123442244ttttf	0 2 1 1 4 3 4 4 1 1 tfttt
1111tf	0123442444ttttf	0 2 1 1 3 4 1 1 3 1 tfttt
1111tf	0123443333tttft	0 3 1 1 4 4 2 1 1 1 tfttt
1111tf	0123443343tttft	0 3 1 1 4 4 2 1 4 1 tfttt
1111tf	0123444244ttttf	0 2 1 1 3 4 1 1 1 3 tfttt
1111tf	0123444344ttttf	0 2 1 1 3 4 1 1 1 4 tfttt
1111tf	1112131444ttttf	2 2 1 1 2 3 2 4 2 1 tfttt
1111tf	1112132444ttttf	2 2 1 1 2 3 2 4 3 1 tfttt
1111tf	1112133444ttttf	2 2 1 1 2 3 2 4 4 1 tfttt
1111tf	1112134344ttttf	2 2 1 1 2 3 2 4 1 4 tfttt
1111tf	1112134444ttttf	2 2 1 1 2 3 2 4 1 1 tfttt
1111tf	1112232444ttttf	2 2 1 1 2 3 3 4 3 1 tfttt
1111tf	1112233444ttttf	2 2 1 1 2 3 3 4 4 1 tfttt
1111tf	1112234344ttttf	2 2 1 1 2 3 3 4 1 4 tfttt
1111tf	1112234444ttttf	2 2 1 1 2 3 3 4 1 1 tfttt
1111tf	1112321444ttttf	2 2 1 1 2 3 4 3 2 1 tfttt
1111tf	1112322444ttttf	2 2 1 1 2 3 4 3 3 1 tfttt
1111tf	1112323444ttttf	2 2 1 1 2 3 4 3 4 1 tfttt
1111tf	1112324244ttttf	2 2 1 1 2 3 4 3 1 3 tfttt
1111tf	1112324344ttttf	2 2 1 1 2 3 4 3 1 4 tfttt
1111tf	1112324444ttttf	2 2 1 1 2 3 4 3 1 1 tfttt
1111tf	1112333444ttttf	2 2 1 1 2 3 4 4 4 1 tfttt
1111tf	1112334344ttttf	2 2 1 1 2 3 4 4 1 4 tfttt
1111tf	1112334444ttttf	2 2 1 1 2 3 4 4 1 1 tfttt
1111tf	1112341444ttttf	2 2 1 1 2 3 4 1 2 1 tfttt
1111tf	1112342244ttttf	2 2 1 1 2 4 4 4 3 1 tfttt
1111tf	1112343333tttft	2 2 1 1 2 3 1 4 1 1 tfttt
1111tf	1112344244ttttf	2 2 1 1 2 3 4 1 1 3 tfttt
1111tf	1112344444ttttf	2 2 1 1 2 3 4 1 1 1 tfttt
1111tf	1122232444ttttf	2 2 1 1 3 3 3 4 3 1 tfttt
1111tf	1122233444ttttf	2 2 1 1 3 3 3 4 4 1 tfttt
1111tf	1122234344ttttf	2 2 1 1 3 3 3 4 1 4 tfttt
1111tf	1122234444ttttf	2 2 1 1 3 3 3 4 1 1 tfttt
1111tf	1122333444ttttf	2 2 1 1 3 3 4 4 4 1 tfttt
1111tf	1122334444ttttf	2 2 1 1 3 3 4 4 1 1 tfttt
1111tf	1122343333tttft	2 2 1 1 3 3 1 4 1 1 tfttt
1111tf	1123222422ttftt	2 2 1 1 1 3 1 4 1 1 tfttt
1111tf	1123242244ttttf	2 2 1 1 4 3 4 4 4 1 tfttt
1111tf	1123244344ttttf	2 2 1 1 3 4 3 1 1 4 tfttt
1111tf	1123244444ttttf	2 2 1 1 3 4 3 1 1 1 tfttt
1111tf	1123333444ttttf	2 2 1 1 3 4 4 4 4 1 tfttt
1111tf	1123334444ttttf	2 2 1 1 3 4 4 4 1 1 tfttt
1111tf	1123344444ttttf	2 2 1 1 3 4 4 1 1 1 tfttt
1111tf	1123432444ttttf	2 2 1 1 3 4 1 4 3 1 tfttt
1111tf	1123434444ttttf	2 2 1 1 3 4 1 4 1 1 tfttt
1111tf	1211131411tfttt	1 2 1 1 1 3 1 4 1 1 tfttt
1111tf	1213111444ttttf	3 2 1 1 3 3 3 4 3 1 tfttt
1111tf	1213113444ttttf	3 2 1 1 3 3 3 4 4 1 tfttt
1111tf	1213114344ttttf	3 2 1 1 3 3 3 4 1 4 tfttt
1111tf	1213114444ttttf	3 2 1 1 3 3 3 4 1 1 tfttt
1111tf	1213142444ttttf	2 3 1 1 2 4 2 1 3 1 tfttt
1111tf	1213143311tttft	4 2 1 1 4 3 4 4 4 1 tfttt
1111tf	1213143333tttft	3 2 1 1 3 4 3 1 1 1 tfttt
1111tf	1213143334tttft	3 2 1 1 3 4 3 1 1 4 tfttt
1111tf	1213143444ttttf	2 3 1 1 2 4 2 1 4 1 tfttt
1111tf	1213144444ttttf	2 3 1 1 2 4 2 1 1 1 tfttt
1111tf	1213244444ttttf	2 3 1 1 2 4 3 1 1 1 tfttt
1111tf	1213323444ttttf	2 3 1 1 2 4 4 3 4 1 tfttt
1111tf	1213324444ttttf	2 3 1 1 2 4 4 3 1 1 tfttt
1111tf	1213333444ttttf	2 3 1 1 2 4 4 4 4 1 tfttt
1111tf	1213334344ttttf	2 3 1 1 2 4 4 4 1 4 tfttt
1111tf	1213334444ttttf	2 3 1 1 2 4 4 4 1 1 tfttt
1111tf	1213343333tttft	2 3 1 1 2 1 1 4 1 1 tfttt
1111tf	1213344444ttttf	2 3 1 1 2 4 4 1 1 1 tfttt
1111tf	1213423333tttft	3 2 1 1 4 2 3 1 1 1 tfttt
1111tf	1213433333tttft	2 3 1 1 2 1 4 1 1 1 tfttt
1111tf	1213434444ttttf	2 3 1 1 2 4 1 4 1 1 tfttt
1111tf	1213443333tttft	3 2 1 1 4 4 3 1 1 1 tfttt
1111tf	1222232444ttttf	2 3 1 1 3 3 3 4 3 1 tfttt
1111tf	1222233444ttttf	2 3 1 1 3 3 3 4 4 1 tfttt
1111tf	1222234344ttttf	2 3 1 1 3 3 3 4 1 4 tfttt
1111tf	1222234444ttttf	2 3 1 1 3 3 3 4 1 1 tfttt
1111tf	1222333444ttttf	2 3 1 1 3 3 4 4 4 1 tfttt
1111tf	1222334344ttttf	2 3 1 1 3 3 4 4 1 4 tfttt
1111tf	1222334444ttttf	2 3 1 1 3 3 4 4 1 1 tfttt
1111tf	1222343333tttft	2 3 1 1 3 3 1 4 1 1 tfttt
1111tf	1222344444ttttf	2 3 1 1 3 3 4 1 1 1 tfttt
1111tf	1223244444ttttf	2 3 1 1 3 4 3 1 1 1 tfttt
1111tf	1223333444ttttf	2 3 1 1 3 4 4 4 4 1 tfttt
1111tf	1223334344ttttf	2 3 1 1 3 4 4 4 1 4 tfttt
1111tf	1223334444ttttf	2 3 1 1 3 4 4 4 1 1 tfttt
1111tf	1223344444ttttf	2 3 1 1 3 4 4 1 1 1 tfttt
1111tf	1223433333tttft	2 3 1 1 3 1 4 1 1 1 tfttt
1111tf	1223434444ttttf	2 3 1 1 3 4 1 4 1 1 tfttt
1111tf	1231143311tttft	4 2 1 1 4 3 4 4 1 4 tfttt
1111tf	1232133444ttttf	2 3 1 1 4 3 2 4 4 1 tfttt
1111tf	1232134444ttttf	2 3 1 1 4 3 2 4 1 1 tfttt
1111tf	1232143313tttft	3 2 1 1 3 4 1 2 3 1 tfttt
1111tf	1232143333tttft	3 2 1 1 3 4 1 2 1 1 tfttt
1111tf	1232143334tttft	3 2 1 1 3 4 1 2 1 4 tfttt
1111tf	1232333444ttttf	2 3 1 1 4 3 4 4 4 1 tfttt
1111tf	1232334344ttttf	2 3 1 1 4 3 4 4 1 4 tfttt
1111tf	1232334444ttttf	2 3 1 1 4 3 4 4 1 1 tfttt
1111tf	1232343333tttft	2 3 1 1 1 3 1 4 1 1 tfttt
1111tf	1232344244ttttf	2 3 1 1 4 3 4 1 1 3 tfttt
1111tf	1232344444ttttf	2 3 1 1 4 3 4 1 1 1 tfttt
1111tf	1232433333tttft	2 3 1 1 1 3 4 1 1 1 tfttt
1111tf	1232434444ttttf	2 3 1 1 4 3 1 4 1 1 tfttt
1111tf	1232442244ttttf	2 4 1 1 3 4 4 4 1 1 tfttt
1111tf	1232442444ttttf	2 3 1 1 4 3 1 1 3 1 tfttt
1111tf	1232443333tttft	3 2 1 1 4 4 1 2 1 1 tfttt
1111tf	1232443334tttft	3 2 1 1 4 4 1 2 1 4 tfttt
1111tf	1232443444ttttf	2 3 1 1 4 3 1 1 4 1 tfttt
1111tf	1232444244ttttf	2 3 1 1 4 3 1 1 1 3 tfttt
1111tf	1233343331tttft	2 3 1 1 1 1 1 4 1 2 tfttt
1111tf	1233344444ttttf	2 3 1 1 4 4 4 1 1 1 tfttt
1111tf	1233434444ttttf	2 3 1 1 4 4 1 4 1 1 tfttt
1111tf	1234433333tttft	2 3 1 1 1 4 4 1 1 1 tfttt
1111tf	1234434444ttttf	2 3 1 1 4 1 1 4 1 1 tfttt
