1211312424ffftf	1223314444ffftf	3 1 1 1 2 3 1 4 7 9 8 4 8 11 10 13 11 6 11 4 12 5 1 1 2 3 1 4 fffffffffffttt
1211312424ffftf	1223344144ffftf	3 1 1 1 2 3 1 4 7 9 8 4 8 11 10 12 11 1 11 4 13 3 1 6 1 4 2 5 fffffffffffttt
1211312424ffftf	1223413334fffft	3 1 1 1 2 3 1 4 6 9 8 1 10 3 8 4 11 5 11 4 12 7 1 11 2 13 1 4 fffffffffffttt
1211312424ffftf	1223443331fffft	3 1 1 1 2 3 1 4 6 10 8 1 9 3 8 4 11 11 12 13 11 4 1 5 2 7 1 4 fffffffffffttt
1211312424ffftf	1233442144fftff	3 1 1 1 2 3 1 7 8 8 9 10 8 7 5 13 11 4 12 6 11 7 1 1 2 3 1 7 fffffffffffttt
1211312424ffftf	1234432144fftff	3 1 1 1 2 3 1 7 8 1 9 3 8 7 5 13 11 4 12 6 11 7 1 8 2 10 1 7 fffffffffffttt
1211342121ffftf	1211233441fffft	3 1 1 1 1 3 2 4 1 5 6 4 7 8 7 9 10 4 9 12 9 13 12 3 12 1 11 4 fffffffffffttt
1211342121ffftf	1211234134fffft	3 1 1 1 1 3 2 4 1 5 7 4 6 8 6 10 12 1 12 3 11 4 8 13 8 12 9 4 fffffffffffttt
1211342121ffftf	1211234134ffftf	3 1 1 1 1 3 2 4 1 5 7 4 6 11 6 13 11 10 11 9 12 4 9 1 9 3 8 4 fffffffffffttt
1211342121ffftf	1211312443fffft	3 1 1 1 1 3 2 4 1 8 7 4 9 1 9 3 10 4 6 13 6 12 13 5 11 4 13 9 fffffffffffttt
1211342121ffftf	1211312443ffftf	3 1 1 1 1 3 2 4 1 8 9 4 11 1 11 3 13 4 10 12 10 11 6 10 7 4 6 5 fffffffffffttt
1211342121ffftf	1211312443fftff	5 1 1 1 1 5 4 10 4 8 2 7 3 7 1 13 11 4 11 6 12 7 8 1 8 5 9 7 fffffffffffttt
1211342121ffftf	1211314324fffft	3 1 1 1 1 3 2 4 1 7 8 1 8 3 9 4 12 8 12 10 11 4 5 13 5 12 6 4 fffffffffffttt
1211342121ffftf	1211314324ffftf	3 1 1 1 1 3 2 7 8 6 8 5 9 7 1 10 11 1 11 3 12 7 5 11 5 13 4 7 fffffffffffttt
1211342121ffftf	1211314324fftff	3 1 1 1 1 3 2 7 9 4 9 6 8 7 1 13 11 10 11 9 12 7 4 1 4 3 5 7 fffffffffffttt
1211342121ffftf	1211334421fffft	3 1 1 1 1 3 2 4 1 6 8 8 9 4 8 10 12 12 12 13 11 4 5 3 5 1 7 4 fffffffffffttt
1211342121ffftf	1211334421ffftf	3 1 1 1 1 3 2 7 8 3 8 1 9 7 1 10 11 11 11 13 12 7 5 5 5 6 4 7 fffffffffffttt
1211342121ffftf	1211334421fftff	3 1 1 1 1 3 2 7 9 9 9 10 8 7 1 13 11 3 11 1 12 7 4 4 4 6 5 7 fffffffffffttt
1211342121ffftf	1211342341fffft	3 1 1 1 1 3 2 4 1 5 7 4 9 6 9 8 10 4 6 12 6 13 12 3 12 1 11 4 fffffffffffttt
1223344144fftff	1211314123fffft	4 1 2 4 1 3 3 3 3 6 10 4 8 3 9 3 12 4 13 3 11 3 6 4 5 9 7 9 fffffffffffttt
1223344144fftff	1211314123ffftf	4 1 2 4 1 3 3 3 3 7 7 4 13 4 11 3 12 3 6 12 8 12 9 4 10 3 5 3 fffffffffffttt
1223344144fftff	1211314123fftff	7 1 2 7 1 3 3 3 9 7 8 3 10 3 3 12 12 7 11 6 13 6 5 7 4 3 6 3 fffffffffffttt
1223344144fftff	1211314124fffft	4 1 2 4 1 3 3 3 3 6 10 4 8 3 9 3 12 4 13 3 11 3 6 4 5 13 7 13 fffffffffffttt
1223344144fftff	1211314124ffftf	4 1 2 4 1 3 3 3 3 9 9 4 8 7 10 7 12 4 11 3 13 3 6 4 5 3 7 3 fffffffffffttt
1223344144fftff	1211314124fftff	7 1 2 7 1 3 3 3 9 7 8 3 10 3 3 12 12 7 11 10 13 10 5 7 4 3 6 3 fffffffffffttt
1223344144fftff	1211314321fffft	4 1 2 4 1 3 3 3 3 7 9 4 10 3 8 3 12 4 11 10 13 10 7 4 5 3 6 3 fffffffffffttt
1223344144fftff	1211314321ffftf	4 1 2 4 1 3 3 3 3 10 10 4 8 3 9 3 12 4 13 3 11 3 6 4 5 13 7 13 fffffffffffttt
1223344144fftff	1211314321fftff	7 1 2 7 1 3 3 3 9 7 8 6 10 6 3 12 12 7 11 3 13 3 5 7 4 3 6 3 fffffffffffttt
1223344144fftff	1211314324fffft	4 1 2 4 1 3 3 3 3 6 9 4 8 3 10 3 12 4 11 10 13 10 6 4 5 13 7 13 fffffffffffttt
1223344144fftff	1211314324ffftf	4 1 2 4 1 3 3 3 3 10 10 4 8 7 9 7 12 4 13 3 11 3 6 4 5 13 7 13 fffffffffffttt
1223344144fftff	1211314324fftff	7 1 2 7 1 3 3 3 9 7 8 6 10 6 3 12 12 7 11 10 13 10 5 7 4 3 6 3 fffffffffffttt
1223344144fftff	1211314421fffft	4 1 2 4 1 3 3 3 3 7 9 4 10 3 8 3 12 4 11 13 13 13 7 4 5 3 6 3 fffffffffffttt
1223344144fftff	1211314421ffftf	4 1 2 4 1 3 3 3 3 9 9 4 8 3 10 3 12 4 11 3 13 3 6 4 5 7 7 7 fffffffffffttt
1223344144fftff	1211314421fftff	7 1 2 7 1 3 3 3 9 7 8 10 10 10 3 12 12 7 11 3 13 3 5 7 4 3 6 3 fffffffffffttt
1223344144fftff	1211314423fffft	4 1 2 4 1 3 3 3 3 7 9 4 10 3 8 3 12 4 11 13 13 13 7 4 5 10 6 10 fffffffffffttt
1223344144fftff	1211314423ffftf	4 1 2 4 1 3 3 3 3 7 7 4 12 4 11 3 13 3 6 13 8 13 9 4 5 10 10 10 fffffffffffttt
1223344144fftff	1211314423fftff	7 1 2 7 1 3 3 3 9 7 8 10 10 10 3 12 12 7 11 6 13 6 5 7 4 3 6 3 fffffffffffttt
1223344144fftff	1211334121fffft	4 1 2 4 1 3 3 3 3 6 9 4 8 10 10 10 13 4 11 3 12 3 6 4 7 3 5 3 fffffffffffttt
1223344144fftff	1211334121ffftf	4 1 2 4 1 3 3 3 3 9 9 4 10 3 8 3 12 4 11 13 13 13 7 4 5 3 6 3 fffffffffffttt
1223344144fftff	1211334121fftff	7 1 2 7 1 3 3 3 9 7 8 3 10 3 3 12 12 7 11 3 13 3 5 7 4 6 6 6 fffffffffffttt
1223344144fftff	1211334124fffft	4 1 2 4 1 3 3 3 3 6 10 4 8 9 9 9 12 4 13 3 11 3 6 4 5 13 7 13 fffffffffffttt
1223344144fftff	1211334124ffftf	4 1 2 4 1 3 3 3 3 9 9 4 10 6 8 6 12 4 11 13 13 13 7 4 5 3 6 3 fffffffffffttt
1223344144fftff	1211334124fftff	7 1 2 7 1 3 3 3 9 7 8 3 10 3 3 12 12 7 11 10 13 10 5 7 4 6 6 6 fffffffffffttt
1223344144fftff	1211334421fffft	4 1 2 4 1 3 3 3 3 6 9 4 8 10 10 10 12 4 11 13 13 13 6 4 5 3 7 3 fffffffffffttt
1223344144fftff	1211334421ffftf	4 1 2 4 1 3 3 3 3 9 9 4 10 3 8 3 12 4 11 13 13 13 7 4 5 6 6 6 fffffffffffttt
1223344144fftff	1211334421fftff	7 1 2 7 1 3 3 3 9 7 8 10 10 10 3 12 12 7 11 3 13 3 5 7 4 6 6 6 fffffffffffttt
1223344144fftff	1211344121fffft	4 1 2 4 1 3 3 3 3 6 9 4 8 12 10 12 13 4 11 3 12 3 6 4 7 3 5 3 fffffffffffttt
1223344144fftff	1211344121ffftf	4 1 2 4 1 3 3 3 3 9 9 4 8 3 10 3 12 4 11 7 13 7 6 4 5 3 7 3 fffffffffffttt
1223344144fftff	1211344121fftff	7 1 2 7 1 3 3 3 9 7 8 3 10 3 3 12 12 7 11 3 13 3 5 7 4 10 6 10 fffffffffffttt
1223344144fftff	1211344123fffft	4 1 2 4 1 3 3 3 3 6 9 4 8 13 10 13 12 4 11 3 13 3 6 4 5 10 7 10 fffffffffffttt
1223344144fftff	1211344123ffftf	4 1 2 4 1 3 3 3 3 7 7 4 13 4 11 10 12 10 6 12 8 12 9 4 10 3 5 3 fffffffffffttt
1223344144fftff	1211344123fftff	7 1 2 7 1 3 3 3 9 7 8 3 10 3 3 12 12 7 11 6 13 6 5 7 4 10 6 10 fffffffffffttt
1223344144fftff	1211344321fffft	4 1 2 4 1 3 3 3 3 6 9 4 8 12 10 12 13 4 11 10 12 10 6 4 7 3 5 3 fffffffffffttt
1223344144fftff	1211344321ffftf	4 1 2 4 1 3 3 3 3 10 10 4 8 3 9 3 12 4 13 7 11 7 6 4 5 13 7 13 fffffffffffttt
1223344144fftff	1211344321fftff	7 1 2 7 1 3 3 3 9 7 8 6 10 6 3 12 12 7 11 3 13 3 5 7 4 10 6 10 fffffffffffttt
1234433321fftff	1211314123fffft	4 1 3 2 2 2 1 4 2 7 10 2 9 2 8 4 13 2 12 2 11 4 7 9 6 9 5 4 fffffffffffttt
1234433321fftff	1211314123ffftf	4 1 3 2 2 2 1 4 2 8 6 4 13 2 12 2 11 4 8 12 7 12 5 2 10 2 9 4 fffffffffffttt
1234433321fftff	1211314123fftff	7 1 3 2 2 2 1 7 10 2 9 2 8 7 2 13 13 5 12 5 11 7 6 2 5 2 4 7 fffffffffffttt
1234433321fftff	1211314124fffft	4 1 3 2 2 2 1 4 2 7 10 2 9 2 8 4 13 2 12 2 11 4 7 12 6 12 5 4 fffffffffffttt
1234433321fftff	1211314124ffftf	4 1 3 2 2 2 1 4 2 10 10 6 9 6 8 4 13 2 12 2 11 4 7 2 6 2 5 4 fffffffffffttt
1234433321fftff	1211314124fftff	7 1 3 2 2 2 1 7 10 2 9 2 8 7 2 13 13 9 12 9 11 7 6 2 5 2 4 7 fffffffffffttt
1234433321fftff	1211314321fffft	4 1 3 2 2 2 1 4 2 7 10 2 9 2 8 4 13 9 12 9 11 4 7 2 6 2 5 4 fffffffffffttt
1234433321fftff	1211314321ffftf	4 1 3 2 2 2 1 4 2 10 10 2 9 2 8 4 13 2 12 2 11 4 7 12 6 12 5 4 fffffffffffttt
1234433321fftff	1211314321fftff	7 1 3 2 2 2 1 7 10 5 9 5 8 7 2 13 13 2 12 2 11 7 6 2 5 2 4 7 fffffffffffttt
1234433321fftff	1211314324fffft	4 1 3 2 2 2 1 4 2 7 10 2 9 2 8 4 13 9 12 9 11 4 7 12 6 12 5 4 fffffffffffttt
1234433321fftff	1211314324ffftf	4 1 3 2 2 2 1 4 2 10 10 6 9 6 8 4 13 2 12 2 11 4 7 12 6 12 5 4 fffffffffffttt
1234433321fftff	1211314324fftff	7 1 3 2 2 2 1 7 10 5 9 5 8 7 2 13 13 9 12 9 11 7 6 2 5 2 4 7 fffffffffffttt
1234433321fftff	1211314421fffft	4 1 3 2 2 2 1 4 2 7 10 2 9 2 8 4 13 12 12 12 11 4 7 2 6 2 5 4 fffffffffffttt
1234433321fftff	1211314421ffftf	4 1 3 2 2 2 1 4 2 10 10 2 9 2 8 4 13 2 12 2 11 4 7 6 6 6 5 4 fffffffffffttt
1234433321fftff	1211314421fftff	7 1 3 2 2 2 1 7 10 9 9 9 8 7 2 13 13 2 12 2 11 7 6 2 5 2 4 7 fffffffffffttt
1234433321fftff	1211314423fffft	4 1 3 2 2 2 1 4 2 7 10 2 9 2 8 4 13 12 12 12 11 4 7 9 6 9 5 4 fffffffffffttt
1234433321fftff	1211314423ffftf	4 1 3 2 2 2 1 4 2 8 6 4 13 2 12 2 11 4 8 12 7 12 5 10 10 10 9 4 fffffffffffttt
1234433321fftff	1211314423fftff	7 1 3 2 2 2 1 7 10 9 9 9 8 7 2 13 13 5 12 5 11 7 6 2 5 2 4 7 fffffffffffttt
1234433321fftff	1211334121fffft	4 1 3 2 2 2 1 4 2 7 10 9 9 9 8 4 13 2 12 2 11 4 7 2 6 2 5 4 fffffffffffttt
1234433321fftff	1211334121ffftf	4 1 3 2 2 2 1 4 2 10 10 2 9 2 8 4 13 12 12 12 11 4 7 2 6 2 5 4 fffffffffffttt
1234433321fftff	1211334121fftff	7 1 3 2 2 2 1 7 10 2 9 2 8 7 2 13 13 2 12 2 11 7 6 5 5 5 4 7 fffffffffffttt
1234433321fftff	1211334124fffft	4 1 3 2 2 2 1 4 2 7 10 9 9 9 8 4 13 2 12 2 11 4 7 12 6 12 5 4 fffffffffffttt
1234433321fftff	1211334124ffftf	4 1 3 2 2 2 1 4 2 10 10 6 9 6 8 4 13 12 12 12 11 4 7 2 6 2 5 4 fffffffffffttt
1234433321fftff	1211334124fftff	7 1 3 2 2 2 1 7 10 2 9 2 8 7 2 13 13 9 12 9 11 7 6 5 5 5 4 7 fffffffffffttt
1234433321fftff	1211334421fffft	4 1 3 2 2 2 1 4 2 7 10 9 9 9 8 4 13 12 12 12 11 4 7 2 6 2 5 4 fffffffffffttt
1234433321fftff	1211334421ffftf	4 1 3 2 2 2 1 4 2 10 10 2 9 2 8 4 13 12 12 12 11 4 7 6 6 6 5 4 fffffffffffttt
1234433321fftff	1211334421fftff	7 1 3 2 2 2 1 7 10 9 9 9 8 7 2 13 13 2 12 2 11 7 6 5 5 5 4 7 fffffffffffttt
1234433321fftff	1211344121fffft	4 1 3 2 2 2 1 4 2 5 8 4 10 12 9 12 13 2 12 2 11 4 5 2 7 2 6 4 fffffffffffttt
1234433321fftff	1211344121ffftf	4 1 3 2 2 2 1 4 2 10 10 2 9 2 8 4 13 6 12 6 11 4 7 2 6 2 5 4 fffffffffffttt
1234433321fftff	1211344121fftff	7 1 3 2 2 2 1 7 10 2 9 2 8 7 2 13 13 2 12 2 11 7 6 9 5 9 4 7 fffffffffffttt
1234433321fftff	1211344123fffft	4 1 3 2 2 2 1 4 2 5 8 4 10 12 9 12 13 2 12 2 11 4 5 9 7 9 6 4 fffffffffffttt
1234433321fftff	1211344123ffftf	4 1 3 2 2 2 1 4 2 8 6 4 13 10 12 10 11 4 8 12 7 12 5 2 10 2 9 4 fffffffffffttt
1234433321fftff	1211344123fftff	7 1 3 2 2 2 1 7 10 2 9 2 8 7 2 13 13 5 12 5 11 7 6 9 5 9 4 7 fffffffffffttt
1234433321fftff	1211344321fffft	4 1 3 2 2 2 1 4 2 5 8 4 10 12 9 12 13 9 12 9 11 4 5 2 7 2 6 4 fffffffffffttt
1234433321fftff	1211344321ffftf	4 1 3 2 2 2 1 4 2 10 10 2 9 2 8 4 13 6 12 6 11 4 7 12 6 12 5 4 fffffffffffttt
1234433321fftff	1211344321fftff	7 1 3 2 2 2 1 7 10 5 9 5 8 7 2 13 13 2 12 2 11 7 6 9 5 9 4 7 fffffffffffttt
