0111tf	01122333tttf	2 0 1 1 2 3 3 4 4 1 tfttt
0111tf	01123233tttf	2 0 1 1 2 3 3 4 1 4 tfttt
0111tf	01123333tttf	2 0 1 1 2 3 3 4 1 1 tfttt
0111tf	01212333tttf	2 0 1 1 2 3 4 3 4 1 tfttt
0111tf	01213233tttf	2 0 1 1 2 3 4 3 1 4 tfttt
0111tf	01213333tttf	2 0 1 1 2 3 4 3 1 1 tfttt
0111tf	01222333tttf	2 0 1 1 2 3 4 4 4 1 tfttt
0111tf	01223233tttf	2 0 1 1 2 3 4 4 1 4 tfttt
0111tf	01223333tttf	2 0 1 1 2 3 4 4 1 1 tfttt
0111tf	01232222ttft	2 0 1 1 2 3 1 4 1 1 tfttt
0111tf	01233333tttf	2 0 1 1 2 3 4 1 1 1 tfttt
