0111tf	0112233444ttttf	2 0 1 1 2 3 3 4 4 5 5 1 tftttt
0111tf	0112234344ttttf	2 0 1 1 2 3 3 4 4 5 1 5 tftttt
0111tf	0112234444ttttf	2 0 1 1 2 3 3 4 4 5 1 1 tftttt
0111tf	0112323444ttttf	2 0 1 1 2 3 3 4 5 4 5 1 tftttt
0111tf	0112324344ttttf	2 0 1 1 2 3 3 4 5 4 1 5 tftttt
0111tf	0112324444ttttf	2 0 1 1 2 3 3 4 5 4 1 1 tftttt
0111tf	0112333444ttttf	2 0 1 1 2 3 3 4 5 5 5 1 tftttt
0111tf	0112334344ttttf	2 0 1 1 2 3 3 4 5 5 1 5 tftttt
0111tf	0112334444ttttf	2 0 1 1 2 3 3 4 5 5 1 1 tftttt
0111tf	0112343333tttft	2 0 1 1 2 3 3 4 1 5 1 1 tftttt
0111tf	0112344444ttttf	2 0 1 1 2 3 3 4 5 1 1 1 tftttt
0111tf	0121233444ttttf	2 0 1 1 2 3 4 3 4 5 5 1 tftttt
0111tf	0121234344ttttf	2 0 1 1 2 3 4 3 4 5 1 5 tftttt
0111tf	0121234444ttttf	2 0 1 1 2 3 4 3 4 5 1 1 tftttt
0111tf	0121323444ttttf	2 0 1 1 2 3 4 3 5 4 5 1 tftttt
0111tf	0121324344ttttf	2 0 1 1 2 3 4 3 5 4 1 5 tftttt
0111tf	0121324444ttttf	2 0 1 1 2 3 4 3 5 4 1 1 tftttt
0111tf	0121333444ttttf	2 0 1 1 2 3 4 3 5 5 5 1 tftttt
0111tf	0121334344ttttf	2 0 1 1 2 3 4 3 5 5 1 5 tftttt
0111tf	0121334444ttttf	2 0 1 1 2 3 4 3 5 5 1 1 tftttt
0111tf	0121343333tttft	2 0 1 1 2 3 4 3 1 5 1 1 tftttt
0111tf	0121344444ttttf	2 0 1 1 2 3 4 3 5 1 1 1 tftttt
0111tf	0122233444ttttf	2 0 1 1 2 3 4 4 4 5 5 1 tftttt
0111tf	0122234344ttttf	2 0 1 1 2 3 4 4 4 5 1 5 tftttt
0111tf	0122234444ttttf	2 0 1 1 2 3 4 4 4 5 1 1 tftttt
0111tf	0122323444ttttf	2 0 1 1 2 3 4 4 5 4 5 1 tftttt
0111tf	0122324344ttttf	2 0 1 1 2 3 4 4 5 4 1 5 tftttt
0111tf	0122324444ttttf	2 0 1 1 2 3 4 4 5 4 1 1 tftttt
0111tf	0122333444ttttf	2 0 1 1 2 3 4 4 5 5 5 1 tftttt
0111tf	0122334344ttttf	2 0 1 1 2 3 4 4 5 5 1 5 tftttt
0111tf	0122334444ttttf	2 0 1 1 2 3 4 4 5 5 1 1 tftttt
0111tf	0122343333tttft	2 0 1 1 2 3 4 4 1 5 1 1 tftttt
0111tf	0122344444ttttf	2 0 1 1 2 3 4 4 5 1 1 1 tftttt
0111tf	0123222422ttftt	2 0 1 1 2 3 1 4 1 5 1 1 tftttt
0111tf	0123242244ttttf	2 0 1 1 2 3 5 4 5 5 5 1 tftttt
0111tf	0123244344ttttf	2 0 1 1 2 3 4 5 4 1 1 5 tftttt
0111tf	0123244444ttttf	2 0 1 1 2 3 4 5 4 1 1 1 tftttt
0111tf	0123333444ttttf	2 0 1 1 2 3 4 5 5 5 5 1 tftttt
0111tf	0123334344ttttf	2 0 1 1 2 3 4 5 5 5 1 5 tftttt
0111tf	0123334444ttttf	2 0 1 1 2 3 4 5 5 5 1 1 tftttt
0111tf	0123344444ttttf	2 0 1 1 2 3 4 5 5 1 1 1 tftttt
0111tf	0123422244ttttf	2 0 1 1 2 3 5 4 5 5 1 5 tftttt
0111tf	0123433333tttft	2 0 1 1 2 3 4 1 5 1 1 1 tftttt
0111tf	0123434444ttttf	2 0 1 1 2 3 4 5 1 5 1 1 tftttt
0111tf	0123442244ttttf	2 0 1 1 2 3 5 4 5 5 1 1 tftttt
0111tf	0123442444ttttf	2 0 1 1 2 3 4 5 1 1 4 1 tftttt
0111tf	0123444244ttttf	2 0 1 1 2 3 4 5 1 1 1 4 tftttt
0111tf	0123444344ttttf	2 0 1 1 2 3 4 5 1 1 1 5 tftttt
