01020313fftt	112222ftf	0 1 0 2 4 3 5 3 0 1 0 2 fffftt
01023201ffft	112222ftf	0 1 0 2 3 2 4 5 0 1 0 2 fffftt
01023201fftt	112222ftf	0 1 0 2 3 2 4 5 0 1 0 2 fffftt
01023202ffft	112222ftf	0 1 0 2 3 2 4 5 0 1 3 2 fffftt
01023212ffft	112222ftf	0 1 0 2 3 2 4 5 0 2 3 2 fffftt
01023221ffft	112222ftf	0 1 0 2 3 2 5 4 0 2 3 2 fffftt
01123212ffft	112222ftf	0 1 1 2 3 2 4 5 1 2 3 2 fffftt
01210321ffft	112222ftf	0 1 2 1 0 3 5 4 2 1 0 3 fffftt
01210321fftt	112222ftf	0 1 2 1 4 3 2 5 0 1 2 1 fffftt
01211321ffft	112222ftf	0 1 2 1 1 3 5 4 2 1 1 3 fffftt
01212321ffft	112222ftf	0 1 2 1 2 3 5 4 2 1 2 3 fffftt
01213101ffft	112222ftf	0 1 2 1 3 1 4 5 0 1 2 1 fffftt
01213101fftt	112222ftf	0 1 2 1 3 5 4 5 0 1 2 1 fffftt
01213121ffft	112222ftf	0 1 2 1 3 1 5 4 2 1 3 1 fffftt
01213321ffft	112222ftf	0 1 2 1 3 3 5 4 2 1 3 3 fffftt
01230133fftt	112222ftf	0 2 1 1 3 1 4 5 0 2 3 1 fffftt
11123212ffft	112222ftf	1 1 1 2 3 2 4 5 1 2 3 2 fffftt
