0102134302fffft	12112311ffft	0 1 0 2 1 3 4 3 0 7 5 8 5 9 6 10 0 2 1 3 4 3 ffffffffttt
0102134312fffft	11223333fftf	0 1 0 2 1 3 4 3 5 6 7 9 8 10 0 1 0 2 1 3 4 3 ffffffftttt
0102134312fffft	12112311ffft	0 1 0 2 1 3 4 3 1 7 5 8 5 9 6 10 0 2 1 3 4 3 ffffffffttt
0102134322fffft	12112311ffft	0 1 0 2 1 3 4 3 2 7 5 8 5 9 6 10 0 2 1 3 4 3 ffffffffttt
0102134332fffft	12112311ffft	0 1 0 2 1 3 4 3 3 7 5 8 5 9 6 10 0 2 1 3 4 3 ffffffffttt
0102134342fffft	12112311ffft	0 1 0 2 1 3 4 3 4 7 5 8 5 9 6 10 0 2 1 3 4 3 ffffffffttt
0102320402fffft	11223333fftf	0 1 0 2 3 2 0 4 5 6 7 8 10 9 0 1 0 2 3 2 0 4 ffffffftttt
0102320412ffftt	11223333fftf	0 1 0 2 3 2 5 4 6 7 8 9 8 10 3 10 0 1 0 2 3 2 ffffffffttt
0102320442ffftf	11223333fftf	0 1 0 3 2 3 4 3 5 6 7 8 9 10 0 1 0 3 2 3 4 3 ffffffftttt
0102321402fffft	11223333fftf	0 1 0 2 3 2 1 4 5 6 7 8 10 9 0 1 0 2 3 2 1 4 ffffffftttt
0102321402fffft	12112311ffft	0 1 0 2 3 2 1 4 0 8 7 4 6 9 6 10 5 10 0 2 3 2 ffffffffftt
0102321402ffftt	11223333fftf	0 1 0 2 3 2 6 4 5 7 8 9 8 10 3 10 0 1 0 2 3 2 ffffffffttt
0102321412fffft	12112311ffft	0 1 0 2 3 2 1 4 1 8 7 4 6 9 6 10 5 10 0 2 3 2 ffffffffftt
0102321422fffft	12112311ffft	0 1 0 2 3 2 1 4 2 8 7 4 6 9 6 10 5 10 0 2 3 2 ffffffffftt
0102321432fffft	12112311ffft	0 1 0 2 3 2 1 4 3 8 7 4 6 9 6 10 5 10 0 2 3 2 ffffffffftt
0102321442fffft	12112311ffft	0 1 0 2 3 2 1 4 4 8 7 4 6 9 6 10 5 10 0 2 3 2 ffffffffftt
0102322402fffft	11223333fftf	0 1 0 2 3 2 2 4 5 6 7 8 10 9 0 1 0 2 3 2 2 4 ffffffftttt
0102323402fffft	11223333fftf	0 1 0 2 3 2 3 4 5 6 7 8 10 9 0 1 0 2 3 2 3 4 ffffffftttt
0102324102fffft	11223333fftf	0 1 0 2 3 2 4 1 5 6 7 8 10 9 0 1 0 2 3 2 4 1 ffffffftttt
0102324102ffftt	11223333fftf	0 1 0 2 3 2 4 6 5 7 8 9 8 10 3 10 0 1 0 2 3 2 ffffffffttt
0102324201ffftt	11223333fftf	0 1 0 2 3 2 4 7 5 6 8 9 8 10 3 10 0 1 0 2 3 2 ffffffffttt
0102324202fffft	11223333fftf	0 1 0 2 3 2 4 2 5 6 7 8 10 9 0 1 0 2 3 2 4 2 ffffffftttt
0102324402fffft	11223333fftf	0 1 0 2 3 2 4 4 5 6 7 8 10 9 0 1 0 2 3 2 4 4 ffffffftttt
0121032421fffft	11223333fftf	0 1 2 1 0 3 2 4 6 5 9 8 7 10 0 1 2 1 0 3 2 4 ffffffftttt
0121034313fftft	11223333fftf	0 1 3 1 4 2 5 7 6 7 8 9 3 9 4 10 0 1 3 1 4 2 ffffffffttt
0121310421ffftt	11223333fftf	0 1 2 1 3 1 5 4 7 6 8 9 10 9 3 9 0 1 2 1 3 1 ffffffffttt
0123014313fftft	11223333fftf	0 1 3 2 4 2 5 6 6 7 8 9 3 10 4 10 0 1 3 2 4 2 ffffffffttt
0123014323fftft	11223333fftf	0 1 3 2 4 2 5 6 3 7 8 9 3 10 4 10 0 1 3 2 4 2 ffffffffttt
0123014331fftft	11223333fftf	0 1 3 2 4 2 5 6 7 6 8 9 3 10 4 10 0 1 3 2 4 2 ffffffffttt
0123014333fftft	11223333fftf	0 1 3 2 4 2 5 6 7 7 8 9 3 10 4 10 0 1 3 2 4 2 ffffffffttt
0123014343fftft	11223333fftf	0 1 3 2 4 2 5 6 4 7 8 9 3 10 4 10 0 1 3 2 4 2 ffffffffttt
0123034313fftft	11223333fftf	0 1 3 2 4 2 5 7 6 7 8 9 3 10 4 10 0 1 3 2 4 2 ffffffffttt
0123412301ffftt	11223333fftf	0 1 2 3 4 1 7 3 5 6 8 9 10 3 4 9 0 1 2 3 4 1 ffffffffttt
