0102134302fffft	1211233411fffft	0 1 0 2 1 3 4 3 0 7 5 9 5 10 6 11 8 12 8 13 9 14 4 14 0 2 1 3 4 3 ffffffffffffttt
0102134302fffft	1211234411fffft	0 1 0 2 1 3 4 3 0 7 5 8 5 9 6 10 12 13 11 14 4 14 0 2 0 1 1 3 4 3 ffffffffffftttt
0102134312fffft	1122334444ffftf	0 1 0 2 1 3 4 3 5 6 7 9 8 10 11 12 11 13 12 14 4 14 0 1 0 2 1 3 4 3 ffffffffffftttt
0102134312fffft	1211233411fffft	0 1 0 2 1 3 4 3 1 7 5 9 5 10 6 11 8 12 8 13 9 14 4 14 0 2 1 3 4 3 ffffffffffffttt
0102134312fffft	1211234411fffft	0 1 0 2 1 3 4 3 1 7 5 8 5 9 6 10 12 13 11 14 4 14 0 2 0 1 1 3 4 3 ffffffffffftttt
0102134322fffft	1211233411fffft	0 1 0 2 1 3 4 3 2 7 5 9 5 10 6 11 8 12 8 13 9 14 4 14 0 2 1 3 4 3 ffffffffffffttt
0102134322fffft	1211234411fffft	0 1 0 2 1 3 4 3 2 7 5 8 5 9 6 10 12 13 11 14 4 14 0 2 0 1 1 3 4 3 ffffffffffftttt
0102134332fffft	1211233411fffft	0 1 0 2 1 3 4 3 3 7 5 9 5 10 6 11 8 12 8 13 9 14 4 14 0 2 1 3 4 3 ffffffffffffttt
0102134332fffft	1211234411fffft	0 1 0 2 1 3 4 3 3 7 5 8 5 9 6 10 12 13 11 14 4 14 0 2 0 1 1 3 4 3 ffffffffffftttt
0102134342fffft	1211233411fffft	0 1 0 2 1 3 4 3 4 7 5 9 5 10 6 11 8 12 8 13 9 14 4 14 0 2 1 3 4 3 ffffffffffffttt
0102134342fffft	1211234411fffft	0 1 0 2 1 3 4 3 4 7 5 8 5 9 6 10 12 13 11 14 4 14 0 2 0 1 1 3 4 3 ffffffffffftttt
0102320402fffft	1122334444ffftf	0 1 0 2 3 2 0 4 5 6 7 8 10 9 11 12 11 13 14 13 11 4 0 1 0 2 3 2 0 4 ffffffffffftttt
0102320442ffftf	1122334444ffftf	0 1 0 3 2 3 4 3 5 6 7 8 9 10 11 12 11 14 13 14 4 14 0 1 0 3 2 3 4 3 ffffffffffftttt
0102321402fffft	1122334444ffftf	0 1 0 2 3 2 1 4 5 6 7 8 10 9 11 12 11 13 14 13 12 4 0 1 0 2 3 2 1 4 ffffffffffftttt
0102321402fffft	1211233411fffft	0 1 0 2 3 2 1 4 0 8 7 4 6 11 6 12 5 12 11 4 10 13 10 14 9 14 0 2 3 2 ffffffffffffftt
0102321412fffft	1211233411fffft	0 1 0 2 3 2 1 4 1 8 7 4 6 11 6 12 5 12 11 4 10 13 10 14 9 14 0 2 3 2 ffffffffffffftt
0102321422fffft	1211233411fffft	0 1 0 2 3 2 1 4 2 8 7 4 6 11 6 12 5 12 11 4 10 13 10 14 9 14 0 2 3 2 ffffffffffffftt
0102321432fffft	1211233411fffft	0 1 0 2 3 2 1 4 3 8 7 4 6 11 6 12 5 12 11 4 10 13 10 14 9 14 0 2 3 2 ffffffffffffftt
0102321442fffft	1211233411fffft	0 1 0 2 3 2 1 4 4 8 7 4 6 11 6 12 5 12 11 4 10 13 10 14 9 14 0 2 3 2 ffffffffffffftt
0102322402fffft	1122334444ffftf	0 1 0 2 3 2 2 4 5 6 7 8 10 9 11 12 11 13 14 13 13 4 0 1 0 2 3 2 2 4 ffffffffffftttt
0102323402fffft	1122334444ffftf	0 1 0 2 3 2 3 4 5 6 7 8 10 9 11 12 11 13 14 13 14 4 0 1 0 2 3 2 3 4 ffffffffffftttt
0102324102fffft	1122334444ffftf	0 1 0 2 3 2 4 1 5 6 7 8 10 9 11 12 11 13 14 13 4 12 0 1 0 2 3 2 4 1 ffffffffffftttt
0102324202fffft	1122334444ffftf	0 1 0 2 3 2 4 2 5 6 7 8 10 9 11 12 11 13 14 13 4 13 0 1 0 2 3 2 4 2 ffffffffffftttt
0121032421fffft	1122334444ffftf	0 1 2 1 0 3 2 4 6 5 9 8 7 10 11 12 13 12 11 14 13 4 0 1 2 1 0 3 2 4 ffffffffffftttt
