1123222432fffft	112222ftf	2 2 1 1 1 3 1 4 6 5 1 1 1 4 ffffftt
1123224232fffft	112222ftf	2 2 1 1 1 3 4 1 6 5 1 1 4 1 ffffftt
1123224234ffftf	112222ftf	2 2 1 1 1 4 4 3 6 5 1 1 4 3 ffffftt
1123224432fffft	112222ftf	2 2 1 1 1 3 4 4 6 5 1 1 4 4 ffffftt
1123344244ffftf	112222ftf	2 2 1 1 3 4 4 1 6 5 4 1 1 1 ffffftt
1211131421fffft	112222ftf	1 2 1 1 1 3 1 4 6 5 1 1 1 3 ffffftt
1211131431fffft	112222ftf	1 2 1 1 1 3 1 4 6 5 1 1 1 4 ffffftt
1211132431fffft	112222ftf	1 2 1 1 1 3 2 4 6 5 1 1 2 4 ffffftt
1211132431fftff	112222ftf	1 4 1 1 3 1 4 2 5 6 1 1 4 2 ffffftt
1211133421fffft	112222ftf	1 2 1 1 1 3 3 4 6 5 1 1 1 3 ffffftt
1211133421fftff	112222ftf	1 4 1 1 2 3 4 1 5 6 1 1 2 3 ffffftt
1211134113fffft	112222ftf	1 2 1 1 1 3 4 1 5 6 1 1 4 1 ffffftt
1211134121fffft	112222ftf	1 2 1 1 1 3 4 1 6 5 1 1 1 3 ffffftt
1211134121ffftt	112222ftf	1 2 1 1 1 3 4 5 6 5 1 1 1 3 ffffftt
1211134123fffft	112222ftf	1 2 1 1 1 3 4 1 5 6 1 3 4 1 ffffftt
1211134123ffftt	112222ftf	1 2 1 1 1 3 4 5 6 3 1 1 1 3 ffffftt
1211134123fftff	112222ftf	1 4 1 1 3 1 4 2 5 6 1 1 3 1 ffffftt
1211134124ffftf	112222ftf	1 3 1 1 3 2 1 4 6 5 1 1 3 2 ffffftt
1211134131fffft	112222ftf	1 2 1 1 1 3 4 1 6 5 1 1 4 1 ffffftt
1211134131fftft	121111fft	1 3 1 1 4 1 1 6 2 5 1 1 4 1 ffffftt
1211134134ffftf	112222ftf	1 2 1 1 1 4 4 3 6 5 1 1 4 3 ffffftt
1211134143ffftf	112222ftf	1 2 1 1 1 4 3 4 6 5 1 1 3 4 ffffftt
1211134421fffft	112222ftf	1 2 1 1 1 3 4 4 6 5 1 1 1 3 ffffftt
1211134431fffft	112222ftf	1 2 1 1 1 3 4 4 6 5 1 1 4 4 ffffftt
1211231431fffft	112222ftf	1 2 1 1 2 3 1 4 6 5 1 1 1 4 ffffftt
1211234131fffft	112222ftf	1 2 1 1 2 3 4 1 6 5 1 1 4 1 ffffftt
1211234134ffftf	112222ftf	1 2 1 1 2 4 4 3 6 5 1 1 4 3 ffffftt
1211234431fffft	112222ftf	1 2 1 1 2 3 4 4 6 5 1 1 4 4 ffffftt
1211311413fffft	112222ftf	1 2 1 1 3 1 1 4 5 6 1 1 1 4 ffffftt
1211311421fffft	112222ftf	1 2 1 1 3 1 1 4 6 5 1 1 3 1 ffffftt
1211311421ffftt	112222ftf	1 2 1 1 3 1 5 4 6 5 1 1 3 1 ffffftt
1211311423fffft	112222ftf	1 2 1 1 3 1 1 4 5 6 3 1 1 4 ffffftt
1211311423ffftt	112222ftf	1 2 1 1 3 1 5 4 6 3 1 1 3 1 ffffftt
1211311423fftff	112222ftf	1 4 1 1 1 3 4 2 6 5 1 1 1 3 ffffftt
1211311424ffftf	112222ftf	1 3 1 1 3 2 4 1 5 6 1 1 3 2 ffffftt
1211311424ffftt	112222ftf	1 2 1 1 3 1 5 4 6 4 1 1 3 1 ffffftt
1211311443ffftf	112222ftf	1 2 1 1 4 1 3 4 5 6 1 1 3 4 ffffftt
1211312411ffftt	112222ftf	1 2 1 1 3 1 6 4 5 5 1 1 3 1 ffffftt
1211312413fffft	112222ftf	1 2 1 1 3 1 2 4 5 6 1 1 2 4 ffffftt
1211312413ffftt	112222ftf	1 2 1 1 3 1 6 4 5 3 1 1 3 1 ffffftt
1211312413fftff	112222ftf	1 4 1 1 1 3 4 2 6 5 1 1 4 2 ffffftt
1211312414ffftt	112222ftf	1 2 1 1 3 1 6 4 5 4 1 1 3 1 ffffftt
1211312421fffft	112222ftf	1 2 1 1 3 1 2 4 6 5 1 1 3 1 ffffftt
1211312421ffftt	112222ftf	1 2 1 1 3 1 6 4 6 5 1 1 3 1 ffffftt
1211312423fffft	112222ftf	1 2 1 1 3 1 2 4 5 6 3 1 2 4 ffffftt
1211312424ffftf	112222ftf	1 3 1 1 3 2 4 1 5 6 4 1 3 2 ffffftt
1211312443ffftf	112222ftf	1 2 1 1 4 1 3 4 5 6 4 1 3 4 ffffftt
1211312443fftff	112222ftf	1 4 1 1 2 3 4 2 6 5 1 1 4 2 ffffftt
1211314113fffft	112222ftf	1 2 1 1 3 1 4 1 5 6 1 1 4 1 ffffftt
1211314113fftft	121111fft	1 3 1 1 4 1 2 5 1 6 1 1 4 1 ffffftt
1211314121fffft	112222ftf	1 2 1 1 3 1 4 1 6 5 1 1 3 1 ffffftt
1211314121ffftt	112222ftf	1 2 1 1 3 1 4 5 6 5 1 1 3 1 ffffftt
1211314123fffft	112222ftf	1 2 1 1 3 1 4 1 5 6 3 1 4 1 ffffftt
1211314123fftff	112222ftf	1 4 1 1 3 1 4 2 6 5 1 1 3 1 ffffftt
1211314124ffftf	112222ftf	1 3 1 1 3 2 4 1 6 5 1 1 3 2 ffffftt
1211314131fffft	112222ftf	1 2 1 1 3 1 4 1 6 5 1 1 4 1 ffffftt
1211314133fftft	121111fft	1 3 1 1 4 1 2 5 2 6 1 1 4 1 ffffftt
1211314311fftft	112222ftf	1 3 1 1 4 2 6 5 5 5 1 1 4 2 ffffftt
1211314321fffft	112222ftf	1 2 1 1 3 1 4 3 6 5 1 1 3 1 ffffftt
1211314321fftff	112222ftf	1 4 1 1 3 2 4 1 6 5 1 1 3 2 ffffftt
1211314324fftff	112222ftf	1 4 1 1 3 2 4 3 6 5 1 1 3 2 ffffftt
1211314331fffft	112222ftf	1 2 1 1 3 1 4 3 6 5 1 1 4 3 ffffftt
1211314413fffft	112222ftf	1 2 1 1 3 1 4 4 5 6 1 1 4 4 ffffftt
1211314421fffft	112222ftf	1 2 1 1 3 1 4 4 6 5 1 1 3 1 ffffftt
1211314423fffft	112222ftf	1 2 1 1 3 1 4 4 5 6 3 1 4 4 ffffftt
1211314423fftff	112222ftf	1 4 1 1 3 3 4 2 6 5 1 1 3 3 ffffftt
1211331421fffft	112222ftf	1 2 1 1 3 3 1 4 6 5 1 1 3 3 ffffftt
1211334111fftft	121111fft	1 3 1 1 4 1 2 6 1 5 1 1 4 1 ffffftt
1211334113fffft	112222ftf	1 2 1 1 3 3 4 1 5 6 1 1 4 1 ffffftt
1211334121fffft	112222ftf	1 2 1 1 3 3 4 1 6 5 1 1 3 3 ffffftt
1211334124ffftf	112222ftf	1 3 1 1 3 2 4 4 6 5 1 1 3 2 ffffftt
1211334131fffft	112222ftf	1 2 1 1 3 3 4 1 6 5 1 1 4 1 ffffftt
1211334131fftft	121111fft	1 3 1 1 4 1 2 6 2 5 1 1 4 1 ffffftt
1211334421fffft	112222ftf	1 2 1 1 3 3 4 4 6 5 1 1 3 3 ffffftt
1211341121ffftt	112222ftf	1 2 1 1 3 4 5 5 6 5 1 1 3 4 ffffftt
1211342111ffftt	112222ftf	1 2 1 1 3 4 6 5 5 5 1 1 3 4 ffffftt
1211342113fffft	112222ftf	1 3 1 1 3 1 2 4 5 6 1 1 3 1 ffffftt
1211342113ffftf	112222ftf	1 2 1 1 4 3 1 4 6 5 1 1 4 3 ffffftt
1211342121fffft	112222ftf	1 3 1 1 3 1 2 4 6 5 1 1 2 4 ffffftt
1211342121ffftf	112222ftf	1 3 1 1 3 1 4 2 6 5 1 1 4 2 ffffftt
1211342143ffftf	112222ftf	1 2 1 1 4 3 3 4 6 5 1 1 4 3 ffffftt
1211342143fftff	112222ftf	1 4 1 1 2 3 4 1 5 6 4 1 2 3 ffffftt
1211342411ffftt	112222ftf	1 2 1 1 3 4 6 4 5 5 1 1 3 4 ffffftt
1211344113fffft	112222ftf	1 2 1 1 3 4 4 1 5 6 1 1 4 1 ffffftt
1211344113ffftf	112222ftf	1 2 1 1 4 3 1 4 6 5 1 1 1 4 ffffftt
1211344121fffft	112222ftf	1 2 1 1 3 4 4 1 6 5 1 1 3 4 ffffftt
1211344121ffftf	112222ftf	1 3 1 1 3 1 4 2 6 5 1 1 3 1 ffffftt
1211344123fffft	112222ftf	1 2 1 1 3 4 4 1 5 6 3 4 4 1 ffffftt
1211344123ffftf	112222ftf	1 2 1 1 4 3 2 4 6 5 1 1 2 4 ffffftt
1211344123fftff	112222ftf	1 4 1 1 3 1 4 2 5 6 3 1 4 2 ffffftt
1211344321fffft	112222ftf	1 2 1 1 3 4 4 3 6 5 1 1 3 4 ffffftt
1211344321fftff	112222ftf	1 4 1 1 3 2 4 1 5 6 3 2 4 1 ffffftt
1223343323fffft	112222ftf	1 3 3 2 2 2 2 4 5 6 2 4 2 2 ffffftt
1223343331fffft	112222ftf	1 3 3 2 2 2 2 4 6 5 3 2 2 2 ffffftt
1223343331ftfff	112222ftf	4 1 2 3 2 2 2 4 5 6 2 3 2 2 ffffftt
1223343333ftfft	112222ftf	3 1 2 4 2 2 5 6 6 6 2 4 2 2 ffffftt
1223343341fftff	112222ftf	1 4 4 2 2 2 3 1 5 6 2 2 3 1 ffffftt
1223343341ftfff	112222ftf	4 1 2 3 2 2 3 4 5 6 2 3 2 2 ffffftt
1223344144ffftf	112222ftf	2 3 1 1 3 4 4 1 6 5 3 4 1 1 ffffftt
1223344144fftff	112222ftf	1 4 4 2 3 1 3 3 5 6 3 1 3 3 ffffftt
1223344144ftfff	112222ftf	4 1 3 2 2 2 2 4 5 6 3 2 2 4 ffffftt
1223433331fffft	112222ftf	1 3 3 2 2 2 4 2 6 5 3 2 2 2 ffffftt
1223433331ftfff	112222ftf	4 1 3 2 2 2 2 4 5 6 3 2 2 2 ffffftt
1223443331fffft	112222ftf	1 3 3 2 2 2 4 4 6 5 3 2 2 2 ffffftt
1223443331ftfff	112222ftf	4 1 3 3 2 2 2 4 5 6 3 3 2 2 ffffftt
1231432444ffftf	112222ftf	2 3 1 1 4 2 1 4 5 6 1 4 1 1 ffffftt
1231432444fftff	112222ftf	1 4 3 1 2 2 4 2 6 5 4 2 2 2 ffffftt
1233343323ftfft	112222ftf	3 1 2 4 2 2 6 6 5 6 2 4 2 2 ffffftt
1234432144ffftf	112222ftf	2 3 1 1 4 1 1 4 6 5 4 1 1 4 ffffftt
1234432144fftff	112222ftf	1 4 3 2 2 2 4 1 6 5 4 1 2 2 ffffftt
1234432444ffftf	112222ftf	2 3 1 1 4 1 1 4 5 6 1 4 1 1 ffffftt
1234432444fftff	112222ftf	1 4 3 2 2 2 4 2 6 5 4 2 2 2 ffffftt
1234433321fffft	112222ftf	2 3 1 1 1 4 4 1 6 5 1 4 4 1 ffffftt
1234433321fftff	112222ftf	1 4 2 3 2 2 4 1 6 5 2 2 4 1 ffffftt
1234433323fffft	112222ftf	2 3 1 1 1 4 4 1 5 6 4 1 1 1 ffffftt
1234433323fftff	112222ftf	1 4 2 3 2 2 4 2 6 5 2 2 4 2 ffffftt
