0101ft	1122334444ttttf	0 1 2 1 3 1 4 1 0 1 ftttt
0101ft	1123304244ttttf	0 1 2 1 3 1 4 1 0 1 ftttt
0101ft	1123304444ttttf	0 1 2 1 3 1 4 1 0 1 ftttt
0101ft	1123314244ttttf	0 1 2 1 3 1 4 1 0 1 ftttt
0101ft	1123314444ttttf	0 1 2 1 3 1 4 1 0 1 ftttt
0101ft	1123324244ttttf	0 1 2 1 3 1 4 1 0 1 ftttt
0101ft	1123324444ttttf	0 1 2 1 3 1 4 1 0 1 ftttt
0101ft	1123334244ttttf	0 1 2 1 3 1 4 1 0 1 ftttt
0101ft	1123334444ttttf	0 1 2 1 3 1 4 1 0 1 ftttt
0101ft	1123344244ttttf	0 1 2 1 3 1 4 1 0 1 ftttt
0101ft	1123344444ttttf	0 1 2 1 3 1 4 1 0 1 ftttt
0101ft	1220314044ttttf	0 1 2 1 3 1 4 1 0 1 ftttt
0101ft	1220314144ttttf	0 1 2 1 3 1 4 1 0 1 ftttt
0101ft	1220314244ttttf	0 1 2 1 3 1 4 1 0 1 ftttt
0101ft	1220314344ttttf	0 1 2 1 3 1 4 1 0 1 ftttt
0101ft	1220314444ttttf	0 1 2 1 3 1 4 1 0 1 ftttt
0101ft	1220334044ttttf	0 1 2 1 3 1 4 1 0 1 ftttt
0101ft	1220334144ttttf	0 1 2 1 3 1 4 1 0 1 ftttt
0101ft	1220334244ttttf	0 1 2 1 3 1 4 1 0 1 ftttt
0101ft	1220334344ttttf	0 1 2 1 3 1 4 1 0 1 ftttt
0101ft	1220334444ttttf	0 1 2 1 3 1 4 1 0 1 ftttt
0101ft	1220344044ttttf	0 1 2 1 3 1 4 1 0 1 ftttt
0101ft	1220344144ttttf	0 1 2 1 3 1 4 1 0 1 ftttt
0101ft	1220344244ttttf	0 1 2 1 3 1 4 1 0 1 ftttt
0101ft	1220344344ttttf	0 1 2 1 3 1 4 1 0 1 ftttt
0101ft	1220344444ttttf	0 1 2 1 3 1 4 1 0 1 ftttt
0101ft	1221314044ttttf	0 1 2 1 3 1 4 1 0 1 ftttt
0101ft	1221314144ttttf	0 1 2 1 3 1 4 1 0 1 ftttt
0101ft	1221314244ttttf	0 1 2 1 3 1 4 1 0 1 ftttt
0101ft	1221314344ttttf	0 1 2 1 3 1 4 1 0 1 ftttt
0101ft	1221314444ttttf	0 1 2 1 3 1 4 1 0 1 ftttt
0101ft	1221334044ttttf	0 1 2 1 3 1 4 1 0 1 ftttt
0101ft	1221334144ttttf	0 1 2 1 3 1 4 1 0 1 ftttt
0101ft	1221334244ttttf	0 1 2 1 3 1 4 1 0 1 ftttt
0101ft	1221334344ttttf	0 1 2 1 3 1 4 1 0 1 ftttt
0101ft	1221334444ttttf	0 1 2 1 3 1 4 1 0 1 ftttt
0101ft	1221344044ttttf	0 1 2 1 3 1 4 1 0 1 ftttt
0101ft	1221344144ttttf	0 1 2 1 3 1 4 1 0 1 ftttt
0101ft	1221344244ttttf	0 1 2 1 3 1 4 1 0 1 ftttt
0101ft	1221344344ttttf	0 1 2 1 3 1 4 1 0 1 ftttt
0101ft	1221344444ttttf	0 1 2 1 3 1 4 1 0 1 ftttt
0101ft	1222314044ttttf	0 1 2 1 3 1 4 1 0 1 ftttt
0101ft	1222314144ttttf	0 1 2 1 3 1 4 1 0 1 ftttt
0101ft	1222314244ttttf	0 1 2 1 3 1 4 1 0 1 ftttt
0101ft	1222314344ttttf	0 1 2 1 3 1 4 1 0 1 ftttt
0101ft	1222314444ttttf	0 1 2 1 3 1 4 1 0 1 ftttt
0101ft	1222334044ttttf	0 1 2 1 3 1 4 1 0 1 ftttt
0101ft	1222334144ttttf	0 1 2 1 3 1 4 1 0 1 ftttt
0101ft	1222334244ttttf	0 1 2 1 3 1 4 1 0 1 ftttt
0101ft	1222334344ttttf	0 1 2 1 3 1 4 1 0 1 ftttt
0101ft	1222334444ttttf	0 1 2 1 3 1 4 1 0 1 ftttt
0101ft	1222344044ttttf	0 1 2 1 3 1 4 1 0 1 ftttt
0101ft	1222344144ttttf	0 1 2 1 3 1 4 1 0 1 ftttt
0101ft	1222344244ttttf	0 1 2 1 3 1 4 1 0 1 ftttt
0101ft	1222344344ttttf	0 1 2 1 3 1 4 1 0 1 ftttt
0101ft	1222344444ttttf	0 1 2 1 3 1 4 1 0 1 ftttt
0101ft	1223314444ttttf	0 1 2 1 3 1 4 1 0 1 ftttt
0101ft	1223334044ttttf	0 1 2 1 3 1 4 1 0 1 ftttt
0101ft	1223334144ttttf	0 1 2 1 3 1 4 1 0 1 ftttt
0101ft	1223334244ttttf	0 1 2 1 3 1 4 1 0 1 ftttt
0101ft	1223334344ttttf	0 1 2 1 3 1 4 1 0 1 ftttt
0101ft	1223334444ttttf	0 1 2 1 3 1 4 1 0 1 ftttt
0101ft	1223344044ttttf	0 1 2 1 3 1 4 1 0 1 ftttt
0101ft	1223344144ttttf	0 1 2 1 3 1 4 1 0 1 ftttt
0101ft	1223344244ttttf	0 1 2 1 3 1 4 1 0 1 ftttt
0101ft	1223344344ttttf	0 1 2 1 3 1 4 1 0 1 ftttt
0101ft	1223344444ttttf	0 1 2 1 3 1 4 1 0 1 ftttt
0101ft	1223413333tttft	0 1 2 1 3 1 4 1 0 1 ftttt
0101ft	1223413334tttft	0 1 2 1 3 1 4 1 0 1 ftttt
0101ft	1223433330tttft	0 1 2 1 3 1 4 1 0 1 ftttt
0101ft	1223433331tttft	0 1 2 1 3 1 4 1 0 1 ftttt
0101ft	1223433332tttft	0 1 2 1 3 1 4 1 0 1 ftttt
0101ft	1223433333tttft	0 1 2 1 3 1 4 1 0 1 ftttt
0101ft	1223433334tttft	0 1 2 1 3 1 4 1 0 1 ftttt
0101ft	1223443330tttft	0 1 2 1 3 1 4 1 0 1 ftttt
0101ft	1223443331tttft	0 1 2 1 3 1 4 1 0 1 ftttt
0101ft	1223443332tttft	0 1 2 1 3 1 4 1 0 1 ftttt
0101ft	1223443333tttft	0 1 2 1 3 1 4 1 0 1 ftttt
0101ft	1223443334tttft	0 1 2 1 3 1 4 1 0 1 ftttt
0101ft	1230432044ttttf	0 1 2 1 3 1 4 1 0 1 ftttt
0101ft	1230432144ttttf	0 1 2 1 3 1 4 1 0 1 ftttt
0101ft	1230432244ttttf	0 1 2 1 3 1 4 1 0 1 ftttt
0101ft	1230432344ttttf	0 1 2 1 3 1 4 1 0 1 ftttt
0101ft	1230432444ttttf	0 1 2 1 3 1 4 1 0 1 ftttt
0101ft	1230442044ttttf	0 1 2 1 3 1 4 1 0 1 ftttt
0101ft	1230442144ttttf	0 1 2 1 3 1 4 1 0 1 ftttt
0101ft	1230442244ttttf	0 1 2 1 3 1 4 1 0 1 ftttt
0101ft	1230442344ttttf	0 1 2 1 3 1 4 1 0 1 ftttt
0101ft	1230442444ttttf	0 1 2 1 3 1 4 1 0 1 ftttt
0101ft	1231432044ttttf	0 1 2 1 3 1 4 1 0 1 ftttt
0101ft	1231432144ttttf	0 1 2 1 3 1 4 1 0 1 ftttt
0101ft	1231432244ttttf	0 1 2 1 3 1 4 1 0 1 ftttt
0101ft	1231432344ttttf	0 1 2 1 3 1 4 1 0 1 ftttt
0101ft	1231432444ttttf	0 1 2 1 3 1 4 1 0 1 ftttt
0101ft	1231442044ttttf	0 1 2 1 3 1 4 1 0 1 ftttt
0101ft	1231442144ttttf	0 1 2 1 3 1 4 1 0 1 ftttt
0101ft	1231442244ttttf	0 1 2 1 3 1 4 1 0 1 ftttt
0101ft	1231442344ttttf	0 1 2 1 3 1 4 1 0 1 ftttt
0101ft	1231442444ttttf	0 1 2 1 3 1 4 1 0 1 ftttt
0101ft	1232432044ttttf	0 1 2 1 3 1 4 1 0 1 ftttt
0101ft	1232432144ttttf	0 1 2 1 3 1 4 1 0 1 ftttt
0101ft	1232432244ttttf	0 1 2 1 3 1 4 1 0 1 ftttt
0101ft	1232432344ttttf	0 1 2 1 3 1 4 1 0 1 ftttt
0101ft	1232432444ttttf	0 1 2 1 3 1 4 1 0 1 ftttt
0101ft	1232442044ttttf	0 1 2 1 3 1 4 1 0 1 ftttt
0101ft	1232442144ttttf	0 1 2 1 3 1 4 1 0 1 ftttt
0101ft	1232442244ttttf	0 1 2 1 3 1 4 1 0 1 ftttt
0101ft	1232442344ttttf	0 1 2 1 3 1 4 1 0 1 ftttt
0101ft	1232442444ttttf	0 1 2 1 3 1 4 1 0 1 ftttt
0101ft	1233432044ttttf	0 1 2 1 3 1 4 1 0 1 ftttt
0101ft	1233432144ttttf	0 1 2 1 3 1 4 1 0 1 ftttt
0101ft	1233432244ttttf	0 1 2 1 3 1 4 1 0 1 ftttt
0101ft	1233432344ttttf	0 1 2 1 3 1 4 1 0 1 ftttt
0101ft	1233432444ttttf	0 1 2 1 3 1 4 1 0 1 ftttt
0101ft	1233442044ttttf	0 1 2 1 3 1 4 1 0 1 ftttt
0101ft	1233442144ttttf	0 1 2 1 3 1 4 1 0 1 ftttt
0101ft	1233442244ttttf	0 1 2 1 3 1 4 1 0 1 ftttt
0101ft	1233442344ttttf	0 1 2 1 3 1 4 1 0 1 ftttt
0101ft	1233442444ttttf	0 1 2 1 3 1 4 1 0 1 ftttt
0101ft	1234432144ttttf	0 1 2 1 3 1 4 1 0 1 ftttt
0101ft	1234432344ttttf	0 1 2 1 3 1 4 1 0 1 ftttt
0101ft	1234432444ttttf	0 1 2 1 3 1 4 1 0 1 ftttt
