010212fft	0112233444ttttf	0 1 0 4 2 5 2 4 3 4 6 4 6 7 8 4 8 9 10 4 10 1 ffttttttttt
010212fft	0112332444ttttf	0 1 0 4 2 5 2 4 3 4 6 4 6 9 8 4 10 7 10 4 8 1 ffttttttttt
010212fft	0112342344ttttf	0 1 0 4 2 5 2 4 3 4 6 4 6 7 8 4 10 9 10 4 8 1 ffttttttttt
010212fft	0122133444ttttf	0 1 0 4 2 7 2 4 3 4 6 4 8 5 8 4 6 9 10 4 10 1 ffttttttttt
010212fft	0122331444ttttf	0 1 0 4 2 7 2 4 3 4 6 4 8 9 8 4 10 5 10 4 6 1 ffttttttttt
010212fft	0122341344ttttf	0 1 0 4 2 9 2 4 3 4 6 4 8 7 8 4 10 5 10 4 6 1 ffttttttttt
010212fft	0123123444ttttf	0 1 0 4 2 5 2 4 3 4 6 4 8 7 8 4 6 9 10 4 10 1 ffttttttttt
010212fft	0123143244ttttf	0 1 0 4 2 9 2 4 3 4 6 4 6 7 8 4 10 5 10 4 8 1 ffttttttttt
010212fft	0123143342tttft	0 1 0 4 2 6 2 4 3 4 7 4 8 4 7 9 10 5 10 4 8 1 ffttttttttt
010212fft	0123321444ttttf	0 1 0 4 2 7 2 4 3 4 6 4 8 5 8 4 10 9 10 4 6 1 ffttttttttt
010212fft	0123341244ttttf	0 1 0 4 2 9 2 4 3 4 6 4 8 5 8 4 10 7 10 4 6 1 ffttttttttt
010212fft	0123423314tttft	0 1 0 4 2 5 2 4 3 4 6 4 8 7 8 4 10 9 10 4 6 1 ffttttttttt
010212fft	0123443312tttft	0 1 0 4 2 5 2 4 3 4 6 4 8 9 8 4 10 7 10 4 6 1 ffttttttttt
010212fft	1203223440ttftt	0 1 0 4 9 1 9 4 10 4 5 8 5 4 7 3 7 4 2 6 2 4 ffttttttttt
010212fft	1203224034ttftt	0 1 0 4 9 1 9 4 10 4 8 3 8 4 5 4 5 7 2 6 2 4 ffttttttttt
010212fft	1203224430ttftt	0 1 0 4 9 1 9 4 10 4 7 8 7 4 5 3 5 4 2 6 2 4 ffttttttttt
010212fft	1203243044ttttf	0 1 0 4 7 9 7 4 8 4 5 3 5 4 2 6 2 4 10 4 10 1 ffttttttttt
010212fft	1203243340tttft	0 1 0 4 10 6 10 4 8 4 5 7 5 4 9 4 2 4 9 3 2 1 ffttttttttt
010212fft	1203302444ttttf	0 1 0 4 5 9 5 4 6 4 2 7 2 4 8 4 10 3 10 4 8 1 ffttttttttt
010212fft	1203342044ttttf	0 1 0 4 6 7 6 4 5 4 2 4 2 9 8 4 10 3 10 4 8 1 ffttttttttt
010212fft	1203443320tttft	0 1 0 4 10 6 10 4 8 4 9 7 9 4 5 4 2 4 5 3 2 1 ffttttttttt
010212fft	1223043044ttttf	0 1 0 4 8 5 8 4 9 4 2 4 6 3 6 4 10 7 10 4 2 1 ffttttttttt
010212fft	1223043340tttft	0 1 0 4 10 8 10 4 5 4 7 4 9 4 2 6 2 4 9 3 7 1 ffttttttttt
010212fft	1223340044ttttf	0 1 0 4 8 5 8 4 9 4 6 4 2 3 2 4 10 7 10 4 6 1 ffttttttttt
010212fft	1223443300tttft	0 1 0 4 10 7 10 4 5 4 6 4 8 9 8 4 2 3 2 4 6 1 ffttttttttt
