01021323ffft	01122333tttf	0 1 0 2 1 6 3 8 3 7 4 6 5 6 8 6 9 10 9 12 12 6 11 1 11 2 ffftttttttttt
01021323ffft	01221333tttf	0 1 0 2 1 6 3 9 3 10 4 6 5 6 9 6 11 12 11 7 12 6 8 1 8 2 ffftttttttttt
01021323ffft	01231233tttf	0 1 0 2 1 6 3 12 3 7 4 6 5 6 9 6 11 9 11 10 12 6 8 1 8 2 ffftttttttttt
01021323ffft	12032230ttft	0 1 0 2 1 6 9 1 9 2 10 6 11 6 12 5 7 6 3 7 3 8 4 6 12 4 ffftttttttttt
01230313ffft	01122333tttf	0 1 2 5 0 5 3 7 6 5 4 5 3 5 8 5 9 5 9 10 11 5 12 5 12 1 ffftttttttttt
01230313ffft	01221333tttf	0 1 2 5 0 5 3 7 6 5 4 5 3 5 9 5 11 5 10 5 12 8 12 5 10 1 ffftttttttttt
01230313ffft	01231233tttf	0 1 2 5 0 5 3 8 6 5 4 5 3 5 9 5 11 5 10 5 12 7 12 5 10 1 ffftttttttttt
01230313ffft	12002333tttf	0 1 2 6 0 6 8 10 9 6 8 6 7 6 5 6 3 4 3 6 11 6 12 6 12 1 ffftttttttttt
01230313ffft	12032230ttft	0 1 2 6 0 6 11 1 12 6 11 6 9 6 8 6 10 6 5 6 10 4 3 7 3 6 ffftttttttttt
01230313ffft	12200333tttf	0 1 2 6 0 6 10 8 11 6 10 6 7 6 9 6 5 6 3 6 12 4 12 6 3 1 ffftttttttttt
