01021323ffft	0112233444ttttf	0 1 0 2 1 6 3 8 3 7 4 6 5 6 8 6 9 10 9 11 11 6 12 13 12 15 15 6 14 1 14 2 fffttttttttttttt
01021323ffft	0112332444ttttf	0 1 0 2 1 6 3 9 3 7 4 6 5 6 9 6 8 12 8 13 12 6 14 15 14 10 15 6 11 1 11 2 fffttttttttttttt
01021323ffft	0112342344ttttf	0 1 0 2 1 6 3 8 3 7 4 6 5 6 8 6 10 9 12 6 10 15 14 12 14 13 15 6 11 1 11 2 fffttttttttttttt
01021323ffft	0122133444ttttf	0 1 0 2 1 6 3 10 3 7 4 6 5 6 11 6 10 6 12 11 12 8 9 13 9 15 15 6 14 1 14 2 fffttttttttttttt
01021323ffft	0122331444ttttf	0 1 0 2 1 6 3 9 3 10 4 6 5 6 9 6 11 12 11 13 12 6 14 15 14 7 15 6 8 1 8 2 fffttttttttttttt
01021323ffft	0122341344ttttf	0 1 0 2 1 6 3 12 3 13 4 6 5 6 9 6 11 9 11 10 12 6 14 15 14 7 15 6 8 1 8 2 fffttttttttttttt
01021323ffft	0123123444ttttf	0 1 0 2 1 6 3 9 3 7 4 6 5 6 11 6 9 6 10 13 12 11 12 8 10 15 15 6 14 1 14 2 fffttttttttttttt
01021323ffft	0123143244ttttf	0 1 0 2 1 6 3 11 3 12 4 6 5 6 9 6 11 6 13 8 14 9 14 7 15 6 13 15 10 1 10 2 fffttttttttttttt
01021323ffft	0123143342tttft	0 1 0 2 1 7 3 12 3 13 4 7 8 7 6 7 10 9 12 7 10 15 14 4 14 5 15 7 11 1 11 2 fffttttttttttttt
01021323ffft	0123321444ttttf	0 1 0 2 1 6 3 8 3 9 4 6 5 6 8 6 11 7 12 6 11 15 14 12 14 13 15 6 10 1 10 2 fffttttttttttttt
01021323ffft	0123341244ttttf	0 1 0 2 1 6 3 11 3 12 4 6 5 6 8 6 10 7 11 6 14 8 14 9 15 6 10 15 13 1 13 2 fffttttttttttttt
01021323ffft	0123423314tttft	0 1 0 2 1 9 14 4 14 5 15 9 6 15 6 10 7 9 8 9 12 9 3 12 3 13 4 9 11 1 11 2 fffttttttttttttt
01021323ffft	0123443312tttft	0 1 0 2 1 9 14 12 14 13 15 9 6 15 6 10 7 9 8 9 12 9 3 4 3 5 4 9 11 1 11 2 fffttttttttttttt
01021323ffft	1203223440ttftt	0 1 0 2 1 12 13 1 13 2 5 4 5 11 6 12 8 6 8 7 9 12 14 12 15 12 3 9 3 10 4 12 fffttttttttttttt
01021323ffft	1203224034ttftt	0 1 0 2 1 11 12 1 12 2 15 6 15 7 8 11 5 10 6 11 13 11 14 11 3 8 3 9 4 11 5 4 fffttttttttttttt
01021323ffft	1203224430ttftt	0 1 0 2 1 10 13 1 13 2 11 4 11 9 12 10 6 10 14 10 15 10 5 6 5 7 3 12 3 8 4 10 fffttttttttttttt
01021323ffft	1203243044ttttf	0 1 0 2 1 6 11 15 11 13 12 6 9 6 10 5 7 6 4 6 10 4 3 7 3 8 15 6 14 1 14 2 fffttttttttttttt
01021323ffft	1203243340tttft	0 1 0 2 1 6 3 12 3 13 4 6 10 6 7 4 7 5 8 6 12 6 14 8 14 9 15 6 11 1 11 2 fffttttttttttttt
01021323ffft	1203302444ttttf	0 1 0 2 1 6 10 12 10 13 7 6 8 6 3 9 4 6 12 6 3 15 14 4 14 5 15 6 11 1 11 2 fffttttttttttttt
01021323ffft	1203342044ttttf	0 1 0 2 1 6 8 15 8 10 9 6 7 6 4 6 3 12 3 13 12 6 14 4 14 5 15 6 11 1 11 2 fffttttttttttttt
01021323ffft	1203443320tttft	0 1 0 2 1 6 7 12 7 13 8 6 10 6 3 4 3 5 4 6 12 6 14 8 14 9 15 6 11 1 11 2 fffttttttttttttt
01021323ffft	1223043044ttttf	0 1 0 2 1 6 11 15 11 7 12 6 13 6 4 6 8 4 8 5 9 6 14 9 14 10 15 6 3 1 3 2 fffttttttttttttt
01021323ffft	1223043340tttft	0 1 0 2 1 6 3 12 3 13 4 6 7 6 9 6 11 4 11 5 12 6 14 9 14 10 15 6 8 1 8 2 fffttttttttttttt
01021323ffft	1223340044ttttf	0 1 0 2 1 6 11 15 11 7 12 6 13 6 10 6 4 6 3 4 3 5 14 10 14 8 15 6 9 1 9 2 fffttttttttttttt
01021323ffft	1223443300tttft	0 1 0 2 1 6 11 12 11 13 12 6 7 6 9 6 3 4 3 5 4 6 14 9 14 10 15 6 8 1 8 2 fffttttttttttttt
01230313ffft	0112233444ttttf	0 1 2 5 0 5 3 7 6 5 4 5 3 5 8 5 9 5 9 10 11 5 12 5 12 13 14 5 15 5 15 1 fffttttttttttttt
01230313ffft	0112332444ttttf	0 1 2 5 0 5 3 7 6 5 4 5 3 5 8 5 9 5 9 10 12 5 14 5 13 5 15 11 15 5 13 1 fffttttttttttttt
01230313ffft	0112342344ttttf	0 1 2 5 0 5 3 7 6 5 4 5 3 5 8 5 9 5 9 11 12 5 14 5 13 5 15 10 15 5 13 1 fffttttttttttttt
01230313ffft	0122133444ttttf	0 1 2 5 0 5 3 7 6 5 4 5 3 5 9 5 11 5 10 5 12 8 12 5 10 13 14 5 15 5 15 1 fffttttttttttttt
01230313ffft	0122331444ttttf	0 1 2 5 0 5 3 11 6 5 4 5 3 5 9 5 12 5 10 5 13 7 14 5 13 5 15 8 15 5 10 1 fffttttttttttttt
01230313ffft	0122341344ttttf	0 1 2 5 0 5 3 7 6 5 4 5 3 5 9 5 12 5 10 5 13 11 14 5 13 5 15 8 15 5 10 1 fffttttttttttttt
01230313ffft	0123123444ttttf	0 1 2 5 0 5 3 8 6 5 4 5 3 5 9 5 11 5 10 5 12 7 12 5 10 13 14 5 15 5 15 1 fffttttttttttttt
01230313ffft	0123143244ttttf	0 1 2 5 0 5 3 9 6 5 4 5 3 5 8 5 10 5 12 5 10 11 14 5 13 5 15 7 15 5 13 1 fffttttttttttttt
01230313ffft	0123143342tttft	0 1 2 5 0 5 3 10 6 5 7 5 3 5 8 5 9 5 9 11 12 5 14 5 13 5 15 4 15 5 13 1 fffttttttttttttt
01230313ffft	0123321444ttttf	0 1 2 5 0 5 3 11 6 5 4 5 3 5 9 5 12 5 10 5 13 8 14 5 13 5 15 7 15 5 10 1 fffttttttttttttt
01230313ffft	0123341244ttttf	0 1 2 5 0 5 3 7 6 5 4 5 3 5 9 5 12 5 10 5 13 8 14 5 13 5 15 11 15 5 10 1 fffttttttttttttt
01230313ffft	0123423314tttft	0 1 2 8 0 8 15 5 15 8 11 8 6 10 9 8 7 8 6 8 14 8 12 8 3 13 4 8 3 8 12 1 fffttttttttttttt
01230313ffft	0123443312tttft	0 1 2 8 0 8 15 14 15 8 11 8 6 10 9 8 7 8 6 8 13 8 12 8 3 5 3 8 4 8 12 1 fffttttttttttttt
01230313ffft	1200233444ttttf	0 1 2 6 0 6 8 10 9 6 8 6 7 6 5 6 3 4 3 6 11 6 12 6 12 13 14 6 15 6 15 1 fffttttttttttttt
01230313ffft	1200332444ttttf	0 1 2 6 0 6 8 10 9 6 8 6 7 6 5 6 3 4 3 6 12 6 14 6 13 6 15 11 15 6 13 1 fffttttttttttttt
01230313ffft	1200342344ttttf	0 1 2 6 0 6 8 11 9 6 8 6 7 6 5 6 3 4 3 6 12 6 14 6 13 6 15 10 15 6 13 1 fffttttttttttttt
01230313ffft	1203223440ttftt	0 1 2 10 0 10 14 1 4 12 9 10 6 5 8 10 6 10 4 10 11 10 13 10 15 10 14 10 3 7 3 10 fffttttttttttttt
01230313ffft	1203224034ttftt	0 1 2 9 0 9 14 1 11 6 11 9 8 9 5 9 4 9 10 9 13 9 4 12 15 9 14 9 3 7 3 9 fffttttttttttttt
01230313ffft	1203224430ttftt	0 1 2 8 0 8 14 1 9 12 10 8 9 8 6 8 11 8 4 5 4 8 13 8 15 8 14 8 3 7 3 8 fffttttttttttttt
01230313ffft	1203243044ttttf	0 1 2 6 0 6 11 13 12 6 11 6 9 6 8 6 10 6 5 6 10 4 3 7 3 6 14 6 15 6 15 1 fffttttttttttttt
01230313ffft	1203243340tttft	0 1 2 10 0 10 3 9 5 10 3 10 7 10 8 10 8 4 12 10 11 10 14 10 13 10 15 6 15 10 13 1 fffttttttttttttt
01230313ffft	1203302444ttttf	0 1 2 5 0 5 9 10 7 5 6 5 8 5 3 5 9 5 3 11 12 5 14 5 13 5 15 4 15 5 13 1 fffttttttttttttt
01230313ffft	1203342044ttttf	0 1 2 6 0 6 8 11 9 6 8 6 7 6 5 6 3 10 3 6 12 6 14 6 13 6 15 4 15 6 13 1 fffttttttttttttt
01230313ffft	1203443320tttft	0 1 2 10 0 10 8 9 8 10 7 10 4 10 3 10 3 5 12 10 11 10 14 10 13 10 15 6 15 10 13 1 fffttttttttttttt
01230313ffft	1220033444ttttf	0 1 2 6 0 6 10 8 11 6 10 6 7 6 9 6 5 6 3 6 12 4 12 6 3 13 14 6 15 6 15 1 fffttttttttttttt
01230313ffft	1220330444ttttf	0 1 2 6 0 6 10 7 11 6 10 6 12 6 9 6 5 6 3 6 13 4 13 6 14 6 15 8 15 6 3 1 fffttttttttttttt
01230313ffft	1220340344ttttf	0 1 2 6 0 6 13 8 13 6 14 6 7 6 9 6 12 6 10 6 3 11 4 6 3 6 15 5 15 6 10 1 fffttttttttttttt
01230313ffft	1223043044ttttf	0 1 2 6 0 6 13 10 14 6 13 6 8 6 9 6 11 6 12 6 5 6 3 6 12 4 15 7 15 6 3 1 fffttttttttttttt
01230313ffft	1223043340tttft	0 1 2 7 0 7 3 6 5 7 3 7 9 7 8 7 11 7 10 7 13 4 13 7 14 7 15 12 15 7 10 1 fffttttttttttttt
01230313ffft	1223340044ttttf	0 1 2 6 0 6 13 8 14 6 13 6 7 6 9 6 12 6 10 6 3 4 5 6 3 6 15 11 15 6 10 1 fffttttttttttttt
01230313ffft	1223443300tttft	0 1 2 7 0 7 13 6 13 7 14 7 9 7 8 7 12 7 10 7 3 5 4 7 3 7 15 11 15 7 10 1 fffttttttttttttt
01230313ffft	1230032444ttttf	0 1 2 6 0 6 13 11 14 6 13 6 7 6 9 6 12 6 10 6 3 8 5 6 3 6 15 4 15 6 10 1 fffttttttttttttt
01230313ffft	1230042344ttttf	0 1 2 6 0 6 10 7 11 6 10 6 12 6 5 6 3 6 8 6 13 4 13 6 14 6 15 9 15 6 3 1 fffttttttttttttt
01230313ffft	1230230444ttttf	0 1 2 6 0 6 13 7 13 6 14 6 9 6 8 6 10 6 12 6 10 11 4 6 3 6 15 5 15 6 3 1 fffttttttttttttt
01230313ffft	1230240344ttttf	0 1 2 6 0 6 8 13 9 6 8 6 10 6 5 6 11 4 11 6 12 6 3 7 3 6 14 6 15 6 15 1 fffttttttttttttt
