0102132434fffft	01122333tttf	0 1 0 2 1 3 2 9 16 9 5 13 5 11 6 10 7 9 8 9 11 9 13 4 12 15 12 16 14 1 14 2 15 3 ffffttttttttttttt
0102132434fffft	01221333tttf	0 1 0 2 1 3 2 9 12 9 5 11 5 12 6 13 7 9 8 9 14 15 14 16 15 4 16 9 10 1 10 2 11 3 ffffttttttttttttt
0102132434fffft	01231233tttf	0 1 0 2 1 3 2 12 16 12 14 6 14 7 15 4 8 15 8 16 9 13 10 12 11 12 7 12 5 1 5 2 6 3 ffffttttttttttttt
0102132434fffft	12032230ttft	0 1 0 2 1 3 2 12 13 1 13 2 14 3 7 5 7 6 8 11 9 12 15 12 16 12 4 8 4 9 5 10 6 12 ffffttttttttttttt
0102321422fffft	01122333tttf	0 1 0 2 3 2 1 7 15 7 5 12 5 13 8 13 9 13 6 7 12 7 11 15 11 16 10 16 14 1 14 2 4 2 ffffttttttttttttt
0102321422fffft	01221333tttf	0 1 0 2 3 2 1 8 11 8 5 11 5 12 9 12 7 12 6 8 14 15 14 16 4 16 15 8 10 1 10 2 13 2 ffffttttttttttttt
0102321422fffft	01231233tttf	0 1 0 2 3 2 1 9 15 9 14 6 14 13 7 15 7 16 10 16 11 16 8 9 6 9 12 13 5 1 5 2 4 2 ffffttttttttttttt
0102321422fffft	12002333tttf	0 1 0 2 3 2 1 8 15 8 11 15 11 16 13 16 10 16 12 8 9 7 5 6 5 7 6 8 14 1 14 2 4 2 ffffttttttttttttt
0102321422fffft	12032230ttft	0 1 0 2 3 2 1 7 13 1 13 2 16 2 15 2 8 5 8 6 11 6 9 7 14 7 4 9 4 10 12 10 5 7 ffffttttttttttttt
0102321422fffft	12200333tttf	0 1 0 2 3 2 1 10 8 10 12 10 4 9 11 15 11 16 13 16 6 16 14 8 14 9 15 10 7 1 7 2 5 2 ffffttttttttttttt
0102322412fffft	12200333tttf	0 1 0 2 3 2 2 9 10 9 6 9 4 10 11 15 11 16 12 16 13 16 14 8 14 10 16 9 7 1 7 2 5 2 ffffttttttttttttt
0102324213fftff	01122333tttf	0 2 2 3 0 8 1 8 4 9 6 10 4 8 5 8 7 8 11 8 12 8 11 13 9 14 15 8 16 8 15 2 13 3 ffffttttttttttttt
0102324213fftff	01231233tttf	0 2 2 3 0 6 1 6 4 10 4 6 7 6 8 6 5 9 11 6 12 6 10 14 15 13 15 6 16 6 12 2 13 3 ffffttttttttttttt
0102341224fffft	01122333tttf	0 1 0 3 1 3 2 7 4 10 4 9 8 7 6 7 5 9 11 7 12 13 10 13 12 15 14 7 15 3 16 3 16 1 ffffttttttttttttt
0102341224fffft	01221333tttf	0 1 0 3 1 3 2 8 4 11 4 12 5 12 6 8 7 8 13 8 16 15 16 9 14 8 15 9 11 3 10 3 10 1 ffffttttttttttttt
0102341224fffft	01231233tttf	0 1 0 3 1 3 2 11 15 7 14 6 14 7 16 11 8 15 8 13 12 11 10 11 9 13 4 11 5 1 5 3 6 3 ffffttttttttttttt
0102341224fffft	12002333tttf	0 1 0 3 1 3 2 8 11 15 11 13 12 13 10 8 9 8 6 8 5 7 4 5 4 7 14 8 15 3 16 3 16 1 ffffttttttttttttt
0102341224fffft	12032230ttft	0 2 2 3 0 3 1 12 13 2 13 3 14 3 7 5 7 11 10 12 8 11 16 12 15 12 4 8 4 9 6 12 5 9 ffffttttttttttttt
0102341224fffft	12200333tttf	0 1 0 3 1 3 2 8 10 15 10 9 11 9 13 8 12 8 6 8 16 5 16 7 14 8 15 7 5 3 4 3 4 1 ffffttttttttttttt
0102341424fffft	01122333tttf	0 1 0 2 3 8 1 8 16 8 5 12 5 10 9 8 7 8 6 8 11 8 12 8 14 13 4 8 14 16 15 1 15 2 ffffttttttttttttt
0102341424fffft	01221333tttf	0 1 0 2 3 9 1 9 13 9 14 9 6 13 6 11 10 9 8 9 7 9 4 9 15 16 15 5 16 9 12 1 12 2 ffffttttttttttttt
0102341424fffft	01231233tttf	0 1 0 2 3 10 1 10 16 10 15 6 15 12 7 16 7 13 11 10 9 10 8 10 14 10 4 10 6 10 5 1 5 2 ffffttttttttttttt
0102341424fffft	12002333tttf	0 1 0 2 3 8 1 8 16 8 12 16 12 14 10 8 9 8 11 8 6 8 13 8 5 6 5 7 4 8 15 1 15 2 ffffttttttttttttt
0102341424fffft	12032230ttft	0 1 0 3 1 9 2 9 14 1 14 3 6 5 6 12 10 9 11 9 7 9 13 9 16 9 15 9 4 7 4 8 5 9 ffffttttttttttttt
0102341424fffft	12200333tttf	0 1 0 2 3 6 1 6 8 6 9 6 7 6 4 6 12 5 13 6 14 6 12 16 15 8 15 10 16 6 11 1 11 2 ffffttttttttttttt
0123031434fffft	01122333tttf	0 1 2 3 0 3 1 9 15 9 5 11 7 10 5 10 6 9 8 9 11 9 12 4 13 4 13 15 14 1 16 3 14 3 ffffttttttttttttt
0123031434fffft	01221333tttf	0 1 2 3 0 3 1 9 11 9 5 11 7 12 5 12 6 9 8 9 14 15 16 4 15 9 14 4 10 1 13 3 10 3 ffffttttttttttttt
0123031434fffft	01231233tttf	0 1 2 3 0 3 1 11 15 11 14 7 14 4 16 4 8 15 12 13 9 11 10 11 8 13 7 11 5 1 6 3 5 3 ffffttttttttttttt
0123031434fffft	12002333tttf	0 1 2 3 0 3 1 9 15 9 12 15 13 4 12 4 10 9 11 9 7 8 6 9 5 6 5 8 14 1 16 3 14 3 ffffttttttttttttt
0123031434fffft	12032230ttft	0 1 2 3 0 3 1 12 13 1 14 3 13 3 7 5 10 11 8 12 7 11 15 12 16 12 4 8 4 9 6 9 5 12 ffffttttttttttttt
0123031434fffft	12200333tttf	0 1 2 3 0 3 1 8 5 8 11 4 10 4 12 8 13 8 10 15 14 5 14 7 16 7 15 8 9 1 6 3 9 3 ffffttttttttttttt
0123044313ffftf	01122333tttf	0 2 0 3 1 7 2 7 14 7 5 11 9 7 8 7 6 7 5 10 11 7 12 7 13 4 13 14 16 7 15 2 15 3 ffffttttttttttttt
0123044313ffftf	01221333tttf	0 2 0 3 1 8 2 8 14 8 13 8 6 14 10 8 9 8 7 8 6 11 5 8 15 5 15 4 16 8 12 2 12 3 ffffttttttttttttt
0123044313ffftf	01231233tttf	0 2 0 3 1 8 2 8 10 8 5 10 5 11 6 8 9 8 7 8 14 8 13 8 15 13 16 8 15 4 12 2 12 3 ffffttttttttttttt
0123044313ffftf	12002333tttf	0 2 0 3 1 7 2 7 14 7 12 14 13 7 9 7 10 7 6 7 11 7 12 4 5 6 5 8 16 7 15 2 15 3 ffffttttttttttttt
0123044313ffftf	12032230ttft	0 3 0 2 3 10 1 10 14 3 14 2 6 12 6 13 7 10 8 10 11 10 12 10 15 10 16 10 4 8 4 9 5 10 ffffttttttttttttt
0123044313ffftf	12200333tttf	0 2 0 3 1 6 2 6 10 6 9 6 7 6 5 6 12 5 12 4 13 6 14 6 15 10 15 11 16 6 8 2 8 3 ffffttttttttttttt
0123431303ffftf	01122333tttf	0 1 2 7 3 7 0 7 16 7 5 10 8 7 6 7 9 7 5 7 11 7 12 7 13 7 13 14 15 7 4 7 16 1 ffffttttttttttttt
0123431303ffftf	01221333tttf	0 1 2 8 3 8 0 8 14 8 15 8 6 12 9 8 7 8 10 8 6 8 13 8 5 8 4 8 16 11 16 8 14 1 ffffttttttttttttt
0123431303ffftf	01231233tttf	0 1 2 8 3 8 0 8 16 8 16 12 6 11 9 8 7 8 10 8 6 8 13 8 14 8 15 8 4 8 5 8 5 1 ffffttttttttttttt
0123431303ffftf	12032230ttft	0 2 0 10 3 10 1 10 15 2 5 9 7 10 8 10 5 10 12 10 11 10 13 10 14 10 16 10 15 10 4 6 4 10 ffffttttttttttttt
0123431303ffftf	12200333tttf	0 1 2 8 3 8 0 8 11 8 12 8 13 8 10 8 9 8 6 8 4 8 14 5 15 8 14 8 16 7 16 8 11 1 ffffttttttttttttt
