0101tf	11223333fftf	0 2 0 1 0 3 0 1 ffft
0101tf	11232222ffft	0 2 0 1 0 3 0 1 ffft
0101tf	12111311ffft	0 2 0 1 0 3 0 1 ffft
0101tf	12113311ffft	0 2 0 1 0 3 0 1 ffft
0111tf	11223333fftf	0 2 1 1 3 3 1 1 ffft
0111tf	11232222ffft	0 2 1 1 1 3 1 1 ffft
0111tf	12111311ffft	0 2 1 1 1 3 1 1 ffft
0111tf	12113111ffft	0 2 1 1 3 1 1 1 ffft
0111tf	12113311ffft	0 2 1 1 3 3 1 1 ffft
1111tf	11223333fftf	2 2 1 1 3 3 1 1 ffft
1111tf	11232222ffft	2 2 1 1 1 3 1 1 ffft
1111tf	12111311ffft	1 2 1 1 1 3 1 1 ffft
1111tf	12113111ffft	1 2 1 1 3 1 1 1 ffft
1111tf	12113311ffft	1 2 1 1 3 3 1 1 ffft
1111tf	12233333fftf	1 3 3 2 2 2 2 2 ffft
