01023212tfft	121111fft	0 4 2 5 0 3 1 3 0 3 1 3 fffftt
01210333tftf	112222ftf	0 4 0 5 1 2 3 3 1 2 3 3 fffftt
01210333tftf	121111fft	0 4 0 5 1 2 3 3 1 2 3 3 fffftt
01211333tftf	112222ftf	0 4 4 5 1 2 3 3 1 2 3 3 fffftt
01211333tftf	121111fft	0 4 2 5 1 2 3 3 1 2 3 3 fffftt
01212333tftf	112222ftf	0 4 1 5 1 2 3 3 1 2 3 3 fffftt
01212333tftf	121111fft	0 4 1 5 1 2 3 3 1 2 3 3 fffftt
01213121tfft	112222ftf	0 4 5 4 3 2 1 2 3 2 1 2 fffftt
01213131tftf	112222ftf	0 4 5 4 1 2 3 2 1 2 3 2 fffftt
01213133tftf	112222ftf	0 4 5 4 1 2 3 3 1 2 3 3 fffftt
01213333tftf	112222ftf	0 4 5 5 1 2 3 3 1 2 3 3 fffftt
01213333tftf	121111fft	0 4 3 5 1 2 3 3 1 2 3 3 fffftt
01230313tftf	112222ftf	0 4 0 5 1 3 2 3 1 3 2 3 fffftt
01230313tftf	121111fft	0 4 0 5 1 3 2 3 1 3 2 3 fffftt
01230323ttff	112222ftf	0 3 0 2 1 2 4 5 0 2 1 2 fffftt
01231123ttff	112222ftf	0 3 3 3 1 2 4 5 3 3 1 2 fffftt
01231323ttff	112222ftf	0 3 3 2 1 2 4 5 3 2 1 2 fffftt
01231333tftf	121111fft	0 4 2 5 1 3 3 3 1 3 3 3 fffftt
01232313tftf	112222ftf	0 4 1 5 1 3 2 3 1 3 2 3 fffftt
01232313tftf	121111fft	0 4 1 5 1 3 2 3 1 3 2 3 fffftt
01233123ttff	112222ftf	0 3 2 3 1 2 4 5 2 3 1 2 fffftt
12121313tftf	112222ftf	4 1 4 5 2 1 2 3 2 1 2 3 fffftt
12121333tftf	112222ftf	4 1 4 5 2 1 3 3 2 1 3 3 fffftt
12123233tftf	112222ftf	4 1 5 1 2 1 3 3 2 1 3 3 fffftt
12123333tftf	112222ftf	4 1 5 5 2 1 3 3 2 1 3 3 fffftt
12131323ttff	112222ftf	1 4 1 5 1 3 2 3 1 3 2 3 fffftt
12131323ttff	121111fft	1 4 1 5 1 3 2 3 1 3 2 3 fffftt
