01020303tttf	1111tf	0 2 0 1 0 3 0 1 tftt
01020313tfff	1111tf	0 3 0 2 3 2 0 1 tfff
01020313ttff	1111tf	0 3 3 1 0 1 0 2 tfft
01020313tttf	1111tf	0 2 2 1 0 3 0 1 tftt
01020323tfff	1111tf	0 3 0 2 1 2 0 1 tfff
01020323ttff	1111tf	0 3 2 1 0 1 0 2 tfft
01020323tttf	1111tf	0 2 3 1 0 3 0 1 tftt
01020333tfff	1111tf	0 3 0 2 2 2 0 1 tfff
01020333ttff	1111tf	0 3 1 1 0 1 0 2 tfft
01020333tttf	1111tf	0 2 1 1 0 3 0 1 tftt
01021313tttf	1111tf	0 2 2 1 0 3 2 1 tftt
01021323tfff	1111tf	0 3 3 2 1 2 0 1 tfff
01021323ttff	1111tf	0 3 2 1 3 1 0 2 tfft
01021323tttf	1111tf	0 2 3 1 0 3 2 1 tftt
01021333tfff	1111tf	0 3 3 2 2 2 0 1 tfff
01021333ttff	1111tf	0 3 1 1 3 1 0 2 tfft
01021333tttf	1111tf	0 2 1 1 0 3 2 1 tftt
01022323tttf	1111tf	0 2 3 1 0 3 3 1 tftt
01022333tttf	1111tf	0 2 1 1 0 3 3 1 tftt
01023201tfff	1111tf	0 3 0 3 1 2 0 2 tfff
01023201ttff	1111tf	0 3 0 3 1 2 0 2 tfft
01023201tttf	1111tf	0 2 0 2 0 3 1 3 tftt
01023202ttff	1111tf	0 3 0 2 1 2 0 2 tfft
01023202tttf	1111tf	0 2 0 3 0 3 1 3 tftt
01023211tfff	1111tf	0 3 2 1 3 3 0 1 tfff
01023211tfft	1111tf	0 2 3 1 0 1 2 2 tfft
01023211ttff	1111tf	0 3 3 3 1 2 0 2 tfft
01023211ttft	1111tf	0 3 2 1 3 3 0 1 tftt
01023211tttf	1111tf	0 2 2 2 0 3 1 3 tftt
01023212tfff	1111tf	0 3 2 1 3 1 0 1 tfff
01023212tfft	1111tf	0 2 3 1 0 1 2 1 tfft
01023212ttff	1111tf	0 3 3 2 1 2 0 2 tfft
01023212ttft	1111tf	0 2 3 1 0 1 2 1 tftt
01023212tttf	1111tf	0 2 2 3 0 3 1 3 tftt
01023221tfff	1111tf	0 3 2 1 1 3 0 1 tfff
01023221tfft	1111tf	0 2 3 1 0 1 1 2 tfft
01023221ttff	1111tf	0 3 2 3 1 2 0 2 tfft
01023221ttft	1111tf	0 2 3 1 0 1 1 2 tftt
01023221tttf	1111tf	0 2 3 2 0 3 1 3 tftt
01023222tfft	1111tf	0 2 3 1 0 1 1 1 tfft
01023222ttft	1111tf	0 2 3 1 0 1 1 1 tftt
01023222tttf	1111tf	0 2 3 3 0 3 1 3 tftt
01023231tfff	1111tf	0 3 2 1 2 3 0 1 tfff
01023231ttff	1111tf	0 3 1 3 1 2 0 2 tfft
01023231tttf	1111tf	0 2 1 2 0 3 1 3 tftt
01023232ttft	1111tf	0 2 3 1 0 1 3 1 tftt
01023232tttf	1111tf	0 2 1 3 0 3 1 3 tftt
01023233tttf	1111tf	0 2 1 1 0 3 1 3 tftt
01023333tttf	1111tf	0 2 1 1 0 3 1 1 tftt
01121313tttf	1111tf	0 2 2 1 2 3 2 1 tftt
01121323ttff	1111tf	0 3 2 1 3 1 3 2 tfft
01121323tttf	1111tf	0 2 3 1 2 3 2 1 tftt
01121333ttff	1111tf	0 3 1 1 3 1 3 2 tfft
01121333tttf	1111tf	0 2 1 1 2 3 2 1 tftt
01122323tttf	1111tf	0 2 3 1 2 3 3 1 tftt
01122333tttf	1111tf	0 2 1 1 2 3 3 1 tftt
01123212ttff	1111tf	0 3 3 2 1 2 3 2 tfft
01123212tttf	1111tf	0 2 2 3 2 3 1 3 tftt
01123222ttft	1111tf	0 2 3 1 2 1 1 1 tftt
01123222tttf	1111tf	0 2 3 3 2 3 1 3 tftt
01123232tttf	1111tf	0 2 1 3 2 3 1 3 tftt
01123233tttf	1111tf	0 2 1 1 2 3 1 3 tftt
01123333tttf	1111tf	0 2 1 1 2 3 1 1 tftt
01210321ttff	1111tf	0 3 2 3 0 1 2 3 tfft
01210321tttf	1111tf	0 2 3 2 3 2 0 1 tftt
01210323ttff	1111tf	0 3 2 1 0 1 2 3 tfft
01210323tttf	1111tf	0 2 3 1 3 2 0 1 tftt
01210333tfff	1111tf	0 3 1 1 0 1 2 3 tfff
01210333tftf	1111tf	0 2 1 1 3 2 0 1 tfft
01210333ttff	1111tf	0 3 1 1 0 1 2 3 tfft
01210333tttf	1111tf	0 2 1 1 3 2 0 1 tftt
01211321ttff	1111tf	0 3 2 3 3 1 2 3 tfft
01211321tttf	1111tf	0 2 3 2 3 2 2 1 tftt
01211323ttff	1111tf	0 3 2 1 3 1 2 3 tfft
01211323tttf	1111tf	0 2 3 1 3 2 2 1 tftt
01211333tftf	1111tf	0 2 1 1 3 2 2 1 tfft
01211333ttff	1111tf	0 3 1 1 3 1 2 3 tfft
01211333tttf	1111tf	0 2 1 1 3 2 2 1 tftt
01212321ttff	1111tf	0 3 2 3 2 1 2 3 tfft
01212321tttf	1111tf	0 2 3 2 3 2 3 1 tftt
01212322ttft	1111tf	0 2 1 3 1 2 1 1 tftt
01212322tttf	1111tf	0 2 3 3 3 2 3 1 tftt
01212323tttf	1111tf	0 2 3 1 3 2 3 1 tftt
01212333tftf	1111tf	0 2 1 1 3 2 3 1 tfft
01212333tttf	1111tf	0 2 1 1 3 2 3 1 tftt
01213101tfff	1111tf	0 3 2 3 0 3 1 3 tfff
01213101tftf	1111tf	0 2 0 2 3 2 1 2 tfft
01213101ttff	1111tf	0 3 0 3 1 3 2 3 tfft
01213101tttf	1111tf	0 2 0 2 3 2 1 2 tftt
01213111tfft	1111tf	0 2 3 2 1 2 2 2 tfft
01213111tftf	1111tf	0 2 2 2 3 2 1 2 tfft
01213111tftt	1111tf	0 1 2 1 3 1 1 1 tftt
01213111ttff	1111tf	0 3 3 3 1 3 2 3 tfft
01213111ttft	1111tf	0 3 2 3 3 3 1 3 tftt
01213111tttf	1111tf	0 2 2 2 3 2 1 2 tftt
01213121tfft	1111tf	0 2 3 2 1 2 1 2 tfft
01213121tttf	1111tf	0 2 3 2 3 2 1 2 tftt
01213123ttff	1111tf	0 3 2 1 1 3 2 3 tfft
01213123tttf	1111tf	0 2 3 1 3 2 1 2 tftt
01213131tftf	1111tf	0 2 1 2 3 2 1 2 tfft
01213131tttf	1111tf	0 2 1 2 3 2 1 2 tftt
01213132ttff	1111tf	0 3 1 2 1 3 2 3 tfft
01213132tttf	1111tf	0 2 1 3 3 2 1 2 tftt
01213133tftf	1111tf	0 2 1 1 3 2 1 2 tfft
01213133ttff	1111tf	0 3 1 1 1 3 2 3 tfft
01213133tttf	1111tf	0 2 1 1 3 2 1 2 tftt
01213232tttf	1111tf	0 2 1 3 3 2 1 3 tftt
01213233tttf	1111tf	0 2 1 1 3 2 1 3 tftt
01213321ttff	1111tf	0 3 2 3 1 1 2 3 tfft
01213321tttf	1111tf	0 2 3 2 3 2 1 1 tftt
01213323tttf	1111tf	0 2 3 1 3 2 1 1 tftt
01213333tftf	1111tf	0 2 1 1 3 2 1 1 tfft
01213333tttf	1111tf	0 2 1 1 3 2 1 1 tftt
01222323tttf	1111tf	0 2 3 1 3 3 3 1 tftt
01222333tttf	1111tf	0 2 1 1 3 3 3 1 tftt
01223232tttf	1111tf	0 2 1 3 3 3 1 3 tftt
01223233tttf	1111tf	0 2 1 1 3 3 1 3 tftt
01223333tttf	1111tf	0 2 1 1 3 3 1 1 tftt
01230113tfff	1111tf	0 3 3 1 0 3 2 1 tfff
01230123ttff	1111tf	0 3 2 1 0 3 2 1 tfft
01230133tfff	1111tf	0 3 1 1 0 3 2 1 tfff
01230133ttff	1111tf	0 3 1 1 0 3 2 1 tfft
01230313tfff	1111tf	0 3 3 1 0 1 2 1 tfff
01230313tftf	1111tf	0 2 2 1 3 1 0 1 tfft
01230313tttf	1111tf	0 2 2 1 3 1 0 1 tftt
01230323ttff	1111tf	0 3 2 1 0 1 2 1 tfft
01230323tttf	1111tf	0 2 3 1 3 1 0 1 tftt
01230333tfff	1111tf	0 3 1 1 0 1 2 1 tfff
01230333tftf	1111tf	0 2 1 1 3 1 0 1 tfft
01230333ttff	1111tf	0 3 1 1 0 1 2 1 tfft
01230333tttf	1111tf	0 2 1 1 3 1 0 1 tftt
01231123ttff	1111tf	0 3 2 1 3 3 2 1 tfft
01231123tttf	1111tf	0 3 2 1 3 3 2 1 tftt
01231133tftf	1111tf	0 2 1 1 3 1 2 2 tfft
01231133ttff	1111tf	0 3 1 1 3 3 2 1 tfft
01231133tttf	1111tf	0 3 1 1 3 3 2 1 tftt
01231323ttff	1111tf	0 3 2 1 3 1 2 1 tfft
01231333tftf	1111tf	0 2 1 1 3 1 2 1 tfft
01231333ttff	1111tf	0 3 1 1 3 1 2 1 tfft
01232123ttff	1111tf	0 3 2 1 2 3 2 1 tfft
01232133ttff	1111tf	0 3 1 1 2 3 2 1 tfft
01232222ttft	1111tf	0 2 1 1 1 3 1 1 tftt
01232313tftf	1111tf	0 2 2 1 3 1 3 1 tfft
01232333tftf	1111tf	0 2 1 1 3 1 3 1 tfft
01233123ttff	1111tf	0 3 2 1 1 3 2 1 tfft
01233123tttf	1111tf	0 2 3 1 3 1 1 2 tftt
01233133tftf	1111tf	0 2 1 1 3 1 1 2 tfft
01233133ttff	1111tf	0 3 1 1 1 3 2 1 tfft
01233133tttf	1111tf	0 2 1 1 3 1 1 2 tftt
01233323tttf	1111tf	0 2 3 1 3 1 1 1 tftt
01233333tftf	1111tf	0 2 1 1 3 1 1 1 tfft
01233333tttf	1111tf	0 2 1 1 3 1 1 1 tftt
11121313tttf	1111tf	2 2 2 1 2 3 2 1 tftt
11121323ttff	1111tf	3 3 2 1 3 1 3 2 tfft
11121323tttf	1111tf	2 2 3 1 2 3 2 1 tftt
11121333ttff	1111tf	3 3 1 1 3 1 3 2 tfft
11121333tttf	1111tf	2 2 1 1 2 3 2 1 tftt
11122323tttf	1111tf	2 2 3 1 2 3 3 1 tftt
11122333tttf	1111tf	2 2 1 1 2 3 3 1 tftt
11123212ttff	1111tf	3 3 3 2 1 2 3 2 tfft
11123212tttf	1111tf	2 2 2 3 2 3 1 3 tftt
11123222ttft	1111tf	2 2 3 1 2 1 1 1 tftt
11123222tttf	1111tf	2 2 3 3 2 3 1 3 tftt
11123232tttf	1111tf	2 2 1 3 2 3 1 3 tftt
11123233tttf	1111tf	2 2 1 1 2 3 1 3 tftt
11123333tttf	1111tf	2 2 1 1 2 3 1 1 tftt
11222323tttf	1111tf	2 2 3 1 3 3 3 1 tftt
11222333tttf	1111tf	2 2 1 1 3 3 3 1 tftt
11223333tttf	1111tf	2 2 1 1 3 3 1 1 tftt
11232222ttft	1111tf	2 2 1 1 1 3 1 1 tftt
12111311tftt	1111tf	1 2 1 1 1 3 1 1 tftt
12121313tftf	1111tf	2 3 2 1 2 3 2 1 tfft
12121333tftf	1111tf	2 3 1 1 2 3 2 1 tfft
12123233tftf	1111tf	2 3 1 1 2 3 1 3 tfft
12123333tftf	1111tf	2 3 1 1 2 3 1 1 tfft
12131113tttf	1111tf	3 2 3 1 3 3 3 1 tftt
12131133tttf	1111tf	3 2 1 1 3 3 3 1 tftt
12131323ttff	1111tf	3 2 2 1 3 1 3 1 tfft
12131333ttff	1111tf	3 2 1 1 3 1 3 1 tfft
12133233tttf	1111tf	2 3 1 1 2 1 1 3 tftt
12133333tttf	1111tf	2 3 1 1 2 1 1 1 tftt
12222323tttf	1111tf	2 3 3 1 3 3 3 1 tftt
12222333tttf	1111tf	2 3 1 1 3 3 3 1 tftt
12223333tttf	1111tf	2 3 1 1 3 3 1 1 tftt
12233333tttf	1111tf	2 3 1 1 3 1 1 1 tftt
12321333tftf	1111tf	2 3 1 1 1 3 2 1 tfft
12321333tttf	1111tf	2 3 1 1 1 3 2 1 tftt
12323333tftf	1111tf	2 3 1 1 1 3 1 1 tfft
12323333tttf	1111tf	2 3 1 1 1 3 1 1 tftt
