01210333tfff	1122334444ffftf	0 4 3 1 2 2 0 2 6 5 9 7 0 8 3 1 2 2 0 2 fffffffttt
01210333tfff	1211334411fffft	0 4 3 1 2 2 0 2 6 5 9 7 0 8 3 1 2 2 0 2 fffffffttt
01210333tftf	1122334444ffftf	0 4 0 5 1 2 3 3 1 6 7 7 1 8 9 9 1 2 3 3 fffffffftt
01210333tftf	1122343333fffft	0 4 0 5 1 2 3 3 1 6 7 7 1 8 3 9 1 2 3 3 fffffffftt
01210333tftf	1123222422fffft	0 4 0 5 1 2 3 3 1 6 3 7 1 8 3 9 1 2 3 3 fffffffftt
01210333tftf	1123224422fffft	0 4 0 5 1 2 3 3 1 6 3 7 1 8 9 9 1 2 3 3 fffffffftt
01210333tftf	1211131411fffft	0 4 0 5 1 2 3 3 1 6 3 7 1 8 3 9 1 2 3 3 fffffffftt
01210333tftf	1211134411fffft	0 4 0 5 1 2 3 3 1 6 3 7 1 8 9 9 1 2 3 3 fffffffftt
01210333tftf	1211331411fffft	0 4 0 5 1 2 3 3 1 6 7 7 1 8 3 9 1 2 3 3 fffffffftt
01210333tftf	1211334411fffft	0 4 0 5 1 2 3 3 1 6 7 7 1 8 9 9 1 2 3 3 fffffffftt
01210333tftf	1211341113ffftf	0 4 3 1 2 2 0 5 3 6 9 7 3 8 2 9 3 1 2 2 fffffffftt
01210333tftf	1233343331ftfff	0 4 0 5 1 2 3 3 1 6 3 7 1 8 3 9 1 2 3 3 fffffffftt
01211333tftf	1122334444ffftf	0 4 4 5 1 2 3 3 1 6 7 7 1 8 9 9 1 2 3 3 fffffffftt
01211333tftf	1122343333fffft	0 4 4 5 1 2 3 3 1 6 7 7 1 8 3 9 1 2 3 3 fffffffftt
01211333tftf	1123222422fffft	0 4 4 5 1 2 3 3 1 6 3 7 1 8 3 9 1 2 3 3 fffffffftt
01211333tftf	1123224422fffft	0 4 4 5 1 2 3 3 1 6 3 7 1 8 9 9 1 2 3 3 fffffffftt
01211333tftf	1211131411fffft	0 4 2 5 1 2 3 3 1 6 3 7 1 8 3 9 1 2 3 3 fffffffftt
01211333tftf	1211134411fffft	0 4 2 5 1 2 3 3 1 6 3 7 1 8 9 9 1 2 3 3 fffffffftt
01211333tftf	1211331411fffft	0 4 2 5 1 2 3 3 1 6 7 7 1 8 3 9 1 2 3 3 fffffffftt
01211333tftf	1211334411fffft	0 4 2 5 1 2 3 3 1 6 7 7 1 8 9 9 1 2 3 3 fffffffftt
01211333tftf	1211341113ffftf	0 4 3 1 2 2 1 5 3 6 9 7 3 8 2 9 3 1 2 2 fffffffftt
01211333tftf	1233343331ftfff	0 2 1 1 5 6 1 7 5 4 8 3 5 8 1 9 5 4 1 1 fffffffftt
01212333tftf	1122334444ffftf	0 4 1 5 1 2 3 3 1 6 7 7 1 8 9 9 1 2 3 3 fffffffftt
01212333tftf	1122343333fffft	0 4 1 5 1 2 3 3 1 6 7 7 1 8 3 9 1 2 3 3 fffffffftt
01212333tftf	1123222422fffft	0 4 1 5 1 2 3 3 1 6 3 7 1 8 3 9 1 2 3 3 fffffffftt
01212333tftf	1123224422fffft	0 4 1 5 1 2 3 3 1 6 3 7 1 8 9 9 1 2 3 3 fffffffftt
01212333tftf	1211131411fffft	0 4 1 5 1 2 3 3 1 6 3 7 1 8 3 9 1 2 3 3 fffffffftt
01212333tftf	1211134411fffft	0 4 1 5 1 2 3 3 1 6 3 7 1 8 9 9 1 2 3 3 fffffffftt
01212333tftf	1211331411fffft	0 4 1 5 1 2 3 3 1 6 7 7 1 8 3 9 1 2 3 3 fffffffftt
01212333tftf	1211334411fffft	0 4 1 5 1 2 3 3 1 6 7 7 1 8 9 9 1 2 3 3 fffffffftt
01212333tftf	1211341113ffftf	0 4 3 1 2 2 3 5 3 6 9 7 3 8 2 9 3 1 2 2 fffffffftt
01212333tftf	1233343331ftfff	0 4 1 5 1 2 3 3 1 6 3 7 1 8 3 9 1 2 3 3 fffffffftt
01213101tfff	1122334444ffftf	0 4 2 1 3 1 0 1 6 5 8 7 9 7 2 1 3 1 0 1 fffffffttt
01213101tfff	1211334411fffft	0 4 2 1 3 1 0 1 6 5 8 7 9 7 2 1 3 1 0 1 fffffffttt
01213121tfft	1122334444ffftf	0 4 5 4 3 2 1 2 7 6 1 6 9 8 1 8 3 2 1 2 fffffffftt
01213131tftf	1122334444ffftf	0 4 5 4 1 2 3 2 1 6 7 6 1 8 9 8 1 2 3 2 fffffffftt
01213133tftf	1122334444ffftf	0 4 5 4 1 2 3 3 1 6 7 7 1 8 9 9 1 2 3 3 fffffffftt
01213133tftf	1122343333fffft	0 4 5 4 1 2 3 3 1 6 7 7 1 8 3 9 1 2 3 3 fffffffftt
01213133tftf	1123222422fffft	0 4 5 4 1 2 3 3 1 6 3 7 1 8 3 9 1 2 3 3 fffffffftt
01213133tftf	1123224422fffft	0 4 5 4 1 2 3 3 1 6 3 7 1 8 9 9 1 2 3 3 fffffffftt
01213333tftf	1122334444ffftf	0 4 5 5 1 2 3 3 1 6 7 7 1 8 9 9 1 2 3 3 fffffffftt
01213333tftf	1122343333fffft	0 4 5 5 1 2 3 3 1 6 7 7 1 8 3 9 1 2 3 3 fffffffftt
01213333tftf	1123222422fffft	0 4 5 5 1 2 3 3 1 6 3 7 1 8 3 9 1 2 3 3 fffffffftt
01213333tftf	1123224422fffft	0 4 5 5 1 2 3 3 1 6 3 7 1 8 9 9 1 2 3 3 fffffffftt
01213333tftf	1211131411fffft	0 4 3 5 1 2 3 3 1 6 3 7 1 8 3 9 1 2 3 3 fffffffftt
01213333tftf	1211134411fffft	0 4 3 5 1 2 3 3 1 6 3 7 1 8 9 9 1 2 3 3 fffffffftt
01213333tftf	1211331411fffft	0 4 3 5 1 2 3 3 1 6 7 7 1 8 3 9 1 2 3 3 fffffffftt
01213333tftf	1211334411fffft	0 4 3 5 1 2 3 3 1 6 7 7 1 8 9 9 1 2 3 3 fffffffftt
01213333tftf	1211341113ffftf	0 4 3 1 2 2 2 5 3 6 9 7 3 8 2 9 3 1 2 2 fffffffftt
01213333tftf	1233343331ftfff	0 2 1 1 5 6 1 7 5 4 9 3 5 8 1 9 5 4 1 1 fffffffftt
01230313tftf	1122334444ffftf	0 4 0 5 1 3 2 3 1 7 6 7 1 9 8 9 1 3 2 3 fffffffftt
01230313tftf	1211334411fffft	0 4 0 5 1 3 2 3 1 7 6 7 1 9 8 9 1 3 2 3 fffffffftt
01230323ttff	1122334444ffftf	0 3 0 2 1 2 4 5 0 7 6 7 0 9 8 9 0 2 1 2 fffffffftt
01231323ttff	1122334444ffftf	0 3 3 2 1 2 4 5 3 7 6 7 3 9 8 9 3 2 1 2 fffffffftt
01232313tftf	1122334444ffftf	0 4 1 5 1 3 2 3 1 7 6 7 1 9 8 9 1 3 2 3 fffffffftt
01232313tftf	1211334411fffft	0 4 1 5 1 3 2 3 1 7 6 7 1 9 8 9 1 3 2 3 fffffffftt
01233123ttff	1122334444ffftf	0 3 2 3 1 2 4 5 7 3 6 7 9 3 8 9 2 3 1 2 fffffffftt
01233123ttff	1123344444ffftf	0 3 2 3 1 2 4 5 7 3 6 9 9 3 8 2 2 3 1 2 fffffffftt
12121313tftf	1122334444ffftf	4 1 4 5 2 1 2 3 6 1 6 7 8 1 8 9 2 1 2 3 fffffffftt
12121333tftf	1122334444ffftf	4 1 4 5 2 1 3 3 6 1 7 7 8 1 9 9 2 1 3 3 fffffffftt
12121333tftf	1123344444ffftf	4 3 1 3 2 2 4 5 6 3 7 9 8 3 9 2 1 3 2 2 fffffffftt
12123233tftf	1122334444ffftf	4 1 5 1 2 1 3 3 6 1 7 7 8 1 9 9 2 1 3 3 fffffffftt
12123233tftf	1123344444ffftf	4 3 1 3 2 2 5 3 6 3 7 9 8 3 9 2 1 3 2 2 fffffffftt
12123233tftf	1223344444ffftf	4 3 1 3 2 2 5 3 6 3 7 9 8 3 9 2 1 3 2 2 fffffffftt
12123233tftf	1223433333fffft	4 1 5 1 2 1 3 3 6 1 7 3 8 1 9 3 2 1 3 3 fffffffftt
12123233tftf	1223443333fffft	4 1 5 1 2 1 3 3 6 1 7 3 8 1 9 9 2 1 3 3 fffffffftt
12123333tftf	1122334444ffftf	4 1 5 5 2 1 3 3 6 1 7 7 8 1 9 9 2 1 3 3 fffffffftt
12123333tftf	1123344444ffftf	4 3 1 3 2 2 5 5 6 3 7 9 8 3 9 2 1 3 2 2 fffffffftt
12123333tftf	1223344444ffftf	4 3 1 3 2 2 5 7 6 3 7 9 8 3 9 2 1 3 2 2 fffffffftt
12123333tftf	1223433333fffft	4 3 1 3 2 2 5 7 6 3 7 2 8 3 9 2 1 3 2 2 fffffffftt
12123333tftf	1223443333fffft	4 3 1 3 2 2 5 7 6 3 7 2 8 3 9 9 1 3 2 2 fffffffftt
12131323ttff	1122334444ffftf	1 4 1 5 1 3 2 3 1 7 6 7 1 9 8 9 1 3 2 3 fffffffftt
12131323ttff	1211334411fffft	1 4 1 5 1 3 2 3 1 7 6 7 1 9 8 9 1 3 2 3 fffffffftt
