0102324132tffft	11223333fftf	0 5 6 7 0 3 4 3 1 2 0 9 1 8 10 9 0 3 4 3 1 2 ffffffffttt
0102324241tfftf	11223333fftf	0 5 7 6 0 3 1 3 4 2 0 9 1 9 10 8 0 3 1 3 4 2 ffffffffttt
0121312444tfftf	11223333fftf	0 5 7 6 4 2 3 3 1 2 10 8 9 9 1 8 4 2 3 3 1 2 ffffffffttt
0121342444tfftf	11223333fftf	0 5 7 6 4 2 3 3 1 3 10 8 9 9 1 9 4 2 3 3 1 3 ffffffffttt
0121343144tftff	11223333fftf	0 5 6 7 1 2 3 2 4 4 1 8 9 8 10 10 1 2 3 2 4 4 ffffffffttt
0121343423tftff	11223333fftf	0 5 7 6 1 2 1 4 4 3 1 8 1 10 10 9 1 2 1 4 4 3 ffffffffttt
0121343423tftff	11232222ffft	0 5 7 6 1 2 1 4 4 3 1 8 1 10 4 9 1 2 1 4 4 3 ffffffffttt
0121343431tftff	11223333fftf	0 5 6 7 1 2 3 4 3 2 1 8 9 10 9 8 1 2 3 4 3 2 ffffffffttt
0123413323tffft	11223333fftf	0 5 7 6 4 3 3 3 1 2 10 9 9 9 1 8 4 3 3 3 1 2 ffffffffttt
0123433341tftff	11223333fftf	0 5 7 6 1 3 3 3 4 2 1 9 9 9 10 8 1 3 3 3 4 2 ffffffffttt
1212341434tftff	11223333fftf	5 1 6 7 2 1 2 4 3 4 8 1 8 10 9 10 2 1 2 4 3 4 ffffffffttt
1212344234tftff	11223333fftf	5 1 6 7 2 1 4 1 3 4 8 1 10 1 9 10 2 1 4 1 3 4 ffffffffttt
