0102324132tffft	112222ftf	0 5 7 6 0 3 4 3 1 2 0 3 4 3 1 2 fffffttt
0102324241tfftf	112222ftf	0 5 7 6 0 3 1 3 4 2 0 3 1 3 4 2 fffffttt
0121312444tfftf	112222ftf	0 5 7 6 4 2 3 3 1 2 4 2 3 3 1 2 fffffttt
0121342444tfftf	112222ftf	0 5 7 6 4 2 3 3 1 3 4 2 3 3 1 3 fffffttt
0121343144tftff	112222ftf	0 5 6 7 1 2 3 2 4 4 1 2 3 2 4 4 fffffttt
0121343423tftff	112222ftf	0 5 7 6 1 2 1 4 4 3 1 2 1 4 4 3 fffffttt
0121343431tftff	112222ftf	0 5 6 7 1 2 3 4 3 2 1 2 3 4 3 2 fffffttt
0123413323tffft	112222ftf	0 5 7 6 4 3 3 3 1 2 4 3 3 3 1 2 fffffttt
0123433341tftff	112222ftf	0 5 7 6 1 3 3 3 4 2 1 3 3 3 4 2 fffffttt
1212341434tftff	112222ftf	5 1 6 7 2 1 2 4 3 4 2 1 2 4 3 4 fffffttt
1212344234tftff	112222ftf	5 1 6 7 2 1 4 1 3 4 2 1 4 1 3 4 fffffttt
