121121fft	01020333ffft	2 1 1 1 3 2 3 4 3 5 3 6 6 6 fffffft
121121fft	01021333ffft	2 1 1 1 3 2 3 4 3 5 4 6 6 6 fffffft
121121fft	01022333ffft	2 1 1 1 3 2 3 4 3 5 5 6 6 6 fffffft
121121fft	01023033ffft	2 1 1 1 3 2 3 4 3 5 6 3 6 6 fffffft
121121fft	01023133ffft	2 1 1 1 3 2 3 4 3 5 6 4 6 6 fffffft
121121fft	01023233ffft	2 1 1 1 3 2 3 4 3 5 6 5 6 6 fffffft
121121fft	01023333ffft	2 1 1 1 3 2 3 4 3 5 6 6 6 6 fffffft
121121fft	01120333ffft	2 1 1 1 3 2 3 4 4 5 3 6 6 6 fffffft
121121fft	01121333ffft	2 1 1 1 3 2 3 4 4 5 4 6 6 6 fffffft
121121fft	01122333ffft	2 1 1 1 3 2 3 4 4 5 5 6 6 6 fffffft
121121fft	01123033ffft	2 1 1 1 3 2 3 4 4 5 6 3 6 6 fffffft
121121fft	01123133ffft	2 1 1 1 3 2 3 4 4 5 6 4 6 6 fffffft
121121fft	01123233ffft	2 1 1 1 3 2 3 4 4 5 6 5 6 6 fffffft
121121fft	01123333ffft	2 1 1 1 3 2 3 4 4 5 6 6 6 6 fffffft
121121fft	01200333ffft	2 1 1 1 3 2 3 4 5 3 3 6 6 6 fffffft
121121fft	01201333ffft	2 1 1 1 3 2 3 4 5 3 4 6 6 6 fffffft
121121fft	01202333ffft	2 1 1 1 3 2 3 4 5 3 5 6 6 6 fffffft
121121fft	01203033ffft	2 1 1 1 3 2 3 4 5 3 6 3 6 6 fffffft
121121fft	01203133ffft	2 1 1 1 3 2 3 4 5 3 6 4 6 6 fffffft
121121fft	01203233ffft	2 1 1 1 3 2 3 4 5 3 6 5 6 6 fffffft
121121fft	01203333ffft	2 1 1 1 3 2 3 4 5 3 6 6 6 6 fffffft
121121fft	01210333ffft	2 1 1 1 3 2 3 4 5 4 3 6 6 6 fffffft
121121fft	01211333ffft	2 1 1 1 3 2 3 4 5 4 4 6 6 6 fffffft
121121fft	01212333ffft	2 1 1 1 3 2 3 4 5 4 5 6 6 6 fffffft
121121fft	01213033ffft	2 1 1 1 3 2 3 4 5 4 6 3 6 6 fffffft
121121fft	01213133ffft	2 1 1 1 3 2 3 4 5 4 6 4 6 6 fffffft
121121fft	01213233ffft	2 1 1 1 3 2 3 4 5 4 6 5 6 6 fffffft
121121fft	01213333ffft	2 1 1 1 3 2 3 4 5 4 6 6 6 6 fffffft
121121fft	01220333ffft	2 1 1 1 3 2 3 4 5 5 3 6 6 6 fffffft
121121fft	01221333ffft	2 1 1 1 3 2 3 4 5 5 4 6 6 6 fffffft
121121fft	01222333ffft	2 1 1 1 3 2 3 4 5 5 5 6 6 6 fffffft
121121fft	01223033ffft	2 1 1 1 3 2 3 4 5 5 6 3 6 6 fffffft
121121fft	01223133ffft	2 1 1 1 3 2 3 4 5 5 6 4 6 6 fffffft
121121fft	01223233ffft	2 1 1 1 3 2 3 4 5 5 6 5 6 6 fffffft
121121fft	01223333ffft	2 1 1 1 3 2 3 4 5 5 6 6 6 6 fffffft
121121fft	01230033ffft	2 1 1 1 4 2 4 4 4 5 3 6 6 6 fffffft
121121fft	01230333ffft	2 1 1 1 3 2 3 4 5 6 3 6 6 6 fffffft
121121fft	01231033ffft	2 1 1 1 3 2 3 5 5 3 4 6 6 6 fffffft
121121fft	01231133ffft	2 1 1 1 3 2 3 5 5 5 4 6 6 6 fffffft
121121fft	01231233ffft	2 1 1 1 3 2 3 5 5 4 4 6 6 6 fffffft
121121fft	01232033ffft	2 1 1 1 4 2 3 4 4 5 3 6 6 6 fffffft
121121fft	01232200fftf	2 1 1 1 4 2 4 4 4 5 6 3 6 6 fffffft
121121fft	01232202fftf	2 1 1 1 3 2 3 4 6 5 3 6 6 6 fffffft
121121fft	01232210fftf	2 1 1 1 3 2 3 5 5 3 6 4 6 6 fffffft
121121fft	01232211fftf	2 1 1 1 3 2 3 5 5 5 6 4 6 6 fffffft
121121fft	01232212fftf	2 1 1 1 3 2 3 4 6 5 4 6 6 6 fffffft
121121fft	01232213fftf	2 1 1 1 3 2 3 5 5 4 6 4 6 6 fffffft
121121fft	01232220fftf	2 1 1 1 3 2 3 4 6 5 6 3 6 6 fffffft
121121fft	01232222fftf	2 1 1 1 3 2 3 4 6 5 6 6 6 6 fffffft
121121fft	01232230fftf	2 1 1 1 4 2 3 4 4 5 6 3 6 6 fffffft
121121fft	01232232fftf	2 1 1 1 3 2 3 4 6 5 5 6 6 6 fffffft
121121fft	01233033ffft	2 1 1 1 3 2 3 4 5 6 6 3 6 6 fffffft
121121fft	01233133ffft	2 1 1 1 3 2 3 4 5 6 6 4 6 6 fffffft
121121fft	01233233ffft	2 1 1 1 3 2 3 4 5 6 6 5 6 6 fffffft
121121fft	01233333ffft	2 1 1 1 3 2 3 4 5 6 6 6 6 6 fffffft
121121fft	11020333ffft	3 1 1 1 4 4 4 3 2 5 2 6 6 6 fffffft
121121fft	11021333ffft	3 1 1 1 4 4 4 3 2 5 4 6 6 6 fffffft
121121fft	11022333ffft	3 1 1 1 4 4 4 3 2 5 5 6 6 6 fffffft
121121fft	11023033ffft	3 1 1 1 4 4 4 3 2 5 6 2 6 6 fffffft
121121fft	11023133ffft	3 1 1 1 4 4 4 3 2 5 6 4 6 6 fffffft
121121fft	11023233ffft	3 1 1 1 4 4 4 3 2 5 6 5 6 6 fffffft
121121fft	11023333ffft	3 1 1 1 4 4 4 3 2 5 6 6 6 6 fffffft
121121fft	11120333ffft	3 1 1 1 4 4 4 3 4 5 2 6 6 6 fffffft
121121fft	11123033ffft	3 1 1 1 4 4 4 3 4 5 6 2 6 6 fffffft
121121fft	11220333ffft	3 1 1 1 4 4 4 3 5 5 2 6 6 6 fffffft
121121fft	11230033ffft	4 1 1 1 3 3 5 5 5 4 2 6 6 6 fffffft
121121fft	11230133ffft	3 1 1 1 5 5 5 3 2 5 4 6 6 6 fffffft
121121fft	11230233ffft	4 1 1 1 3 2 5 5 5 4 2 6 6 6 fffffft
121121fft	11230333ffft	3 1 1 1 4 4 4 3 5 6 2 6 6 6 fffffft
121121fft	11231033ffft	3 1 1 1 5 5 5 3 5 2 4 6 6 6 fffffft
121121fft	11232033ffft	4 1 1 1 2 3 5 5 5 4 2 6 6 6 fffffft
121121fft	11232202fftf	3 1 1 1 4 4 4 3 6 5 2 6 6 6 fffffft
121121fft	12000333ffft	2 1 1 1 3 2 4 4 3 5 4 6 6 6 fffffft
121121fft	12001333ffft	2 1 1 1 3 2 4 4 3 5 3 6 6 6 fffffft
121121fft	12002333ffft	2 1 1 1 3 2 4 4 3 5 5 6 6 6 fffffft
121121fft	12003033ffft	2 1 1 1 3 2 4 4 3 5 6 4 6 6 fffffft
121121fft	12003133ffft	2 1 1 1 3 2 4 4 3 5 6 3 6 6 fffffft
121121fft	12003233ffft	2 1 1 1 3 2 4 4 3 5 6 5 6 6 fffffft
121121fft	12003333ffft	2 1 1 1 3 2 4 4 3 5 6 6 6 6 fffffft
121121fft	12010333ffft	2 1 1 1 3 2 4 3 3 5 4 6 6 6 fffffft
121121fft	12011333ffft	2 1 1 1 3 2 4 3 3 5 3 6 6 6 fffffft
121121fft	12012333ffft	2 1 1 1 3 2 4 3 3 5 5 6 6 6 fffffft
121121fft	12013033ffft	2 1 1 1 3 2 4 3 3 5 6 4 6 6 fffffft
121121fft	12013133ffft	2 1 1 1 3 2 4 3 3 5 6 3 6 6 fffffft
121121fft	12013233ffft	2 1 1 1 3 2 4 3 3 5 6 5 6 6 fffffft
121121fft	12013333ffft	2 1 1 1 3 2 4 3 3 5 6 6 6 6 fffffft
121121fft	12030133ffft	3 1 1 1 5 4 5 3 2 5 2 6 6 6 fffffft
121121fft	12030233ffft	4 2 3 1 2 2 5 1 5 4 3 6 6 6 fffffft
121121fft	12031133ffft	3 1 1 1 5 4 5 3 5 5 2 6 6 6 fffffft
121121fft	12031333ffft	3 1 1 1 4 5 4 3 2 6 4 6 6 6 fffffft
121121fft	12032133ffft	3 1 1 1 5 4 5 3 4 5 2 6 6 6 fffffft
121121fft	12032200fftf	2 1 1 1 3 2 5 4 5 5 3 6 6 6 fffffft
121121fft	12032202fftf	2 1 1 1 3 2 4 5 3 6 4 6 6 6 fffffft
121121fft	12032210fftf	2 1 1 1 3 2 5 4 3 5 3 6 6 6 fffffft
121121fft	12032211fftf	2 1 1 1 4 2 4 4 5 3 4 6 6 6 fffffft
121121fft	12032220fftf	2 1 1 1 3 2 4 5 3 6 6 4 6 6 fffffft
121121fft	12032221fftf	2 1 1 1 3 2 4 5 3 6 6 3 6 6 fffffft
121121fft	12032222fftf	2 1 1 1 3 2 4 5 3 6 6 6 6 6 fffffft
121121fft	12032223fftf	2 1 1 1 3 2 4 5 3 6 6 5 6 6 fffffft
121121fft	12032230fftf	2 1 1 1 3 2 5 4 4 5 3 6 6 6 fffffft
121121fft	12032231fftf	2 1 1 1 4 2 3 4 5 3 4 6 6 6 fffffft
121121fft	12032232fftf	2 1 1 1 3 2 4 5 3 6 5 6 6 6 fffffft
121121fft	12032333ffft	3 1 1 1 4 5 4 3 2 6 5 6 6 6 fffffft
121121fft	12033033ffft	3 1 1 1 4 5 4 3 2 6 6 2 6 6 fffffft
121121fft	12033133ffft	3 1 1 1 4 5 4 3 2 6 6 4 6 6 fffffft
121121fft	12033233ffft	3 1 1 1 4 5 4 3 2 6 6 5 6 6 fffffft
121121fft	12033333ffft	3 1 1 1 4 5 4 3 2 6 6 6 6 6 fffffft
121121fft	12100333ffft	2 1 1 1 3 2 3 4 3 5 4 6 6 6 fffffft
121121fft	12101333ffft	2 1 1 1 3 2 3 4 3 5 3 6 6 6 fffffft
121121fft	12102333ffft	2 1 1 1 3 2 3 4 3 5 5 6 6 6 fffffft
121121fft	12103133ffft	2 1 1 1 3 2 3 4 3 5 6 3 6 6 fffffft
121121fft	12103233ffft	2 1 1 1 3 2 3 4 3 5 6 5 6 6 fffffft
121121fft	12103333ffft	2 1 1 1 3 2 3 4 3 5 6 6 6 6 fffffft
121121fft	12200333ffft	2 1 1 1 4 2 4 5 5 3 3 6 6 6 fffffft
121121fft	12201333ffft	2 1 1 1 4 2 4 5 5 3 4 6 6 6 fffffft
121121fft	12202333ffft	2 1 1 1 4 2 4 5 5 3 5 6 6 6 fffffft
121121fft	12203133ffft	2 1 1 1 4 2 4 5 5 3 6 4 6 6 fffffft
121121fft	12203333ffft	2 1 1 1 4 2 4 5 5 3 6 6 6 6 fffffft
121121fft	12210333ffft	2 1 1 1 4 2 4 5 5 4 3 6 6 6 fffffft
121121fft	12220333ffft	2 1 1 1 4 2 4 5 5 5 3 6 6 6 fffffft
121121fft	12230333ffft	3 1 1 1 4 5 4 3 5 6 2 6 6 6 fffffft
121121fft	12300333ffft	3 1 1 1 4 5 4 3 6 2 2 6 6 6 fffffft
121121fft	12301333ffft	3 1 1 1 4 5 4 3 6 2 4 6 6 6 fffffft
121121fft	12302333ffft	3 1 1 1 4 5 4 3 6 2 5 6 6 6 fffffft
121121fft	12303333ffft	3 1 1 1 4 5 4 3 6 2 6 6 6 6 fffffft
