12111321ffft	011222fft	2 1 1 1 4 1 3 5 3 6 5 7 4 7 7 7 ffffffft
12111321ffft	012022fft	2 1 1 1 3 1 5 4 3 5 5 6 7 5 7 7 ffffffft
12111321ffft	012122fft	2 1 1 1 3 1 4 5 4 6 3 6 7 6 7 7 ffffffft
12111321ffft	012222fft	2 1 1 1 4 1 3 5 3 6 7 7 4 7 7 7 ffffffft
12111321ffft	120022fft	2 1 1 1 5 1 4 4 3 6 3 7 6 6 5 6 fffffftt
12111321ffft	120122fft	2 1 1 1 5 1 4 3 3 6 3 7 6 6 5 6 fffffftt
12111321ffft	121022fft	2 1 1 1 5 1 3 4 3 6 3 7 6 6 5 6 fffffftt
12113121ffft	011222fft	2 1 1 1 1 3 4 5 4 6 6 3 6 7 7 7 ffffffft
12113121ffft	012122fft	2 1 1 1 1 4 3 5 3 6 7 5 7 4 7 7 ffffffft
12113121ffft	012222fft	2 1 1 1 1 4 3 5 3 6 7 7 7 4 7 7 ffffffft
12113121ffft	110222fft	2 1 1 1 1 5 4 5 6 6 6 3 4 7 7 7 ffffffft
12113121ffft	120022fft	2 1 1 1 1 5 4 4 3 6 3 7 6 6 6 5 fffffftt
12113121ffft	120122fft	2 1 1 1 1 5 4 3 3 6 3 7 6 6 6 5 fffffftt
12113121ffft	121022fft	2 1 1 1 1 5 3 4 3 6 3 7 6 6 6 5 fffffftt
12113121ffft	121101ftf	2 1 1 1 1 5 4 5 7 6 7 3 4 7 7 7 ffffffft
12113123ffft	010222fft	2 1 1 1 1 3 3 4 5 3 5 6 5 7 7 7 ffffffft
12113123ffft	110222fft	2 1 1 1 1 3 3 4 5 3 6 6 5 7 7 7 ffffffft
12113123ffft	121101ftf	2 1 1 1 1 3 3 4 5 3 7 6 5 7 7 7 ffffffft
12113123fftf	012022fft	3 1 1 1 2 4 2 5 6 2 7 3 6 6 7 3 fffffftt
12113123fftf	012122fft	3 1 1 1 2 4 2 5 6 4 7 3 6 6 7 3 fffffftt
12113123fftf	012222fft	3 1 1 1 2 4 2 5 6 6 7 3 6 6 7 3 fffffftt
12113321ffft	120022fft	2 1 1 1 5 5 4 4 3 6 3 7 6 6 5 5 fffffftt
12113321ffft	120122fft	2 1 1 1 5 5 4 3 3 6 3 7 6 6 5 5 fffffftt
12113321ffft	121022fft	2 1 1 1 5 5 3 4 3 6 3 7 6 6 5 5 fffffftt
12113321fftf	011222fft	2 1 1 1 3 5 4 2 4 6 6 2 6 7 7 7 ffffffft
12113321fftf	012022fft	4 1 1 1 3 4 3 5 2 6 7 3 7 4 7 7 ffffffft
12113321fftf	012122fft	4 1 1 1 3 4 3 5 2 6 7 5 7 4 7 7 ffffffft
12113321fftf	012222fft	4 1 1 1 3 4 3 5 2 6 7 7 7 4 7 7 ffffffft
12113321fftf	120022fft	5 1 1 1 4 4 4 5 2 6 3 7 6 6 6 5 fffffftt
12113321fftf	120122fft	5 2 4 1 2 2 4 5 1 6 3 7 6 6 6 5 fffffftt
12113321fftf	121022fft	5 1 1 1 2 4 2 5 2 6 3 7 6 6 6 5 fffffftt
12113321fftf	121101ftf	4 1 1 1 3 4 6 5 7 2 3 6 6 6 6 4 fffffftt
12233133fftf	010222fft	4 1 2 4 2 2 5 4 3 6 5 6 5 7 7 7 ffffffft
12233133fftf	011222fft	4 1 2 4 2 2 5 4 3 6 5 6 6 7 7 7 ffffffft
12233133fftf	012022fft	4 1 2 4 2 2 5 4 3 6 5 6 7 5 7 7 ffffffft
12233133fftf	012122fft	4 1 2 4 2 2 5 4 3 6 5 6 7 6 7 7 ffffffft
12233133fftf	012222fft	4 1 2 4 2 2 5 4 3 6 5 6 7 7 7 7 ffffffft
12233133fftf	110222fft	4 1 2 4 2 2 5 4 3 6 6 6 5 7 7 7 ffffffft
12233133fftf	120122fft	5 2 6 1 3 5 3 3 6 5 4 7 1 7 7 7 ffffffft
12233133fftf	121101ftf	3 1 2 3 2 2 6 5 7 5 4 7 7 3 7 7 fffffftt
