12113123fftf	1230034444fffft	4 1 1 1 5 4 6 8 6 2 7 4 9 3 10 4 3 9 11 11 12 4 11 11 12 4 ffffffffffftt
12113123fftf	1230433300ffftf	6 1 1 1 4 6 5 5 7 6 8 10 8 2 9 6 11 5 12 6 3 11 11 11 12 6 ffffffffffftt
12113123fftf	1230433301ffftf	5 1 1 1 3 5 6 5 8 10 8 2 9 5 4 8 11 4 12 5 7 11 11 11 12 5 ffffffffffftt
12113123fftf	1230433302ffftf	5 1 1 1 3 5 6 5 8 10 8 2 9 5 4 10 11 4 12 5 7 11 11 11 12 5 ffffffffffftt
12113123fftf	1230433303ffftf	5 1 1 1 3 5 6 5 7 9 7 2 8 5 11 4 12 5 10 11 4 11 11 11 12 5 ffffffffffftt
12113123fftf	1230433304ffftf	6 1 1 1 4 6 5 3 7 6 8 10 8 2 9 6 11 5 12 6 3 11 11 11 12 6 ffffffffffftt
12113123fftf	1230443300ffftf	7 1 1 1 4 4 5 7 6 6 8 7 9 2 9 3 10 7 11 6 12 7 11 11 12 7 ffffffffffftt
12113123fftf	1230443301ffftf	6 1 1 1 8 8 4 6 7 6 9 2 9 3 10 6 5 9 11 5 12 6 11 11 12 6 ffffffffffftt
12113123fftf	1230443302ffftf	7 2 6 3 2 2 1 1 5 7 8 7 9 3 9 4 10 7 11 6 12 7 11 11 12 7 ffffffffffftt
12113123fftf	1230443303ffftf	5 1 1 1 3 5 6 5 8 7 8 2 9 5 10 10 11 4 12 5 4 11 11 11 12 5 ffffffffffftt
12113123fftf	1230443304ffftf	7 2 6 1 2 2 1 1 5 7 8 7 9 3 9 4 10 7 11 6 12 7 11 11 12 7 ffffffffffftt
12113123fftf	1232433300ffftf	6 1 1 1 4 6 5 5 7 6 8 10 8 2 9 6 11 10 12 6 3 11 11 11 12 6 ffffffffffftt
12113123fftf	1232433301ffftf	5 1 1 1 3 5 6 5 8 10 8 2 9 5 4 8 11 10 12 5 7 11 11 11 12 5 ffffffffffftt
12113123fftf	1232433302ffftf	5 1 1 1 3 5 6 5 8 10 8 2 9 5 4 10 11 10 12 5 7 11 11 11 12 5 ffffffffffftt
12113123fftf	1232433303ffftf	5 1 1 1 3 5 6 5 7 9 7 2 8 5 11 9 12 5 10 11 4 11 11 11 12 5 ffffffffffftt
12113123fftf	1232433304ffftf	6 1 1 1 4 6 5 3 7 6 8 10 8 2 9 6 11 10 12 6 3 11 11 11 12 6 ffffffffffftt
12113123fftf	1232443300ffftf	7 1 1 1 4 4 5 7 6 6 8 7 9 2 9 3 10 7 11 2 12 7 11 11 12 7 ffffffffffftt
12113123fftf	1232443301ffftf	6 1 1 1 8 8 4 6 7 6 9 2 9 3 10 6 5 9 11 2 12 6 11 11 12 6 ffffffffffftt
12113123fftf	1232443302ffftf	7 2 6 3 2 2 1 1 5 7 8 7 9 3 9 4 10 7 11 3 12 7 11 11 12 7 ffffffffffftt
12113123fftf	1232443303ffftf	5 1 1 1 3 5 6 5 8 7 8 2 9 5 10 10 11 7 12 5 4 11 11 11 12 5 ffffffffffftt
12113123fftf	1232443304ffftf	7 2 6 1 2 2 1 1 5 7 8 7 9 3 9 4 10 7 11 3 12 7 11 11 12 7 ffffffffffftt
12113123fftf	1234433300ffftf	6 1 1 1 4 6 5 5 7 6 8 10 8 2 9 6 11 3 12 6 3 11 11 11 12 6 ffffffffffftt
12113123fftf	1234433301ffftf	5 1 1 1 3 5 6 5 8 10 8 2 9 5 4 8 11 7 12 5 7 11 11 11 12 5 ffffffffffftt
12113123fftf	1234433302ffftf	5 1 1 1 3 5 6 5 8 10 8 2 9 5 4 10 11 7 12 5 7 11 11 11 12 5 ffffffffffftt
12113123fftf	1234433303ffftf	5 1 1 1 3 5 6 5 7 9 7 2 8 5 11 10 12 5 10 11 4 11 11 11 12 5 ffffffffffftt
12113123fftf	1234433304ffftf	6 1 1 1 4 6 5 3 7 6 8 10 8 2 9 6 11 3 12 6 3 11 11 11 12 6 ffffffffffftt
