1211132431fffft	01203233ffft	2 1 1 1 3 1 5 2 5 9 7 6 5 8 7 10 4 10 11 7 12 7 5 13 15 12 14 12 5 16 15 15 14 15 ffffffffffffffttt
1211132431fffft	01232230fftf	2 1 1 1 3 1 8 2 8 7 8 10 6 9 5 9 9 4 9 12 11 12 8 13 14 6 16 6 14 14 16 14 8 15 ffffffffffffffttt
1211132431fffft	12013033ffft	2 1 1 1 3 1 4 2 6 8 4 7 9 6 11 6 4 10 6 12 5 12 4 13 15 9 14 9 4 16 15 15 14 15 ffffffffffffffttt
1211132431fffft	12113300ftff	2 1 1 1 7 1 6 6 5 6 12 13 11 11 12 2 12 4 12 10 8 11 14 3 14 9 16 3 14 14 16 14 12 15 ffffffffffffffttt
1211312423fffft	12110300ftff	2 1 1 1 1 5 13 12 11 11 13 2 13 9 13 10 11 4 11 3 11 6 14 8 14 7 16 9 14 14 14 16 13 15 ffffffffffffffttt
1211312423fffft	12110310ftff	2 1 1 1 1 6 12 10 12 11 9 13 12 2 12 8 9 3 14 5 14 4 14 7 16 8 14 9 14 14 14 16 12 15 ffffffffffffffttt
1211312423fffft	12110320ftff	2 1 1 1 1 5 8 7 13 12 13 2 13 3 13 9 11 10 11 4 8 11 14 8 14 6 16 9 14 14 14 16 13 15 ffffffffffffffttt
1211312423fffft	12110330ftff	2 1 1 1 1 5 10 7 13 12 13 2 13 3 13 9 11 10 11 4 10 11 14 8 14 6 16 9 14 14 14 16 13 15 ffffffffffffffttt
1211312423fffft	12111300ftff	2 1 1 1 1 6 13 10 13 12 9 9 13 2 13 8 9 4 14 11 14 7 14 5 14 3 16 12 14 14 14 16 13 15 ffffffffffffffttt
1211312423fffft	12111320ftff	2 1 1 1 1 6 13 10 13 12 11 9 13 2 13 8 11 4 14 11 14 7 14 5 14 3 16 12 14 14 14 16 13 15 ffffffffffffffttt
1211312423fffft	12111330ftff	2 1 1 1 1 6 8 5 13 10 13 12 13 2 13 3 8 9 14 11 14 7 14 8 14 4 16 12 14 14 14 16 13 15 ffffffffffffffttt
1211312423fffft	12112300ftff	2 1 1 1 1 7 3 6 3 5 13 12 11 11 13 2 13 4 13 10 11 8 14 3 14 9 16 4 14 14 14 16 13 15 ffffffffffffffttt
1211312423fffft	12112310ftff	2 1 1 1 1 6 8 4 12 10 12 11 12 2 12 3 8 13 14 8 14 5 14 7 16 3 14 9 14 14 14 16 12 15 ffffffffffffffttt
1211312423fffft	12112320ftff	2 1 1 1 1 7 4 9 4 10 4 6 13 12 13 2 13 3 13 5 4 11 14 4 14 8 16 5 14 14 14 16 13 15 ffffffffffffffttt
1211312423fffft	12112330ftff	2 1 1 1 1 7 3 10 3 6 10 8 13 12 13 2 13 4 13 5 10 11 14 3 14 9 16 4 14 14 14 16 13 15 ffffffffffffffttt
1211312423fffft	12113300ftff	2 1 1 1 1 7 6 6 6 5 13 12 11 11 13 2 13 4 13 10 11 8 14 3 14 9 16 4 14 14 14 16 13 15 ffffffffffffffttt
1211312423fffft	12113310ftff	2 1 1 1 1 6 12 10 12 11 13 13 12 2 12 8 13 3 14 5 14 4 14 7 16 8 14 9 14 14 14 16 12 15 ffffffffffffffttt
1211312423fffft	12113320ftff	2 1 1 1 1 7 4 9 10 10 10 6 13 12 13 2 13 3 13 5 4 11 14 4 14 8 16 5 14 14 14 16 13 15 ffffffffffffffttt
1211312423fffft	12113330ftff	2 1 1 1 1 7 10 10 10 6 10 8 13 12 13 2 13 4 13 5 10 11 14 3 14 9 16 4 14 14 14 16 13 15 ffffffffffffffttt
1211344121ffftf	01203233ffft	3 1 1 1 1 3 2 6 7 6 5 8 5 10 5 9 11 5 12 6 11 4 15 11 15 13 14 6 15 16 15 15 14 6 ffffffffffffffttt
1211344121ffftf	01232230fftf	4 2 6 7 2 2 2 4 3 9 1 9 6 8 10 9 8 11 8 12 8 13 14 6 14 5 15 9 14 14 14 16 15 9 ffffffffffffffttt
1211344121ffftf	12013033ffft	3 1 1 1 1 3 2 9 6 9 8 5 8 7 10 9 5 11 5 13 5 12 15 8 14 9 15 4 15 16 15 15 14 9 ffffffffffffffttt
1211344121ffftf	12113300ftff	8 1 1 1 1 8 6 6 6 7 10 13 10 10 12 11 2 11 5 11 14 3 14 4 14 9 15 11 14 14 14 16 15 11 ffffffffffffffttt
1211344123ffftf	01203233ffft	2 1 1 1 3 6 6 2 6 5 7 6 8 4 6 9 8 10 11 6 12 8 6 13 15 12 14 6 6 16 15 15 14 6 ffffffffffffffttt
1211344123ffftf	01232230fftf	3 1 1 1 8 7 5 8 2 8 8 3 8 4 11 8 10 6 9 10 10 12 8 13 14 9 16 8 14 14 16 8 8 15 ffffffffffffffttt
1211344123ffftf	12013033ffft	2 1 1 1 3 6 6 2 6 5 7 6 8 4 6 9 10 8 11 6 8 12 6 13 15 10 14 6 6 16 15 15 14 6 ffffffffffffffttt
1211344321ffftf	01203233ffft	3 1 1 1 1 3 2 6 7 6 5 8 6 10 5 9 11 5 12 6 11 4 15 11 15 13 14 6 15 16 15 15 14 6 ffffffffffffffttt
1211344321ffftf	01232230fftf	4 2 6 7 2 2 2 4 3 9 1 9 6 8 10 9 8 11 9 12 8 13 14 6 14 5 15 9 14 14 14 16 15 9 ffffffffffffffttt
1211344321ffftf	12013033ffft	3 1 1 1 1 3 2 10 6 10 8 5 8 7 9 10 5 11 5 12 10 13 15 8 14 10 15 4 15 16 15 15 14 10 ffffffffffffffttt
1211344321ffftf	12113300ftff	3 1 1 1 1 3 2 4 4 7 9 9 8 4 9 10 11 13 11 11 12 4 14 5 14 6 15 4 14 14 14 16 15 4 ffffffffffffffttt
1234432144fftff	01122333ffft	7 2 8 6 3 4 3 3 2 7 1 7 9 7 5 10 8 10 10 11 10 13 12 7 13 16 13 14 14 14 14 16 15 7 ffffffffffffffttt
1234432144fftff	01231233ffft	7 2 8 6 3 4 3 3 2 7 1 7 9 7 5 13 8 13 13 11 13 10 12 7 10 16 10 14 14 14 14 16 15 7 ffffffffffffffttt
