1211132431fffft	0120324344fffft	2 1 1 1 3 1 5 2 5 6 8 7 10 8 5 9 8 11 4 11 5 12 13 8 14 13 15 13 5 16 17 15 19 15 17 17 19 17 5 18 fffffffffffffffffttt
1211132431fffft	0120343342ffftf	2 1 1 1 3 1 5 2 5 6 8 7 10 8 5 9 8 11 4 11 5 13 15 8 12 15 14 15 5 16 18 12 17 12 5 19 18 18 17 18 fffffffffffffffffttt
1211132431fffft	0122334044fffft	2 1 1 1 4 1 8 6 8 2 5 9 7 9 8 10 5 11 12 12 14 12 8 13 15 15 3 15 8 16 17 5 19 5 17 17 19 17 8 18 fffffffffffffffffttt
1211132431fffft	0123223440fftff	2 1 1 1 4 1 11 9 11 2 11 7 6 8 3 8 8 12 10 12 11 13 12 5 12 15 14 15 11 16 17 6 19 6 17 17 19 17 11 18 fffffffffffffffffttt
1211132431fffft	0123224034fftff	2 1 1 1 5 1 9 3 8 3 11 2 11 4 11 10 11 13 3 12 6 12 12 7 12 15 14 15 11 16 17 9 19 9 17 17 19 17 11 18 fffffffffffffffffttt
1211132431fffft	0123423044fffft	2 1 1 1 3 1 9 2 9 7 9 11 6 10 5 10 9 12 10 4 10 13 8 13 14 6 15 6 9 16 17 15 19 15 17 17 19 17 9 18 fffffffffffffffffttt
1211132431fffft	1201304344fffft	2 1 1 1 3 1 5 2 5 6 8 9 7 8 5 12 10 8 5 11 8 13 4 13 14 10 15 10 5 16 17 15 19 15 17 17 19 17 5 18 fffffffffffffffffttt
1211132431fffft	1201343340ffftf	2 1 1 1 3 1 4 2 10 6 4 11 4 8 7 12 9 12 4 13 12 10 14 10 10 15 5 15 4 16 18 7 17 7 4 19 18 18 17 18 fffffffffffffffffttt
1211132431fffft	1203314044fffft	2 1 1 1 4 1 8 7 8 2 8 9 11 14 13 14 11 10 3 11 8 12 6 15 5 15 8 16 15 11 17 6 19 6 17 17 19 17 8 18 fffffffffffffffffttt
1211132431fffft	1203403144fffft	2 1 1 1 3 1 8 2 8 7 8 10 6 9 5 9 9 11 12 6 14 6 8 13 9 15 4 15 8 16 17 12 19 12 17 17 19 17 8 18 fffffffffffffffffttt
1211132431fffft	1211330440ftfff	2 1 1 1 8 1 7 7 6 7 9 11 15 12 14 11 15 2 15 4 15 5 11 14 13 14 15 16 17 3 17 10 19 3 17 17 19 17 15 18 fffffffffffffffffttt
1211132431fffft	1211334004ftfff	2 1 1 1 7 1 9 6 11 11 13 11 14 6 15 2 15 3 15 5 15 12 6 14 8 14 15 16 17 4 17 10 19 4 17 17 19 17 15 18 fffffffffffffffffttt
1211132431fffft	1211340043ftfff	3 1 1 1 2 12 7 1 10 12 12 2 11 2 15 3 15 6 15 4 15 13 15 16 14 14 8 14 17 5 17 9 19 5 17 17 19 17 15 18 fffffffffffffffffttt
1211132431fffft	1211344300ftfff	2 1 1 1 8 1 5 11 7 11 11 5 12 5 15 6 15 2 15 4 15 13 14 14 15 16 9 14 17 3 17 10 19 3 17 17 19 17 15 18 fffffffffffffffffttt
1211132431fffft	1231443300ffftf	2 1 1 1 7 1 5 5 9 5 12 12 8 12 13 2 13 4 13 11 13 6 14 3 15 3 15 10 13 16 18 15 17 15 13 19 18 18 17 18 fffffffffffffffffttt
1211344121ffftf	0120324344fffft	3 1 1 1 1 3 2 6 7 6 5 8 5 10 5 9 11 5 12 6 11 4 15 11 15 13 14 6 17 16 17 15 18 6 17 17 17 19 18 6 fffffffffffffffffttt
1211344121ffftf	0120343342ffftf	3 1 1 1 1 3 2 7 8 7 13 7 6 9 6 11 6 10 14 6 16 7 14 4 12 14 12 15 18 12 17 7 18 5 18 19 18 18 17 7 fffffffffffffffffttt
1211344121ffftf	0122334044fffft	3 1 1 1 1 3 2 6 7 6 5 8 5 10 5 9 11 11 12 6 11 13 15 15 15 16 14 6 17 4 17 5 18 6 17 17 17 19 18 6 fffffffffffffffffttt
1211344121ffftf	0123223440fftff	7 4 3 9 4 7 3 6 4 4 6 10 6 11 2 12 1 12 5 12 13 12 11 14 11 15 11 16 17 3 17 8 18 12 17 17 17 19 18 12 fffffffffffffffffttt
1211344121ffftf	0123224034fftff	6 3 8 1 1 10 3 3 3 6 8 7 4 12 2 12 1 11 5 12 13 12 11 14 11 15 11 16 17 8 17 9 18 12 17 17 17 19 18 12 fffffffffffffffffttt
1211344121ffftf	0123423044fffft	4 2 6 7 2 2 2 4 3 9 1 9 6 8 10 9 8 11 8 12 8 13 14 6 14 5 15 9 17 14 17 16 18 9 17 17 17 19 18 9 fffffffffffffffffttt
1211344121ffftf	1201304344fffft	3 1 1 1 1 3 2 9 6 9 8 5 8 7 10 9 5 11 5 13 5 12 15 8 14 9 15 4 17 16 17 15 18 9 17 17 17 19 18 9 fffffffffffffffffttt
1211344121ffftf	1201343340ffftf	5 1 1 1 1 5 4 7 4 11 2 12 3 12 9 12 11 8 11 10 13 12 8 14 8 15 8 16 18 4 18 6 17 12 18 19 18 18 17 12 fffffffffffffffffttt
1211344121ffftf	1203314044fffft	3 1 1 1 1 3 2 6 7 6 9 11 9 13 9 12 10 6 5 15 5 16 15 9 14 6 15 4 17 8 17 5 18 6 17 17 17 19 18 6 fffffffffffffffffttt
1211344121ffftf	1203403144fffft	5 2 4 10 2 2 2 5 4 8 3 12 1 12 9 12 11 4 11 6 13 12 8 14 8 16 8 15 17 11 18 12 17 7 17 17 17 19 18 12 fffffffffffffffffttt
1211344121ffftf	1211330440ftfff	7 1 1 1 1 7 11 11 11 12 5 13 8 14 2 14 5 16 10 14 13 6 13 5 15 14 17 3 17 4 17 9 18 14 17 17 17 19 18 14 fffffffffffffffffttt
1211344121ffftf	1211334004ftfff	6 1 1 1 1 6 8 8 8 9 10 16 2 14 5 14 10 13 11 14 13 10 13 12 15 14 17 3 17 4 17 7 18 14 17 17 17 19 18 14 fffffffffffffffffttt
1211344121ffftf	1211340043ftfff	7 1 1 1 2 11 2 12 1 7 11 2 11 8 4 14 3 14 10 14 13 16 13 13 15 14 17 5 17 6 17 9 18 14 17 17 17 19 18 14 fffffffffffffffffttt
1211344121ffftf	1211344300ftfff	7 2 10 9 2 2 2 7 6 10 6 11 10 6 3 14 1 14 12 14 13 13 15 14 13 16 17 4 17 5 17 8 18 14 17 17 17 19 18 14 fffffffffffffffffttt
1211344121ffftf	1231443300ffftf	8 1 1 1 1 8 5 5 5 6 10 10 12 11 10 13 2 11 7 11 14 3 14 4 14 9 15 11 18 14 18 16 17 11 18 19 18 18 17 11 fffffffffffffffffttt
1211344123ffftf	0120324344fffft	2 1 1 1 4 7 6 7 7 2 7 3 7 8 9 5 10 7 9 11 7 12 13 9 14 7 15 13 7 16 17 15 19 7 17 17 19 7 7 18 fffffffffffffffffttt
1211344123ffftf	0120343342ffftf	2 1 1 1 4 8 6 8 8 2 8 3 8 7 9 8 11 5 8 10 14 8 11 12 15 11 13 15 8 16 18 13 17 8 8 19 18 18 17 8 fffffffffffffffffttt
1211344123ffftf	0122334044fffft	3 1 1 1 8 7 5 8 2 8 8 3 8 4 10 8 9 6 9 11 8 12 13 13 14 8 15 15 8 16 17 9 19 8 17 17 19 8 8 18 fffffffffffffffffttt
1211344123ffftf	0123223440fftff	5 1 1 1 11 7 11 5 11 6 3 11 2 11 8 11 11 10 9 12 14 11 13 4 12 13 13 15 11 16 17 9 19 11 17 17 19 11 11 18 fffffffffffffffffttt
1211344123ffftf	0123224034fftff	4 1 1 1 11 10 12 3 7 11 9 11 2 11 11 4 11 5 11 6 14 11 13 8 3 13 13 15 11 16 17 12 19 11 17 17 19 11 11 18 fffffffffffffffffttt
1211344123ffftf	0123423044fffft	5 1 1 1 8 7 8 5 8 6 3 8 2 8 9 8 11 4 8 12 10 11 11 13 14 8 15 10 8 16 17 15 19 8 17 17 19 8 8 18 fffffffffffffffffttt
1211344123ffftf	1201304344fffft	2 1 1 1 4 7 6 7 7 2 7 3 7 8 10 5 9 7 7 12 11 10 10 13 14 7 15 11 7 16 17 15 19 7 17 17 19 7 7 18 fffffffffffffffffttt
1211344123ffftf	1201343340ffftf	2 1 1 1 4 8 6 8 8 2 8 3 8 7 9 8 10 5 8 11 13 10 14 8 12 13 10 15 8 16 18 12 17 8 8 19 18 18 17 8 fffffffffffffffffttt
1211344123ffftf	1203314044fffft	3 1 1 1 11 10 6 11 8 11 2 11 11 3 11 4 11 5 12 14 13 11 12 7 9 15 11 16 15 12 17 9 19 11 17 17 19 11 11 18 fffffffffffffffffttt
1211344123ffftf	1203403144fffft	2 1 1 1 4 10 6 10 10 2 10 3 10 7 8 10 10 12 9 11 11 5 13 9 14 10 11 15 10 16 17 13 19 10 17 17 19 10 10 18 fffffffffffffffffttt
1211344321ffftf	0120324344fffft	3 1 1 1 1 3 2 6 7 6 5 8 6 10 5 9 11 5 12 6 11 4 15 11 15 13 14 6 17 16 17 15 18 6 17 17 17 19 18 6 fffffffffffffffffttt
1211344321ffftf	0120343342ffftf	3 1 1 1 1 3 2 7 8 7 13 7 6 9 7 11 6 10 14 6 16 7 14 4 12 14 12 15 18 12 17 7 18 5 18 19 18 18 17 7 fffffffffffffffffttt
1211344321ffftf	0122334044fffft	3 1 1 1 1 3 2 6 7 6 5 8 6 10 5 9 11 11 12 6 11 13 15 15 15 16 14 6 17 4 17 5 18 6 17 17 17 19 18 6 fffffffffffffffffttt
1211344321ffftf	0123223440fftff	7 4 3 9 4 7 3 6 4 4 6 10 6 11 2 12 1 12 5 12 13 12 11 14 12 15 11 16 17 3 17 8 18 12 17 17 17 19 18 12 fffffffffffffffffttt
1211344321ffftf	0123224034fftff	6 3 8 1 1 10 3 3 3 6 8 7 4 12 2 12 1 11 5 12 13 12 11 14 12 15 11 16 17 8 17 9 18 12 17 17 17 19 18 12 fffffffffffffffffttt
1211344321ffftf	0123423044fffft	4 2 6 7 2 2 2 4 3 9 1 9 6 8 10 9 8 11 9 12 8 13 14 6 14 5 15 9 17 14 17 16 18 9 17 17 17 19 18 9 fffffffffffffffffttt
1211344321ffftf	1201304344fffft	3 1 1 1 1 3 2 10 6 10 8 5 8 7 9 10 5 11 5 12 10 13 15 8 14 10 15 4 17 16 17 15 18 10 17 17 17 19 18 10 fffffffffffffffffttt
1211344321ffftf	1201343340ffftf	5 1 1 1 1 5 4 7 4 11 2 13 3 13 9 13 11 8 11 10 12 13 8 14 8 16 13 15 18 4 18 6 17 13 18 19 18 18 17 13 fffffffffffffffffttt
1211344321ffftf	1203314044fffft	3 1 1 1 1 3 2 8 6 8 9 11 9 12 10 8 8 13 5 15 5 16 15 9 14 8 15 4 17 7 17 5 18 8 17 17 17 19 18 8 fffffffffffffffffttt
1211344321ffftf	1203403144fffft	5 2 4 10 2 2 2 5 4 8 3 13 1 13 9 13 11 4 11 6 12 13 8 14 8 15 13 16 17 11 18 13 17 7 17 17 17 19 18 13 fffffffffffffffffttt
1211344321ffftf	1211330440ftfff	3 1 1 1 1 3 2 4 4 7 13 4 11 11 11 10 9 4 14 5 15 4 14 12 12 14 12 16 17 6 17 8 18 4 17 17 17 19 18 4 fffffffffffffffffttt
1211344321ffftf	1211334004ftfff	3 1 1 1 1 3 2 4 4 7 10 10 9 4 10 8 12 4 11 16 11 14 14 11 14 13 15 4 17 5 17 6 18 4 17 17 17 19 18 4 fffffffffffffffffttt
1211344321ffftf	1211340043ftfff	3 1 1 1 1 3 2 5 7 5 5 10 6 12 6 13 12 6 11 5 12 4 14 16 14 14 15 5 17 8 17 9 18 5 17 17 17 19 18 5 fffffffffffffffffttt
1211344321ffftf	1211344300ftfff	3 1 1 1 1 3 2 4 4 10 6 4 11 8 11 7 12 4 7 11 7 13 14 14 14 16 15 4 17 9 17 5 18 4 17 17 17 19 18 4 fffffffffffffffffttt
1211344321ffftf	1231443300ffftf	3 1 1 1 1 3 2 4 4 7 8 8 9 4 8 10 11 11 11 13 12 4 14 5 14 6 15 4 18 14 18 16 17 4 18 19 18 18 17 4 fffffffffffffffffttt
1234432144fftff	0112233444fffft	7 2 8 6 3 4 3 3 2 7 1 7 9 7 5 11 8 11 11 10 12 7 11 13 13 14 13 15 16 7 15 18 15 19 18 19 18 18 17 7 fffffffffffffffffttt
1234432144fftff	0112342344fffft	7 2 8 6 3 4 3 3 2 7 1 7 9 7 5 11 8 11 11 10 13 7 11 16 16 12 16 14 15 7 12 19 12 18 18 19 18 18 17 7 fffffffffffffffffttt
1234432144fftff	0122331444fffft	6 1 2 3 2 2 1 6 5 6 7 10 4 11 7 11 9 6 14 13 12 6 14 14 15 8 16 6 15 15 11 18 11 19 18 19 18 18 17 6 fffffffffffffffffttt
1234432144fftff	0123123444fffft	8 2 9 6 3 4 3 3 2 8 1 8 11 8 10 8 5 13 9 13 12 14 13 7 13 12 12 15 16 8 15 18 15 19 18 19 18 18 17 8 fffffffffffffffffttt
1234432144fftff	0123143342ffftf	10 2 11 9 3 6 3 3 5 14 5 13 2 10 4 10 1 10 12 10 8 16 11 16 16 7 16 5 15 10 13 19 13 17 17 17 17 19 18 10 fffffffffffffffffttt
1234432144fftff	0123423314ffftf	10 2 11 6 3 4 3 3 2 10 1 10 7 10 13 9 13 8 12 10 5 16 11 16 16 14 16 13 15 10 8 19 8 17 17 17 17 19 18 10 fffffffffffffffffttt
1234432144fftff	1203243340ffftf	7 1 2 3 2 2 1 7 5 7 8 6 9 7 11 8 8 10 10 14 10 13 12 7 16 4 16 8 15 7 13 19 13 17 17 17 17 19 18 7 fffffffffffffffffttt
1234432144fftff	1203342044fffft	10 1 2 4 2 2 8 9 1 10 3 10 7 10 11 14 11 12 13 10 5 16 8 16 16 11 16 6 15 10 12 19 12 18 18 19 18 18 17 10 fffffffffffffffffttt
1234432144fftff	1223443300ffftf	4 1 2 3 2 2 1 4 5 8 6 4 10 11 9 4 10 10 13 14 13 13 12 4 16 7 16 8 15 4 8 19 8 17 17 17 17 19 18 4 fffffffffffffffffttt
