0101ft	1122334444ffftf	0 1 2 1 3 1 4 1 0 1 fffft
0101ft	1123304444ffftf	0 1 2 1 3 1 4 1 0 1 fffft
0101ft	1123314444ffftf	0 1 2 1 3 1 4 1 0 1 fffft
0101ft	1123324444ffftf	0 1 2 1 3 1 4 1 0 1 fffft
0101ft	1123334444ffftf	0 1 2 1 3 1 4 1 0 1 fffft
0101ft	1123344444ffftf	0 1 2 1 3 1 4 1 0 1 fffft
0101ft	1220314444ffftf	0 1 2 1 3 1 4 1 0 1 fffft
0101ft	1220334444ffftf	0 1 2 1 3 1 4 1 0 1 fffft
0101ft	1220344444ffftf	0 1 2 1 3 1 4 1 0 1 fffft
0101ft	1221314444ffftf	0 1 2 1 3 1 4 1 0 1 fffft
0101ft	1221334444ffftf	0 1 2 1 3 1 4 1 0 1 fffft
0101ft	1221344444ffftf	0 1 2 1 3 1 4 1 0 1 fffft
0101ft	1222314444ffftf	0 1 2 1 3 1 4 1 0 1 fffft
0101ft	1222334444ffftf	0 1 2 1 3 1 4 1 0 1 fffft
0101ft	1222344444ffftf	0 1 2 1 3 1 4 1 0 1 fffft
0101ft	1223314444ffftf	0 1 2 1 3 1 4 1 0 1 fffft
0101ft	1223334444ffftf	0 1 2 1 3 1 4 1 0 1 fffft
0101ft	1223344444ffftf	0 1 2 1 3 1 4 1 0 1 fffft
0101ft	1223413333fffft	0 1 2 1 3 1 4 1 0 1 fffft
0101ft	1223433333fffft	0 1 2 1 3 1 4 1 0 1 fffft
0101ft	1223443333fffft	0 1 2 1 3 1 4 1 0 1 fffft
0101ft	1230442044fftff	0 1 2 1 3 1 4 1 0 1 fffft
0101ft	1230442144fftff	0 1 2 1 3 1 4 1 0 1 fffft
0101ft	1230442244fftff	0 1 2 1 3 1 4 1 0 1 fffft
0101ft	1230442344fftff	0 1 2 1 3 1 4 1 0 1 fffft
0101ft	1230442444fftff	0 1 2 1 3 1 4 1 0 1 fffft
0101ft	1231442044fftff	0 1 2 1 3 1 4 1 0 1 fffft
0101ft	1231442144fftff	0 1 2 1 3 1 4 1 0 1 fffft
0101ft	1231442244fftff	0 1 2 1 3 1 4 1 0 1 fffft
0101ft	1231442344fftff	0 1 2 1 3 1 4 1 0 1 fffft
0101ft	1231442444fftff	0 1 2 1 3 1 4 1 0 1 fffft
0101ft	1232442044fftff	0 1 2 1 3 1 4 1 0 1 fffft
0101ft	1232442144fftff	0 1 2 1 3 1 4 1 0 1 fffft
0101ft	1232442244fftff	0 1 2 1 3 1 4 1 0 1 fffft
0101ft	1232442344fftff	0 1 2 1 3 1 4 1 0 1 fffft
0101ft	1232442444fftff	0 1 2 1 3 1 4 1 0 1 fffft
0101ft	1233442044fftff	0 1 2 1 3 1 4 1 0 1 fffft
0101ft	1233442144fftff	0 1 2 1 3 1 4 1 0 1 fffft
0101ft	1233442244fftff	0 1 2 1 3 1 4 1 0 1 fffft
0101ft	1233442344fftff	0 1 2 1 3 1 4 1 0 1 fffft
0101ft	1233442444fftff	0 1 2 1 3 1 4 1 0 1 fffft
