01021323ffft	0112234444ffftf	0 1 0 2 1 3 4 3 5 3 6 7 6 8 8 3 9 10 9 12 12 3 11 13 11 14 0 2 1 3 ffffffffffffftt
01021323ffft	0112334444ffftf	0 1 0 2 1 3 4 3 5 3 6 7 6 9 9 3 8 10 8 11 12 14 13 3 0 1 0 2 1 3 ffffffffffffttt
01021323ffft	0122134444ffftf	0 1 0 2 1 3 4 3 6 3 5 9 5 10 9 3 11 12 11 7 12 3 8 13 8 14 0 2 1 3 ffffffffffffftt
01021323ffft	0122334444ffftf	0 1 0 2 1 3 4 3 6 3 5 7 5 8 9 11 10 3 12 13 12 14 13 3 0 1 0 2 1 3 ffffffffffffttt
01021323ffft	0123124444ffftf	0 1 0 2 1 3 4 3 5 3 7 6 9 3 7 12 11 9 11 10 12 3 8 13 8 14 0 2 1 3 ffffffffffffftt
01021323ffft	0123324444ffftf	0 1 0 2 1 3 4 3 5 3 6 7 6 8 10 3 9 14 12 10 12 11 13 3 0 1 0 2 1 3 ffffffffffffttt
01021323ffft	0123443244fftff	0 1 0 2 1 3 4 3 6 3 5 8 5 9 11 3 12 7 13 3 10 13 10 14 0 1 0 2 1 3 ffffffffffffttt
01021323ffft	1203304444ffftf	0 1 0 2 1 3 4 3 6 3 8 10 8 11 9 3 5 13 5 14 12 7 13 3 0 1 0 2 1 3 ffffffffffffttt
01021323ffft	1203442044fftff	0 1 0 2 1 4 6 4 7 4 8 10 8 11 9 4 5 13 5 14 12 3 13 4 0 1 0 2 1 4 ffffffffffffttt
01021323ffft	1203443044fftff	0 1 0 2 1 5 6 5 8 5 9 5 10 4 11 6 11 3 12 5 10 12 7 13 7 14 0 2 1 5 ffffffffffffftt
01021323ffft	1233440044fftff	0 1 0 2 1 4 6 4 7 4 8 9 8 10 9 4 11 12 11 3 12 4 5 13 5 14 0 2 1 4 ffffffffffffftt
01021323ffft	1233442044fftff	0 1 0 2 1 4 6 4 7 4 9 10 9 11 10 4 5 14 12 8 12 3 13 4 0 1 0 2 1 4 ffffffffffffttt
