0102132434fffft	0112234444ffftf	0 1 0 2 1 3 2 4 5 4 6 4 7 8 9 10 10 4 9 12 12 13 11 15 11 16 16 4 14 17 14 18 15 19 0 2 1 3 2 4 fffffffffffffffffttt
0102132434fffft	0112334444ffftf	0 1 0 2 1 3 2 4 5 4 6 4 8 9 7 11 7 12 12 4 10 13 10 14 11 15 16 18 17 19 18 4 0 1 0 2 1 3 2 4 fffffffffffffffftttt
0102132434fffft	0122134444ffftf	0 1 0 2 1 3 2 4 5 4 8 4 6 11 6 12 7 13 12 4 14 15 14 16 15 9 16 4 10 17 10 18 11 19 0 2 1 3 2 4 fffffffffffffffffttt
0102132434fffft	0122334444ffftf	0 1 0 2 1 3 2 4 5 4 8 4 6 9 6 10 7 11 12 14 13 15 14 4 16 17 16 18 17 19 18 4 0 1 0 2 1 3 2 4 fffffffffffffffftttt
0102132434fffft	0123124444ffftf	0 1 0 2 1 3 2 4 5 4 6 4 9 7 13 4 8 15 8 16 16 4 14 12 14 13 15 10 11 17 11 18 12 19 0 2 1 3 2 4 fffffffffffffffffttt
0102132434fffft	0123324444ffftf	0 1 0 2 1 3 2 4 5 4 6 4 8 9 7 10 7 11 14 4 12 18 13 19 16 13 16 14 17 15 18 4 0 1 0 2 1 3 2 4 fffffffffffffffftttt
0102132434fffft	0123443244fftff	0 1 0 2 1 3 2 4 5 4 8 4 6 10 6 11 7 12 15 4 16 15 17 9 18 4 13 17 13 18 14 19 0 1 0 2 1 3 2 4 fffffffffffffffftttt
0102132434fffft	1203442044fftff	0 1 0 2 1 3 2 5 8 5 9 5 10 13 10 14 11 15 12 5 6 18 6 19 7 16 17 12 18 4 19 5 2 5 0 1 0 2 1 3 fffffffffffffffftttt
0102132434fffft	1203443044fftff	0 1 0 2 1 3 2 7 5 7 13 6 10 7 11 7 14 13 14 5 15 4 16 7 12 15 12 16 8 17 8 18 9 19 0 2 1 3 2 7 fffffffffffffffffttt
0102132434fffft	1233440044fftff	0 1 0 2 1 3 2 5 8 5 9 5 10 11 10 12 11 13 12 5 14 15 14 16 15 4 16 5 6 17 6 18 7 19 0 2 1 3 2 5 fffffffffffffffffttt
0102132434fffft	1233442044fftff	0 1 0 2 1 3 2 5 8 5 9 5 12 13 12 14 13 15 14 5 6 18 7 19 16 10 16 11 17 4 18 5 0 1 0 2 1 3 2 5 fffffffffffffffftttt
