112222ftf	0102030444ttttf	2 2 1 1 2 3 2 4 2 5 2 1 fftttt
112222ftf	0102031444ttttf	2 2 1 1 2 3 2 4 2 5 3 1 fftttt
112222ftf	0102032444ttttf	2 2 1 1 2 3 2 4 2 5 4 1 fftttt
112222ftf	0102033444ttttf	2 2 1 1 2 3 2 4 2 5 5 1 fftttt
112222ftf	0102034344ttttf	2 2 1 1 2 3 2 4 2 5 1 5 fftttt
112222ftf	0102034444ttttf	2 2 1 1 2 3 2 4 2 5 1 1 fftttt
112222ftf	0102131444ttttf	2 2 1 1 2 3 2 4 3 5 3 1 fftttt
112222ftf	0102132444ttttf	2 2 1 1 2 3 2 4 3 5 4 1 fftttt
112222ftf	0102133444ttttf	2 2 1 1 2 3 2 4 3 5 5 1 fftttt
112222ftf	0102134344ttttf	2 2 1 1 2 3 2 4 3 5 1 5 fftttt
112222ftf	0102134444ttttf	2 2 1 1 2 3 2 4 3 5 1 1 fftttt
112222ftf	0102232444ttttf	2 2 1 1 2 3 2 4 4 5 4 1 fftttt
112222ftf	0102233444ttttf	2 2 1 1 2 3 2 4 4 5 5 1 fftttt
112222ftf	0102234344ttttf	2 2 1 1 2 3 2 4 4 5 1 5 fftttt
112222ftf	0102234444ttttf	2 2 1 1 2 3 2 4 4 5 1 1 fftttt
112222ftf	0102320444ttttf	2 2 1 1 2 3 2 4 5 4 2 1 fftttt
112222ftf	0102321444ttttf	2 2 1 1 2 3 2 4 5 4 3 1 fftttt
112222ftf	0102322444ttttf	2 2 1 1 2 3 2 4 5 4 4 1 fftttt
112222ftf	0102323444ttttf	2 2 1 1 2 3 2 4 5 4 5 1 fftttt
112222ftf	0102324144ttttf	2 2 1 1 2 3 2 4 5 4 1 3 fftttt
112222ftf	0102324244ttttf	2 2 1 1 2 3 2 4 5 4 1 4 fftttt
112222ftf	0102324344ttttf	2 2 1 1 2 3 2 4 5 4 1 5 fftttt
112222ftf	0102324444ttttf	2 2 1 1 2 3 2 4 5 4 1 1 fftttt
112222ftf	0102333444ttttf	2 2 1 1 2 3 2 4 5 5 5 1 fftttt
112222ftf	0102334344ttttf	2 2 1 1 2 3 2 4 5 5 1 5 fftttt
112222ftf	0102334444ttttf	2 2 1 1 2 3 2 4 5 5 1 1 fftttt
112222ftf	0102340444ttttf	2 2 1 1 2 3 2 4 5 1 2 1 fftttt
112222ftf	0102341144ttttf	2 2 1 1 2 4 4 4 2 5 3 1 fftttt
112222ftf	0102341244ttttf	2 2 1 1 2 3 2 5 3 5 4 1 fftttt
112222ftf	0102341444ttttf	2 2 1 1 2 3 2 4 5 1 3 1 fftttt
112222ftf	0102342144ttttf	2 2 1 1 2 3 2 5 5 3 4 1 fftttt
112222ftf	0102342244ttttf	2 2 1 1 2 3 2 5 5 5 4 1 fftttt
112222ftf	0102343244ttttf	2 2 1 1 2 3 2 5 4 5 4 1 fftttt
112222ftf	0102343333tttft	2 2 1 1 2 3 2 4 1 5 1 1 fftttt
112222ftf	0102344144ttttf	2 2 1 1 2 3 2 4 5 1 1 3 fftttt
112222ftf	0102344244ttttf	2 2 1 1 2 3 2 4 5 1 1 4 fftttt
112222ftf	0102344444ttttf	2 2 1 1 2 3 2 4 5 1 1 1 fftttt
112222ftf	0112131444ttttf	2 2 1 1 2 3 3 4 3 5 3 1 fftttt
112222ftf	0112132444ttttf	2 2 1 1 2 3 3 4 3 5 4 1 fftttt
112222ftf	0112133444ttttf	2 2 1 1 2 3 3 4 3 5 5 1 fftttt
112222ftf	0112134344ttttf	2 2 1 1 2 3 3 4 3 5 1 5 fftttt
112222ftf	0112134444ttttf	2 2 1 1 2 3 3 4 3 5 1 1 fftttt
112222ftf	0112232444ttttf	2 2 1 1 2 3 3 4 4 5 4 1 fftttt
112222ftf	0112233444ttttf	2 2 1 1 2 3 3 4 4 5 5 1 fftttt
112222ftf	0112234344ttttf	2 2 1 1 2 3 3 4 4 5 1 5 fftttt
112222ftf	0112234444ttttf	2 2 1 1 2 3 3 4 4 5 1 1 fftttt
112222ftf	0112321444ttttf	2 2 1 1 2 3 3 4 5 4 3 1 fftttt
112222ftf	0112322444ttttf	2 2 1 1 2 3 3 4 5 4 4 1 fftttt
112222ftf	0112323444ttttf	2 2 1 1 2 3 3 4 5 4 5 1 fftttt
112222ftf	0112324244ttttf	2 2 1 1 2 3 3 4 5 4 1 4 fftttt
112222ftf	0112324344ttttf	2 2 1 1 2 3 3 4 5 4 1 5 fftttt
112222ftf	0112324444ttttf	2 2 1 1 2 3 3 4 5 4 1 1 fftttt
112222ftf	0112333444ttttf	2 2 1 1 2 3 3 4 5 5 5 1 fftttt
112222ftf	0112334344ttttf	2 2 1 1 2 3 3 4 5 5 1 5 fftttt
112222ftf	0112334444ttttf	2 2 1 1 2 3 3 4 5 5 1 1 fftttt
112222ftf	0112341444ttttf	2 2 1 1 2 3 3 4 5 1 3 1 fftttt
112222ftf	0112342244ttttf	2 2 1 1 2 3 3 5 5 5 4 1 fftttt
112222ftf	0112343333tttft	2 2 1 1 2 3 3 4 1 5 1 1 fftttt
112222ftf	0112344244ttttf	2 2 1 1 2 3 3 4 5 1 1 4 fftttt
112222ftf	0112344444ttttf	2 2 1 1 2 3 3 4 5 1 1 1 fftttt
112222ftf	0121032444ttttf	2 2 1 1 2 3 4 3 2 5 4 1 fftttt
112222ftf	0121033444ttttf	2 2 1 1 2 3 4 3 2 5 5 1 fftttt
112222ftf	0121034144ttttf	2 2 1 1 2 3 4 3 2 5 1 3 fftttt
112222ftf	0121034344ttttf	2 2 1 1 2 3 4 3 2 5 1 5 fftttt
112222ftf	0121034444ttttf	2 2 1 1 2 3 4 3 2 5 1 1 fftttt
112222ftf	0121132444ttttf	2 2 1 1 2 3 4 3 3 5 4 1 fftttt
112222ftf	0121133444ttttf	2 2 1 1 2 3 4 3 3 5 5 1 fftttt
112222ftf	0121134144ttttf	2 2 1 1 2 3 4 3 3 5 1 3 fftttt
112222ftf	0121134344ttttf	2 2 1 1 2 3 4 3 3 5 1 5 fftttt
112222ftf	0121134444ttttf	2 2 1 1 2 3 4 3 3 5 1 1 fftttt
112222ftf	0121232444ttttf	2 2 1 1 2 3 4 3 4 5 4 1 fftttt
112222ftf	0121233444ttttf	2 2 1 1 2 3 4 3 4 5 5 1 fftttt
112222ftf	0121234144ttttf	2 2 1 1 2 3 4 3 4 5 1 3 fftttt
112222ftf	0121234244ttttf	2 2 1 1 2 3 4 3 4 5 1 4 fftttt
112222ftf	0121234344ttttf	2 2 1 1 2 3 4 3 4 5 1 5 fftttt
112222ftf	0121234444ttttf	2 2 1 1 2 3 4 3 4 5 1 1 fftttt
112222ftf	0121310444ttttf	2 2 1 1 2 3 4 3 5 3 2 1 fftttt
112222ftf	0121311444ttttf	2 2 1 1 2 3 4 3 5 3 3 1 fftttt
112222ftf	0121312444ttttf	2 2 1 1 2 3 4 3 5 3 4 1 fftttt
112222ftf	0121313444ttttf	2 2 1 1 2 3 4 3 5 3 5 1 fftttt
112222ftf	0121314144ttttf	2 2 1 1 2 3 4 3 5 3 1 3 fftttt
112222ftf	0121314244ttttf	2 2 1 1 2 3 4 3 5 3 1 4 fftttt
112222ftf	0121314344ttttf	2 2 1 1 2 3 4 3 5 3 1 5 fftttt
112222ftf	0121314444ttttf	2 2 1 1 2 3 4 3 5 3 1 1 fftttt
112222ftf	0121323444ttttf	2 2 1 1 2 3 4 3 5 4 5 1 fftttt
112222ftf	0121324244ttttf	2 2 1 1 2 3 4 3 5 4 1 4 fftttt
112222ftf	0121324344ttttf	2 2 1 1 2 3 4 3 5 4 1 5 fftttt
112222ftf	0121324444ttttf	2 2 1 1 2 3 4 3 5 4 1 1 fftttt
112222ftf	0121332444ttttf	2 2 1 1 2 3 4 3 5 5 4 1 fftttt
112222ftf	0121333444ttttf	2 2 1 1 2 3 4 3 5 5 5 1 fftttt
112222ftf	0121334144ttttf	2 2 1 1 2 3 4 3 5 5 1 3 fftttt
112222ftf	0121334344ttttf	2 2 1 1 2 3 4 3 5 5 1 5 fftttt
112222ftf	0121334444ttttf	2 2 1 1 2 3 4 3 5 5 1 1 fftttt
112222ftf	0121340444ttttf	2 2 1 1 2 3 4 3 5 1 2 1 fftttt
112222ftf	0121341144ttttf	2 2 1 1 2 4 4 4 5 4 3 1 fftttt
112222ftf	0121341444ttttf	2 2 1 1 2 3 4 3 5 1 3 1 fftttt
112222ftf	0121343322tttft	2 2 1 1 2 3 5 3 5 5 1 4 fftttt
112222ftf	0121343323tttft	2 2 1 1 2 3 4 3 1 5 4 1 fftttt
112222ftf	0121343331tttft	2 2 1 1 2 3 4 3 1 5 1 3 fftttt
112222ftf	0121343333tttft	2 2 1 1 2 3 4 3 1 5 1 1 fftttt
112222ftf	0121344144ttttf	2 2 1 1 2 3 4 3 5 1 1 3 fftttt
112222ftf	0121344344ttttf	2 2 1 1 2 3 4 3 5 1 1 5 fftttt
112222ftf	0121344444ttttf	2 2 1 1 2 3 4 3 5 1 1 1 fftttt
112222ftf	0122232444ttttf	2 2 1 1 2 3 4 4 4 5 4 1 fftttt
112222ftf	0122233444ttttf	2 2 1 1 2 3 4 4 4 5 5 1 fftttt
112222ftf	0122234344ttttf	2 2 1 1 2 3 4 4 4 5 1 5 fftttt
112222ftf	0122234444ttttf	2 2 1 1 2 3 4 4 4 5 1 1 fftttt
112222ftf	0122323444ttttf	2 2 1 1 2 3 4 4 5 4 5 1 fftttt
112222ftf	0122324244ttttf	2 2 1 1 2 3 4 4 5 4 1 4 fftttt
112222ftf	0122324344ttttf	2 2 1 1 2 3 4 4 5 4 1 5 fftttt
112222ftf	0122324444ttttf	2 2 1 1 2 3 4 4 5 4 1 1 fftttt
112222ftf	0122333444ttttf	2 2 1 1 2 3 4 4 5 5 5 1 fftttt
112222ftf	0122334344ttttf	2 2 1 1 2 3 4 4 5 5 1 5 fftttt
112222ftf	0122334444ttttf	2 2 1 1 2 3 4 4 5 5 1 1 fftttt
112222ftf	0122343333tttft	2 2 1 1 2 3 4 4 1 5 1 1 fftttt
112222ftf	0122344444ttttf	2 2 1 1 2 3 4 4 5 1 1 1 fftttt
112222ftf	0123031444ttttf	2 2 1 1 2 3 4 5 2 5 3 1 fftttt
112222ftf	0123032444ttttf	2 2 1 1 2 3 4 5 2 5 4 1 fftttt
112222ftf	0123033444ttttf	2 2 1 1 2 3 4 5 2 5 5 1 fftttt
112222ftf	0123034344ttttf	2 2 1 1 2 3 4 5 2 5 1 5 fftttt
112222ftf	0123034444ttttf	2 2 1 1 2 3 4 5 2 5 1 1 fftttt
112222ftf	0123042444ttttf	2 2 1 1 2 3 4 5 2 1 4 1 fftttt
112222ftf	0123043313tttft	2 2 1 1 2 4 2 5 3 1 4 1 fftttt
112222ftf	0123043333tttft	2 2 1 1 2 4 2 5 3 1 1 1 fftttt
112222ftf	0123043343tttft	2 2 1 1 2 4 2 5 3 1 5 1 fftttt
112222ftf	0123043444ttttf	2 2 1 1 2 3 4 5 2 1 5 1 fftttt
112222ftf	0123044344ttttf	2 2 1 1 2 3 4 5 2 1 1 5 fftttt
112222ftf	0123044444ttttf	2 2 1 1 2 3 4 5 2 1 1 1 fftttt
112222ftf	0123112444ttttf	2 2 1 1 2 4 4 4 3 5 3 1 fftttt
112222ftf	0123113444ttttf	2 2 1 1 2 4 4 4 3 5 5 1 fftttt
112222ftf	0123114344ttttf	2 2 1 1 2 4 4 4 3 5 1 5 fftttt
112222ftf	0123114444ttttf	2 2 1 1 2 4 4 4 3 5 1 1 fftttt
112222ftf	0123142444ttttf	2 2 1 1 2 3 4 5 3 1 4 1 fftttt
112222ftf	0123143333tttft	2 2 1 1 2 4 4 5 3 1 1 1 fftttt
112222ftf	0123143343tttft	2 2 1 1 2 4 4 5 3 1 5 1 fftttt
112222ftf	0123143444ttttf	2 2 1 1 2 3 4 5 3 1 5 1 fftttt
112222ftf	0123144344ttttf	2 2 1 1 2 3 4 5 3 1 1 5 fftttt
112222ftf	0123144444ttttf	2 2 1 1 2 3 4 5 3 1 1 1 fftttt
112222ftf	0123222422ttftt	2 2 1 1 2 3 1 4 1 5 1 1 fftttt
112222ftf	0123242244ttttf	2 2 1 1 2 3 5 4 5 5 5 1 fftttt
112222ftf	0123243313tttft	2 2 1 1 2 4 3 5 3 1 4 1 fftttt
112222ftf	0123243333tttft	2 2 1 1 2 4 3 5 3 1 1 1 fftttt
112222ftf	0123243343tttft	2 2 1 1 2 4 3 5 3 1 5 1 fftttt
112222ftf	0123244344ttttf	2 2 1 1 2 3 4 5 4 1 1 5 fftttt
112222ftf	0123244444ttttf	2 2 1 1 2 3 4 5 4 1 1 1 fftttt
112222ftf	0123312444ttttf	2 2 1 1 2 3 4 5 5 3 4 1 fftttt
112222ftf	0123313444ttttf	2 2 1 1 2 3 4 5 5 3 5 1 fftttt
112222ftf	0123314344ttttf	2 2 1 1 2 3 4 5 5 3 1 5 fftttt
112222ftf	0123314444ttttf	2 2 1 1 2 3 4 5 5 3 1 1 fftttt
112222ftf	0123332444ttttf	2 2 1 1 2 3 4 5 5 5 4 1 fftttt
112222ftf	0123333444ttttf	2 2 1 1 2 3 4 5 5 5 5 1 fftttt
112222ftf	0123334344ttttf	2 2 1 1 2 3 4 5 5 5 1 5 fftttt
112222ftf	0123334444ttttf	2 2 1 1 2 3 4 5 5 5 1 1 fftttt
112222ftf	0123343333tttft	2 2 1 1 2 3 4 1 1 5 1 1 fftttt
112222ftf	0123344344ttttf	2 2 1 1 2 3 4 5 5 1 1 5 fftttt
112222ftf	0123344444ttttf	2 2 1 1 2 3 4 5 5 1 1 1 fftttt
112222ftf	0123412444ttttf	2 2 1 1 2 3 4 5 1 3 4 1 fftttt
112222ftf	0123413303tttft	2 2 1 1 2 4 5 4 3 1 2 1 fftttt
112222ftf	0123413311tttft	2 2 1 1 2 5 4 5 5 5 3 1 fftttt
112222ftf	0123413313tttft	2 2 1 1 2 4 5 4 3 1 4 1 fftttt
112222ftf	0123413331tttft	2 2 1 1 2 4 5 4 3 1 1 4 fftttt
112222ftf	0123413333tttft	2 2 1 1 2 4 5 4 3 1 1 1 fftttt
112222ftf	0123413343tttft	2 2 1 1 2 4 5 4 3 1 5 1 fftttt
112222ftf	0123414344ttttf	2 2 1 1 2 3 4 5 1 3 1 5 fftttt
112222ftf	0123414444ttttf	2 2 1 1 2 3 4 5 1 3 1 1 fftttt
112222ftf	0123422244ttttf	2 2 1 1 2 3 5 4 5 5 1 5 fftttt
112222ftf	0123432444ttttf	2 2 1 1 2 3 4 5 1 5 4 1 fftttt
112222ftf	0123433303tttft	2 2 1 1 2 3 4 1 5 1 2 1 fftttt
112222ftf	0123433311tttft	2 2 1 1 2 4 4 4 5 1 3 1 fftttt
112222ftf	0123433321tttft	2 2 1 1 2 4 5 4 5 1 3 1 fftttt
112222ftf	0123433331tttft	2 2 1 1 2 3 4 1 5 1 1 3 fftttt
112222ftf	0123433333tttft	2 2 1 1 2 3 4 1 5 1 1 1 fftttt
112222ftf	0123434444ttttf	2 2 1 1 2 3 4 5 1 5 1 1 fftttt
112222ftf	0123442244ttttf	2 2 1 1 2 3 5 4 5 5 1 1 fftttt
112222ftf	0123442444ttttf	2 2 1 1 2 3 4 5 1 1 4 1 fftttt
112222ftf	0123443333tttft	2 2 1 1 2 4 5 5 3 1 1 1 fftttt
112222ftf	0123443343tttft	2 2 1 1 2 4 5 5 3 1 5 1 fftttt
112222ftf	0123444244ttttf	2 2 1 1 2 3 4 5 1 1 1 4 fftttt
112222ftf	0123444344ttttf	2 2 1 1 2 3 4 5 1 1 1 5 fftttt
112222ftf	1112131444ttttf	2 2 1 1 3 3 3 4 3 5 3 1 fftttt
112222ftf	1112132444ttttf	2 2 1 1 3 3 3 4 3 5 4 1 fftttt
112222ftf	1112133444ttttf	2 2 1 1 3 3 3 4 3 5 5 1 fftttt
112222ftf	1112134344ttttf	2 2 1 1 3 3 3 4 3 5 1 5 fftttt
112222ftf	1112134444ttttf	2 2 1 1 3 3 3 4 3 5 1 1 fftttt
112222ftf	1112232444ttttf	2 2 1 1 3 3 3 4 4 5 4 1 fftttt
112222ftf	1112233444ttttf	2 2 1 1 3 3 3 4 4 5 5 1 fftttt
112222ftf	1112234344ttttf	2 2 1 1 3 3 3 4 4 5 1 5 fftttt
112222ftf	1112234444ttttf	2 2 1 1 3 3 3 4 4 5 1 1 fftttt
112222ftf	1112321444ttttf	2 2 1 1 3 3 3 4 5 4 3 1 fftttt
112222ftf	1112322444ttttf	2 2 1 1 3 3 3 4 5 4 4 1 fftttt
112222ftf	1112323444ttttf	2 2 1 1 3 3 3 4 5 4 5 1 fftttt
112222ftf	1112324244ttttf	2 2 1 1 3 3 3 4 5 4 1 4 fftttt
112222ftf	1112324344ttttf	2 2 1 1 3 3 3 4 5 4 1 5 fftttt
112222ftf	1112324444ttttf	2 2 1 1 3 3 3 4 5 4 1 1 fftttt
112222ftf	1112333444ttttf	2 2 1 1 3 3 3 4 5 5 5 1 fftttt
112222ftf	1112334344ttttf	2 2 1 1 3 3 3 4 5 5 1 5 fftttt
112222ftf	1112334444ttttf	2 2 1 1 3 3 3 4 5 5 1 1 fftttt
112222ftf	1112341444ttttf	2 2 1 1 3 3 3 4 5 1 3 1 fftttt
112222ftf	1112342244ttttf	2 2 1 1 3 3 3 5 5 5 4 1 fftttt
112222ftf	1112343333tttft	2 2 1 1 3 3 3 4 1 5 1 1 fftttt
112222ftf	1112344244ttttf	2 2 1 1 3 3 3 4 5 1 1 4 fftttt
112222ftf	1112344444ttttf	2 2 1 1 3 3 3 4 5 1 1 1 fftttt
112222ftf	1122232444ttttf	2 2 1 1 3 3 4 4 4 5 4 1 fftttt
112222ftf	1122233444ttttf	2 2 1 1 3 3 4 4 4 5 5 1 fftttt
112222ftf	1122234344ttttf	2 2 1 1 3 3 4 4 4 5 1 5 fftttt
112222ftf	1122234444ttttf	2 2 1 1 3 3 4 4 4 5 1 1 fftttt
112222ftf	1122333444ttttf	2 2 1 1 3 3 4 4 5 5 5 1 fftttt
112222ftf	1122334444ttttf	2 2 1 1 3 3 4 4 5 5 1 1 fftttt
112222ftf	1122343333tttft	2 2 1 1 3 3 4 4 1 5 1 1 fftttt
112222ftf	1123222422ttftt	2 2 1 1 3 3 1 4 1 5 1 1 fftttt
112222ftf	1123242244ttttf	2 2 1 1 3 3 5 4 5 5 5 1 fftttt
112222ftf	1123244344ttttf	2 2 1 1 3 3 4 5 4 1 1 5 fftttt
112222ftf	1123244444ttttf	2 2 1 1 3 3 4 5 4 1 1 1 fftttt
112222ftf	1123333444ttttf	2 2 1 1 3 3 4 5 5 5 5 1 fftttt
112222ftf	1123334444ttttf	2 2 1 1 3 3 4 5 5 5 1 1 fftttt
112222ftf	1123344444ttttf	2 2 1 1 3 3 4 5 5 1 1 1 fftttt
112222ftf	1123432444ttttf	2 2 1 1 3 3 4 5 1 5 4 1 fftttt
112222ftf	1123434444ttttf	2 2 1 1 3 3 4 5 1 5 1 1 fftttt
112222ftf	1211131411tfttt	2 2 1 1 1 3 1 4 1 5 1 1 fftttt
112222ftf	1213111444ttttf	2 2 1 1 4 3 4 4 4 5 4 1 fftttt
112222ftf	1213113444ttttf	2 2 1 1 4 3 4 4 4 5 5 1 fftttt
112222ftf	1213114344ttttf	2 2 1 1 4 3 4 4 4 5 1 5 fftttt
112222ftf	1213114444ttttf	2 2 1 1 4 3 4 4 4 5 1 1 fftttt
112222ftf	1213142444ttttf	2 2 1 1 3 4 3 5 3 1 4 1 fftttt
112222ftf	1213143311tttft	2 2 1 1 5 3 5 4 5 5 5 1 fftttt
112222ftf	1213143333tttft	2 2 1 1 4 3 4 5 4 1 1 1 fftttt
112222ftf	1213143334tttft	2 2 1 1 4 3 4 5 4 1 1 5 fftttt
112222ftf	1213143444ttttf	2 2 1 1 3 4 3 5 3 1 5 1 fftttt
112222ftf	1213144444ttttf	2 2 1 1 3 4 3 5 3 1 1 1 fftttt
112222ftf	1213244444ttttf	2 2 1 1 3 4 3 5 4 1 1 1 fftttt
112222ftf	1213323444ttttf	2 2 1 1 3 4 3 5 5 4 5 1 fftttt
112222ftf	1213324444ttttf	2 2 1 1 3 4 3 5 5 4 1 1 fftttt
112222ftf	1213333444ttttf	2 2 1 1 3 4 3 5 5 5 5 1 fftttt
112222ftf	1213334344ttttf	2 2 1 1 3 4 3 5 5 5 1 5 fftttt
112222ftf	1213334444ttttf	2 2 1 1 3 4 3 5 5 5 1 1 fftttt
112222ftf	1213343333tttft	2 2 1 1 3 4 3 1 1 5 1 1 fftttt
112222ftf	1213344444ttttf	2 2 1 1 3 4 3 5 5 1 1 1 fftttt
112222ftf	1213423333tttft	2 2 1 1 4 3 5 3 4 1 1 1 fftttt
112222ftf	1213433333tttft	2 2 1 1 3 4 3 1 5 1 1 1 fftttt
112222ftf	1213434444ttttf	2 2 1 1 3 4 3 5 1 5 1 1 fftttt
112222ftf	1213443333tttft	2 2 1 1 4 3 5 5 4 1 1 1 fftttt
112222ftf	1222232444ttttf	2 2 1 1 3 4 4 4 4 5 4 1 fftttt
112222ftf	1222233444ttttf	2 2 1 1 3 4 4 4 4 5 5 1 fftttt
112222ftf	1222234344ttttf	2 2 1 1 3 4 4 4 4 5 1 5 fftttt
112222ftf	1222234444ttttf	2 2 1 1 3 4 4 4 4 5 1 1 fftttt
112222ftf	1222333444ttttf	2 2 1 1 3 4 4 4 5 5 5 1 fftttt
112222ftf	1222334344ttttf	2 2 1 1 3 4 4 4 5 5 1 5 fftttt
112222ftf	1222334444ttttf	2 2 1 1 3 4 4 4 5 5 1 1 fftttt
112222ftf	1222343333tttft	2 2 1 1 3 4 4 4 1 5 1 1 fftttt
112222ftf	1222344444ttttf	2 2 1 1 3 4 4 4 5 1 1 1 fftttt
112222ftf	1223244444ttttf	2 2 1 1 3 4 4 5 4 1 1 1 fftttt
112222ftf	1223333444ttttf	2 2 1 1 3 4 4 5 5 5 5 1 fftttt
112222ftf	1223334344ttttf	2 2 1 1 3 4 4 5 5 5 1 5 fftttt
112222ftf	1223334444ttttf	2 2 1 1 3 4 4 5 5 5 1 1 fftttt
112222ftf	1223344444ttttf	2 2 1 1 3 4 4 5 5 1 1 1 fftttt
112222ftf	1223433333tttft	2 2 1 1 3 4 4 1 5 1 1 1 fftttt
112222ftf	1223434444ttttf	2 2 1 1 3 4 4 5 1 5 1 1 fftttt
112222ftf	1231143311tttft	2 2 1 1 5 3 5 4 5 5 1 5 fftttt
112222ftf	1232133444ttttf	2 2 1 1 3 4 5 4 3 5 5 1 fftttt
112222ftf	1232134444ttttf	2 2 1 1 3 4 5 4 3 5 1 1 fftttt
112222ftf	1232143313tttft	2 2 1 1 4 3 4 5 1 3 4 1 fftttt
112222ftf	1232143333tttft	2 2 1 1 4 3 4 5 1 3 1 1 fftttt
112222ftf	1232143334tttft	2 2 1 1 4 3 4 5 1 3 1 5 fftttt
112222ftf	1232333444ttttf	2 2 1 1 3 4 5 4 5 5 5 1 fftttt
112222ftf	1232334344ttttf	2 2 1 1 3 4 5 4 5 5 1 5 fftttt
112222ftf	1232334444ttttf	2 2 1 1 3 4 5 4 5 5 1 1 fftttt
112222ftf	1232343333tttft	2 2 1 1 3 4 1 4 1 5 1 1 fftttt
112222ftf	1232344244ttttf	2 2 1 1 3 4 5 4 5 1 1 4 fftttt
112222ftf	1232344444ttttf	2 2 1 1 3 4 5 4 5 1 1 1 fftttt
112222ftf	1232433333tttft	2 2 1 1 3 4 1 4 5 1 1 1 fftttt
112222ftf	1232434444ttttf	2 2 1 1 3 4 5 4 1 5 1 1 fftttt
112222ftf	1232442244ttttf	2 2 1 1 3 5 4 5 5 5 1 1 fftttt
112222ftf	1232442444ttttf	2 2 1 1 3 4 5 4 1 1 4 1 fftttt
112222ftf	1232443333tttft	2 2 1 1 4 3 5 5 1 3 1 1 fftttt
112222ftf	1232443334tttft	2 2 1 1 4 3 5 5 1 3 1 5 fftttt
112222ftf	1232443444ttttf	2 2 1 1 3 4 5 4 1 1 5 1 fftttt
112222ftf	1232444244ttttf	2 2 1 1 3 4 5 4 1 1 1 4 fftttt
112222ftf	1233343331tttft	2 2 1 1 3 4 1 1 1 5 1 3 fftttt
112222ftf	1233344444ttttf	2 2 1 1 3 4 5 5 5 1 1 1 fftttt
112222ftf	1233434444ttttf	2 2 1 1 3 4 5 5 1 5 1 1 fftttt
112222ftf	1234433333tttft	2 2 1 1 3 4 1 5 5 1 1 1 fftttt
112222ftf	1234434444ttttf	2 2 1 1 3 4 5 1 1 5 1 1 fftttt
121111fft	0102030444ttttf	1 2 1 1 2 3 2 4 2 5 2 1 fftttt
121111fft	0102031444ttttf	1 2 1 1 2 3 2 4 2 5 3 1 fftttt
121111fft	0102032444ttttf	1 2 1 1 2 3 2 4 2 5 4 1 fftttt
121111fft	0102033444ttttf	1 2 1 1 2 3 2 4 2 5 5 1 fftttt
121111fft	0102034344ttttf	1 2 1 1 2 3 2 4 2 5 1 5 fftttt
121111fft	0102034444ttttf	1 2 1 1 2 3 2 4 2 5 1 1 fftttt
121111fft	0102131444ttttf	1 2 1 1 2 3 2 4 3 5 3 1 fftttt
121111fft	0102132444ttttf	1 2 1 1 2 3 2 4 3 5 4 1 fftttt
121111fft	0102133444ttttf	1 2 1 1 2 3 2 4 3 5 5 1 fftttt
121111fft	0102134344ttttf	1 2 1 1 2 3 2 4 3 5 1 5 fftttt
121111fft	0102134444ttttf	1 2 1 1 2 3 2 4 3 5 1 1 fftttt
121111fft	0102232444ttttf	1 2 1 1 2 3 2 4 4 5 4 1 fftttt
121111fft	0102233444ttttf	1 2 1 1 2 3 2 4 4 5 5 1 fftttt
121111fft	0102234344ttttf	1 2 1 1 2 3 2 4 4 5 1 5 fftttt
121111fft	0102234444ttttf	1 2 1 1 2 3 2 4 4 5 1 1 fftttt
121111fft	0102320444ttttf	1 2 1 1 2 3 2 4 5 4 2 1 fftttt
121111fft	0102321444ttttf	1 2 1 1 2 3 2 4 5 4 3 1 fftttt
121111fft	0102322444ttttf	1 2 1 1 2 3 2 4 5 4 4 1 fftttt
121111fft	0102323444ttttf	1 2 1 1 2 3 2 4 5 4 5 1 fftttt
121111fft	0102324144ttttf	1 2 1 1 2 3 2 4 5 4 1 3 fftttt
121111fft	0102324244ttttf	1 2 1 1 2 3 2 4 5 4 1 4 fftttt
121111fft	0102324344ttttf	1 2 1 1 2 3 2 4 5 4 1 5 fftttt
121111fft	0102324444ttttf	1 2 1 1 2 3 2 4 5 4 1 1 fftttt
121111fft	0102333444ttttf	1 2 1 1 2 3 2 4 5 5 5 1 fftttt
121111fft	0102334344ttttf	1 2 1 1 2 3 2 4 5 5 1 5 fftttt
121111fft	0102334444ttttf	1 2 1 1 2 3 2 4 5 5 1 1 fftttt
121111fft	0102340444ttttf	1 2 1 1 2 3 2 4 5 1 2 1 fftttt
121111fft	0102341144ttttf	1 2 1 1 2 4 4 4 2 5 3 1 fftttt
121111fft	0102341244ttttf	1 2 1 1 2 3 2 5 3 5 4 1 fftttt
121111fft	0102341444ttttf	1 2 1 1 2 3 2 4 5 1 3 1 fftttt
121111fft	0102342144ttttf	1 2 1 1 2 3 2 5 5 3 4 1 fftttt
121111fft	0102342244ttttf	1 2 1 1 2 3 2 5 5 5 4 1 fftttt
121111fft	0102343244ttttf	1 2 1 1 2 3 2 5 4 5 4 1 fftttt
121111fft	0102343333tttft	1 2 1 1 2 3 2 4 1 5 1 1 fftttt
121111fft	0102344144ttttf	1 2 1 1 2 3 2 4 5 1 1 3 fftttt
121111fft	0102344244ttttf	1 2 1 1 2 3 2 4 5 1 1 4 fftttt
121111fft	0102344444ttttf	1 2 1 1 2 3 2 4 5 1 1 1 fftttt
121111fft	0112131444ttttf	1 2 1 1 2 3 3 4 3 5 3 1 fftttt
121111fft	0112132444ttttf	1 2 1 1 2 3 3 4 3 5 4 1 fftttt
121111fft	0112133444ttttf	1 2 1 1 2 3 3 4 3 5 5 1 fftttt
121111fft	0112134344ttttf	1 2 1 1 2 3 3 4 3 5 1 5 fftttt
121111fft	0112134444ttttf	1 2 1 1 2 3 3 4 3 5 1 1 fftttt
121111fft	0112232444ttttf	1 2 1 1 2 3 3 4 4 5 4 1 fftttt
121111fft	0112233444ttttf	1 2 1 1 2 3 3 4 4 5 5 1 fftttt
121111fft	0112234344ttttf	1 2 1 1 2 3 3 4 4 5 1 5 fftttt
121111fft	0112234444ttttf	1 2 1 1 2 3 3 4 4 5 1 1 fftttt
121111fft	0112321444ttttf	1 2 1 1 2 3 3 4 5 4 3 1 fftttt
121111fft	0112322444ttttf	1 2 1 1 2 3 3 4 5 4 4 1 fftttt
121111fft	0112323444ttttf	1 2 1 1 2 3 3 4 5 4 5 1 fftttt
121111fft	0112324244ttttf	1 2 1 1 2 3 3 4 5 4 1 4 fftttt
121111fft	0112324344ttttf	1 2 1 1 2 3 3 4 5 4 1 5 fftttt
121111fft	0112324444ttttf	1 2 1 1 2 3 3 4 5 4 1 1 fftttt
121111fft	0112333444ttttf	1 2 1 1 2 3 3 4 5 5 5 1 fftttt
121111fft	0112334344ttttf	1 2 1 1 2 3 3 4 5 5 1 5 fftttt
121111fft	0112334444ttttf	1 2 1 1 2 3 3 4 5 5 1 1 fftttt
121111fft	0112341444ttttf	1 2 1 1 2 3 3 4 5 1 3 1 fftttt
121111fft	0112342244ttttf	1 2 1 1 2 3 3 5 5 5 4 1 fftttt
121111fft	0112343333tttft	1 2 1 1 2 3 3 4 1 5 1 1 fftttt
121111fft	0112344244ttttf	1 2 1 1 2 3 3 4 5 1 1 4 fftttt
121111fft	0112344444ttttf	1 2 1 1 2 3 3 4 5 1 1 1 fftttt
121111fft	0121032444ttttf	1 2 1 1 2 3 4 3 2 5 4 1 fftttt
121111fft	0121033444ttttf	1 2 1 1 2 3 4 3 2 5 5 1 fftttt
121111fft	0121034144ttttf	1 2 1 1 2 3 4 3 2 5 1 3 fftttt
121111fft	0121034344ttttf	1 2 1 1 2 3 4 3 2 5 1 5 fftttt
121111fft	0121034444ttttf	1 2 1 1 2 3 4 3 2 5 1 1 fftttt
121111fft	0121132444ttttf	1 2 1 1 2 3 4 3 3 5 4 1 fftttt
121111fft	0121133444ttttf	1 2 1 1 2 3 4 3 3 5 5 1 fftttt
121111fft	0121134144ttttf	1 2 1 1 2 3 4 3 3 5 1 3 fftttt
121111fft	0121134344ttttf	1 2 1 1 2 3 4 3 3 5 1 5 fftttt
121111fft	0121134444ttttf	1 2 1 1 2 3 4 3 3 5 1 1 fftttt
121111fft	0121232444ttttf	1 2 1 1 2 3 4 3 4 5 4 1 fftttt
121111fft	0121233444ttttf	1 2 1 1 2 3 4 3 4 5 5 1 fftttt
121111fft	0121234144ttttf	1 2 1 1 2 3 4 3 4 5 1 3 fftttt
121111fft	0121234244ttttf	1 2 1 1 2 3 4 3 4 5 1 4 fftttt
121111fft	0121234344ttttf	1 2 1 1 2 3 4 3 4 5 1 5 fftttt
121111fft	0121234444ttttf	1 2 1 1 2 3 4 3 4 5 1 1 fftttt
121111fft	0121310444ttttf	1 2 1 1 2 3 4 3 5 3 2 1 fftttt
121111fft	0121311444ttttf	1 2 1 1 2 3 4 3 5 3 3 1 fftttt
121111fft	0121312444ttttf	1 2 1 1 2 3 4 3 5 3 4 1 fftttt
121111fft	0121313444ttttf	1 2 1 1 2 3 4 3 5 3 5 1 fftttt
121111fft	0121314144ttttf	1 2 1 1 2 3 4 3 5 3 1 3 fftttt
121111fft	0121314244ttttf	1 2 1 1 2 3 4 3 5 3 1 4 fftttt
121111fft	0121314344ttttf	1 2 1 1 2 3 4 3 5 3 1 5 fftttt
121111fft	0121314444ttttf	1 2 1 1 2 3 4 3 5 3 1 1 fftttt
121111fft	0121323444ttttf	1 2 1 1 2 3 4 3 5 4 5 1 fftttt
121111fft	0121324244ttttf	1 2 1 1 2 3 4 3 5 4 1 4 fftttt
121111fft	0121324344ttttf	1 2 1 1 2 3 4 3 5 4 1 5 fftttt
121111fft	0121324444ttttf	1 2 1 1 2 3 4 3 5 4 1 1 fftttt
121111fft	0121332444ttttf	1 2 1 1 2 3 4 3 5 5 4 1 fftttt
121111fft	0121333444ttttf	1 2 1 1 2 3 4 3 5 5 5 1 fftttt
121111fft	0121334144ttttf	1 2 1 1 2 3 4 3 5 5 1 3 fftttt
121111fft	0121334344ttttf	1 2 1 1 2 3 4 3 5 5 1 5 fftttt
121111fft	0121334444ttttf	1 2 1 1 2 3 4 3 5 5 1 1 fftttt
121111fft	0121340444ttttf	1 2 1 1 2 3 4 3 5 1 2 1 fftttt
121111fft	0121341144ttttf	1 2 1 1 2 4 4 4 5 4 3 1 fftttt
121111fft	0121341444ttttf	1 2 1 1 2 3 4 3 5 1 3 1 fftttt
121111fft	0121343322tttft	1 2 1 1 2 3 5 3 5 5 1 4 fftttt
121111fft	0121343323tttft	1 2 1 1 2 3 4 3 1 5 4 1 fftttt
121111fft	0121343331tttft	1 2 1 1 2 3 4 3 1 5 1 3 fftttt
121111fft	0121343333tttft	1 2 1 1 2 3 4 3 1 5 1 1 fftttt
121111fft	0121344144ttttf	1 2 1 1 2 3 4 3 5 1 1 3 fftttt
121111fft	0121344344ttttf	1 2 1 1 2 3 4 3 5 1 1 5 fftttt
121111fft	0121344444ttttf	1 2 1 1 2 3 4 3 5 1 1 1 fftttt
121111fft	0122232444ttttf	1 2 1 1 2 3 4 4 4 5 4 1 fftttt
121111fft	0122233444ttttf	1 2 1 1 2 3 4 4 4 5 5 1 fftttt
121111fft	0122234344ttttf	1 2 1 1 2 3 4 4 4 5 1 5 fftttt
121111fft	0122234444ttttf	1 2 1 1 2 3 4 4 4 5 1 1 fftttt
121111fft	0122323444ttttf	1 2 1 1 2 3 4 4 5 4 5 1 fftttt
121111fft	0122324244ttttf	1 2 1 1 2 3 4 4 5 4 1 4 fftttt
121111fft	0122324344ttttf	1 2 1 1 2 3 4 4 5 4 1 5 fftttt
121111fft	0122324444ttttf	1 2 1 1 2 3 4 4 5 4 1 1 fftttt
121111fft	0122333444ttttf	1 2 1 1 2 3 4 4 5 5 5 1 fftttt
121111fft	0122334344ttttf	1 2 1 1 2 3 4 4 5 5 1 5 fftttt
121111fft	0122334444ttttf	1 2 1 1 2 3 4 4 5 5 1 1 fftttt
121111fft	0122343333tttft	1 2 1 1 2 3 4 4 1 5 1 1 fftttt
121111fft	0122344444ttttf	1 2 1 1 2 3 4 4 5 1 1 1 fftttt
121111fft	0123031444ttttf	1 2 1 1 2 3 4 5 2 5 3 1 fftttt
121111fft	0123032444ttttf	1 2 1 1 2 3 4 5 2 5 4 1 fftttt
121111fft	0123033444ttttf	1 2 1 1 2 3 4 5 2 5 5 1 fftttt
121111fft	0123034344ttttf	1 2 1 1 2 3 4 5 2 5 1 5 fftttt
121111fft	0123034444ttttf	1 2 1 1 2 3 4 5 2 5 1 1 fftttt
121111fft	0123042444ttttf	1 2 1 1 2 3 4 5 2 1 4 1 fftttt
121111fft	0123043313tttft	1 2 1 1 2 4 2 5 3 1 4 1 fftttt
121111fft	0123043333tttft	1 2 1 1 2 4 2 5 3 1 1 1 fftttt
121111fft	0123043343tttft	1 2 1 1 2 4 2 5 3 1 5 1 fftttt
121111fft	0123043444ttttf	1 2 1 1 2 3 4 5 2 1 5 1 fftttt
121111fft	0123044344ttttf	1 2 1 1 2 3 4 5 2 1 1 5 fftttt
121111fft	0123044444ttttf	1 2 1 1 2 3 4 5 2 1 1 1 fftttt
121111fft	0123112444ttttf	1 2 1 1 2 4 4 4 3 5 3 1 fftttt
121111fft	0123113444ttttf	1 2 1 1 2 4 4 4 3 5 5 1 fftttt
121111fft	0123114344ttttf	1 2 1 1 2 4 4 4 3 5 1 5 fftttt
121111fft	0123114444ttttf	1 2 1 1 2 4 4 4 3 5 1 1 fftttt
121111fft	0123142444ttttf	1 2 1 1 2 3 4 5 3 1 4 1 fftttt
121111fft	0123143333tttft	1 2 1 1 2 4 4 5 3 1 1 1 fftttt
121111fft	0123143343tttft	1 2 1 1 2 4 4 5 3 1 5 1 fftttt
121111fft	0123143444ttttf	1 2 1 1 2 3 4 5 3 1 5 1 fftttt
121111fft	0123144344ttttf	1 2 1 1 2 3 4 5 3 1 1 5 fftttt
121111fft	0123144444ttttf	1 2 1 1 2 3 4 5 3 1 1 1 fftttt
121111fft	0123222422ttftt	1 2 1 1 2 3 1 4 1 5 1 1 fftttt
121111fft	0123242244ttttf	1 2 1 1 2 3 5 4 5 5 5 1 fftttt
121111fft	0123243313tttft	1 2 1 1 2 4 3 5 3 1 4 1 fftttt
121111fft	0123243333tttft	1 2 1 1 2 4 3 5 3 1 1 1 fftttt
121111fft	0123243343tttft	1 2 1 1 2 4 3 5 3 1 5 1 fftttt
121111fft	0123244344ttttf	1 2 1 1 2 3 4 5 4 1 1 5 fftttt
121111fft	0123244444ttttf	1 2 1 1 2 3 4 5 4 1 1 1 fftttt
121111fft	0123312444ttttf	1 2 1 1 2 3 4 5 5 3 4 1 fftttt
121111fft	0123313444ttttf	1 2 1 1 2 3 4 5 5 3 5 1 fftttt
121111fft	0123314344ttttf	1 2 1 1 2 3 4 5 5 3 1 5 fftttt
121111fft	0123314444ttttf	1 2 1 1 2 3 4 5 5 3 1 1 fftttt
121111fft	0123332444ttttf	1 2 1 1 2 3 4 5 5 5 4 1 fftttt
121111fft	0123333444ttttf	1 2 1 1 2 3 4 5 5 5 5 1 fftttt
121111fft	0123334344ttttf	1 2 1 1 2 3 4 5 5 5 1 5 fftttt
121111fft	0123334444ttttf	1 2 1 1 2 3 4 5 5 5 1 1 fftttt
121111fft	0123343333tttft	1 2 1 1 2 3 4 1 1 5 1 1 fftttt
121111fft	0123344344ttttf	1 2 1 1 2 3 4 5 5 1 1 5 fftttt
121111fft	0123344444ttttf	1 2 1 1 2 3 4 5 5 1 1 1 fftttt
121111fft	0123412444ttttf	1 2 1 1 2 3 4 5 1 3 4 1 fftttt
121111fft	0123413303tttft	1 2 1 1 2 4 5 4 3 1 2 1 fftttt
121111fft	0123413311tttft	1 2 1 1 2 5 4 5 5 5 3 1 fftttt
121111fft	0123413313tttft	1 2 1 1 2 4 5 4 3 1 4 1 fftttt
121111fft	0123413331tttft	1 2 1 1 2 4 5 4 3 1 1 4 fftttt
121111fft	0123413333tttft	1 2 1 1 2 4 5 4 3 1 1 1 fftttt
121111fft	0123413343tttft	1 2 1 1 2 4 5 4 3 1 5 1 fftttt
121111fft	0123414344ttttf	1 2 1 1 2 3 4 5 1 3 1 5 fftttt
121111fft	0123414444ttttf	1 2 1 1 2 3 4 5 1 3 1 1 fftttt
121111fft	0123422244ttttf	1 2 1 1 2 3 5 4 5 5 1 5 fftttt
121111fft	0123432444ttttf	1 2 1 1 2 3 4 5 1 5 4 1 fftttt
121111fft	0123433303tttft	1 2 1 1 2 3 4 1 5 1 2 1 fftttt
121111fft	0123433311tttft	1 2 1 1 2 4 4 4 5 1 3 1 fftttt
121111fft	0123433321tttft	1 2 1 1 2 4 5 4 5 1 3 1 fftttt
121111fft	0123433331tttft	1 2 1 1 2 3 4 1 5 1 1 3 fftttt
121111fft	0123433333tttft	1 2 1 1 2 3 4 1 5 1 1 1 fftttt
121111fft	0123434444ttttf	1 2 1 1 2 3 4 5 1 5 1 1 fftttt
121111fft	0123442244ttttf	1 2 1 1 2 3 5 4 5 5 1 1 fftttt
121111fft	0123442444ttttf	1 2 1 1 2 3 4 5 1 1 4 1 fftttt
121111fft	0123443333tttft	1 2 1 1 2 4 5 5 3 1 1 1 fftttt
121111fft	0123443343tttft	1 2 1 1 2 4 5 5 3 1 5 1 fftttt
121111fft	0123444244ttttf	1 2 1 1 2 3 4 5 1 1 1 4 fftttt
121111fft	0123444344ttttf	1 2 1 1 2 3 4 5 1 1 1 5 fftttt
121111fft	1112131444ttttf	1 2 1 1 3 3 3 4 3 5 3 1 fftttt
121111fft	1112132444ttttf	1 2 1 1 3 3 3 4 3 5 4 1 fftttt
121111fft	1112133444ttttf	1 2 1 1 3 3 3 4 3 5 5 1 fftttt
121111fft	1112134344ttttf	1 2 1 1 3 3 3 4 3 5 1 5 fftttt
121111fft	1112134444ttttf	1 2 1 1 3 3 3 4 3 5 1 1 fftttt
121111fft	1112232444ttttf	1 2 1 1 3 3 3 4 4 5 4 1 fftttt
121111fft	1112233444ttttf	1 2 1 1 3 3 3 4 4 5 5 1 fftttt
121111fft	1112234344ttttf	1 2 1 1 3 3 3 4 4 5 1 5 fftttt
121111fft	1112234444ttttf	1 2 1 1 3 3 3 4 4 5 1 1 fftttt
121111fft	1112321444ttttf	1 2 1 1 3 3 3 4 5 4 3 1 fftttt
121111fft	1112322444ttttf	1 2 1 1 3 3 3 4 5 4 4 1 fftttt
121111fft	1112323444ttttf	1 2 1 1 3 3 3 4 5 4 5 1 fftttt
121111fft	1112324244ttttf	1 2 1 1 3 3 3 4 5 4 1 4 fftttt
121111fft	1112324344ttttf	1 2 1 1 3 3 3 4 5 4 1 5 fftttt
121111fft	1112324444ttttf	1 2 1 1 3 3 3 4 5 4 1 1 fftttt
121111fft	1112333444ttttf	1 2 1 1 3 3 3 4 5 5 5 1 fftttt
121111fft	1112334344ttttf	1 2 1 1 3 3 3 4 5 5 1 5 fftttt
121111fft	1112334444ttttf	1 2 1 1 3 3 3 4 5 5 1 1 fftttt
121111fft	1112341444ttttf	1 2 1 1 3 3 3 4 5 1 3 1 fftttt
121111fft	1112342244ttttf	1 2 1 1 3 3 3 5 5 5 4 1 fftttt
121111fft	1112343333tttft	1 2 1 1 3 3 3 4 1 5 1 1 fftttt
121111fft	1112344244ttttf	1 2 1 1 3 3 3 4 5 1 1 4 fftttt
121111fft	1112344444ttttf	1 2 1 1 3 3 3 4 5 1 1 1 fftttt
121111fft	1122232444ttttf	1 2 1 1 3 3 4 4 4 5 4 1 fftttt
121111fft	1122233444ttttf	1 2 1 1 3 3 4 4 4 5 5 1 fftttt
121111fft	1122234344ttttf	1 2 1 1 3 3 4 4 4 5 1 5 fftttt
121111fft	1122234444ttttf	1 2 1 1 3 3 4 4 4 5 1 1 fftttt
121111fft	1122333444ttttf	1 2 1 1 3 3 4 4 5 5 5 1 fftttt
121111fft	1122334444ttttf	1 2 1 1 3 3 4 4 5 5 1 1 fftttt
121111fft	1122343333tttft	1 2 1 1 3 3 4 4 1 5 1 1 fftttt
121111fft	1123222422ttftt	1 2 1 1 3 3 1 4 1 5 1 1 fftttt
121111fft	1123242244ttttf	1 2 1 1 3 3 5 4 5 5 5 1 fftttt
121111fft	1123244344ttttf	1 2 1 1 3 3 4 5 4 1 1 5 fftttt
121111fft	1123244444ttttf	1 2 1 1 3 3 4 5 4 1 1 1 fftttt
121111fft	1123333444ttttf	1 2 1 1 3 3 4 5 5 5 5 1 fftttt
121111fft	1123334444ttttf	1 2 1 1 3 3 4 5 5 5 1 1 fftttt
121111fft	1123344444ttttf	1 2 1 1 3 3 4 5 5 1 1 1 fftttt
121111fft	1123432444ttttf	1 2 1 1 3 3 4 5 1 5 4 1 fftttt
121111fft	1123434444ttttf	1 2 1 1 3 3 4 5 1 5 1 1 fftttt
121111fft	1211131411tfttt	1 2 1 1 1 3 1 4 1 5 1 1 fftttt
121111fft	1213111444ttttf	1 2 1 1 4 3 4 4 4 5 4 1 fftttt
121111fft	1213113444ttttf	1 2 1 1 4 3 4 4 4 5 5 1 fftttt
121111fft	1213114344ttttf	1 2 1 1 4 3 4 4 4 5 1 5 fftttt
121111fft	1213114444ttttf	1 2 1 1 4 3 4 4 4 5 1 1 fftttt
121111fft	1213142444ttttf	1 2 1 1 3 4 3 5 3 1 4 1 fftttt
121111fft	1213143311tttft	1 2 1 1 5 3 5 4 5 5 5 1 fftttt
121111fft	1213143333tttft	1 2 1 1 4 3 4 5 4 1 1 1 fftttt
121111fft	1213143334tttft	1 2 1 1 4 3 4 5 4 1 1 5 fftttt
121111fft	1213143444ttttf	1 2 1 1 3 4 3 5 3 1 5 1 fftttt
121111fft	1213144444ttttf	1 2 1 1 3 4 3 5 3 1 1 1 fftttt
121111fft	1213244444ttttf	1 2 1 1 3 4 3 5 4 1 1 1 fftttt
121111fft	1213323444ttttf	1 2 1 1 3 4 3 5 5 4 5 1 fftttt
121111fft	1213324444ttttf	1 2 1 1 3 4 3 5 5 4 1 1 fftttt
121111fft	1213333444ttttf	1 2 1 1 3 4 3 5 5 5 5 1 fftttt
121111fft	1213334344ttttf	1 2 1 1 3 4 3 5 5 5 1 5 fftttt
121111fft	1213334444ttttf	1 2 1 1 3 4 3 5 5 5 1 1 fftttt
121111fft	1213343333tttft	1 2 1 1 3 4 3 1 1 5 1 1 fftttt
121111fft	1213344444ttttf	1 2 1 1 3 4 3 5 5 1 1 1 fftttt
121111fft	1213423333tttft	1 2 1 1 4 3 5 3 4 1 1 1 fftttt
121111fft	1213433333tttft	1 2 1 1 3 4 3 1 5 1 1 1 fftttt
121111fft	1213434444ttttf	1 2 1 1 3 4 3 5 1 5 1 1 fftttt
121111fft	1213443333tttft	1 2 1 1 4 3 5 5 4 1 1 1 fftttt
121111fft	1222232444ttttf	1 2 1 1 3 4 4 4 4 5 4 1 fftttt
121111fft	1222233444ttttf	1 2 1 1 3 4 4 4 4 5 5 1 fftttt
121111fft	1222234344ttttf	1 2 1 1 3 4 4 4 4 5 1 5 fftttt
121111fft	1222234444ttttf	1 2 1 1 3 4 4 4 4 5 1 1 fftttt
121111fft	1222333444ttttf	1 2 1 1 3 4 4 4 5 5 5 1 fftttt
121111fft	1222334344ttttf	1 2 1 1 3 4 4 4 5 5 1 5 fftttt
121111fft	1222334444ttttf	1 2 1 1 3 4 4 4 5 5 1 1 fftttt
121111fft	1222343333tttft	1 2 1 1 3 4 4 4 1 5 1 1 fftttt
121111fft	1222344444ttttf	1 2 1 1 3 4 4 4 5 1 1 1 fftttt
121111fft	1223244444ttttf	1 2 1 1 3 4 4 5 4 1 1 1 fftttt
121111fft	1223333444ttttf	1 2 1 1 3 4 4 5 5 5 5 1 fftttt
121111fft	1223334344ttttf	1 2 1 1 3 4 4 5 5 5 1 5 fftttt
121111fft	1223334444ttttf	1 2 1 1 3 4 4 5 5 5 1 1 fftttt
121111fft	1223344444ttttf	1 2 1 1 3 4 4 5 5 1 1 1 fftttt
121111fft	1223433333tttft	1 2 1 1 3 4 4 1 5 1 1 1 fftttt
121111fft	1223434444ttttf	1 2 1 1 3 4 4 5 1 5 1 1 fftttt
121111fft	1231143311tttft	1 2 1 1 5 3 5 4 5 5 1 5 fftttt
121111fft	1232133444ttttf	1 2 1 1 3 4 5 4 3 5 5 1 fftttt
121111fft	1232134444ttttf	1 2 1 1 3 4 5 4 3 5 1 1 fftttt
121111fft	1232143313tttft	1 2 1 1 4 3 4 5 1 3 4 1 fftttt
121111fft	1232143333tttft	1 2 1 1 4 3 4 5 1 3 1 1 fftttt
121111fft	1232143334tttft	1 2 1 1 4 3 4 5 1 3 1 5 fftttt
121111fft	1232333444ttttf	1 2 1 1 3 4 5 4 5 5 5 1 fftttt
121111fft	1232334344ttttf	1 2 1 1 3 4 5 4 5 5 1 5 fftttt
121111fft	1232334444ttttf	1 2 1 1 3 4 5 4 5 5 1 1 fftttt
121111fft	1232343333tttft	1 2 1 1 3 4 1 4 1 5 1 1 fftttt
121111fft	1232344244ttttf	1 2 1 1 3 4 5 4 5 1 1 4 fftttt
121111fft	1232344444ttttf	1 2 1 1 3 4 5 4 5 1 1 1 fftttt
121111fft	1232433333tttft	1 2 1 1 3 4 1 4 5 1 1 1 fftttt
121111fft	1232434444ttttf	1 2 1 1 3 4 5 4 1 5 1 1 fftttt
121111fft	1232442244ttttf	1 2 1 1 3 5 4 5 5 5 1 1 fftttt
121111fft	1232442444ttttf	1 2 1 1 3 4 5 4 1 1 4 1 fftttt
121111fft	1232443333tttft	1 2 1 1 4 3 5 5 1 3 1 1 fftttt
121111fft	1232443334tttft	1 2 1 1 4 3 5 5 1 3 1 5 fftttt
121111fft	1232443444ttttf	1 2 1 1 3 4 5 4 1 1 5 1 fftttt
121111fft	1232444244ttttf	1 2 1 1 3 4 5 4 1 1 1 4 fftttt
121111fft	1233343331tttft	1 2 1 1 3 4 1 1 1 5 1 3 fftttt
121111fft	1233344444ttttf	1 2 1 1 3 4 5 5 5 1 1 1 fftttt
121111fft	1233434444ttttf	1 2 1 1 3 4 5 5 1 5 1 1 fftttt
121111fft	1234433333tttft	1 2 1 1 3 4 1 5 5 1 1 1 fftttt
121111fft	1234434444ttttf	1 2 1 1 3 4 5 1 1 5 1 1 fftttt
121121fft	0102030444ttttf	1 2 1 1 2 3 2 4 2 5 2 1 fftttt
121121fft	0102031444ttttf	1 2 1 1 2 3 2 4 2 5 3 1 fftttt
121121fft	0102032444ttttf	1 2 1 1 2 3 2 4 2 5 4 1 fftttt
121121fft	0102033444ttttf	1 2 1 1 2 3 2 4 2 5 5 1 fftttt
121121fft	0102034344ttttf	1 2 1 1 2 3 2 4 2 5 1 5 fftttt
121121fft	0102034444ttttf	1 2 1 1 2 3 2 4 2 5 1 1 fftttt
121121fft	0102131444ttttf	1 2 1 1 2 3 2 4 3 5 3 1 fftttt
121121fft	0102132444ttttf	1 2 1 1 2 3 2 4 3 5 4 1 fftttt
121121fft	0102133444ttttf	1 2 1 1 2 3 2 4 3 5 5 1 fftttt
121121fft	0102134344ttttf	1 2 1 1 2 3 2 4 3 5 1 5 fftttt
121121fft	0102134444ttttf	1 2 1 1 2 3 2 4 3 5 1 1 fftttt
121121fft	0102232444ttttf	1 2 1 1 2 3 2 4 4 5 4 1 fftttt
121121fft	0102233444ttttf	1 2 1 1 2 3 2 4 4 5 5 1 fftttt
121121fft	0102234344ttttf	1 2 1 1 2 3 2 4 4 5 1 5 fftttt
121121fft	0102234444ttttf	1 2 1 1 2 3 2 4 4 5 1 1 fftttt
121121fft	0102320444ttttf	1 2 1 1 2 3 2 4 5 4 2 1 fftttt
121121fft	0102321444ttttf	1 2 1 1 2 3 2 4 5 4 3 1 fftttt
121121fft	0102322444ttttf	1 2 1 1 2 3 2 4 5 4 4 1 fftttt
121121fft	0102323444ttttf	1 2 1 1 2 3 2 4 5 4 5 1 fftttt
121121fft	0102324144ttttf	1 2 1 1 2 3 2 4 5 4 1 3 fftttt
121121fft	0102324244ttttf	1 2 1 1 2 3 2 4 5 4 1 4 fftttt
121121fft	0102324344ttttf	1 2 1 1 2 3 2 4 5 4 1 5 fftttt
121121fft	0102324444ttttf	1 2 1 1 2 3 2 4 5 4 1 1 fftttt
121121fft	0102333444ttttf	1 2 1 1 2 3 2 4 5 5 5 1 fftttt
121121fft	0102334344ttttf	1 2 1 1 2 3 2 4 5 5 1 5 fftttt
121121fft	0102334444ttttf	1 2 1 1 2 3 2 4 5 5 1 1 fftttt
121121fft	0102340444ttttf	1 2 1 1 2 3 2 4 5 1 2 1 fftttt
121121fft	0102341144ttttf	1 2 1 1 2 4 4 4 2 5 3 1 fftttt
121121fft	0102341244ttttf	1 2 1 1 2 3 2 5 3 5 4 1 fftttt
121121fft	0102341444ttttf	1 2 1 1 2 3 2 4 5 1 3 1 fftttt
121121fft	0102342144ttttf	1 2 1 1 2 3 2 5 5 3 4 1 fftttt
121121fft	0102342244ttttf	1 2 1 1 2 3 2 5 5 5 4 1 fftttt
121121fft	0102343244ttttf	1 2 1 1 2 3 2 5 4 5 4 1 fftttt
121121fft	0102343333tttft	1 2 1 1 2 3 2 4 1 5 1 1 fftttt
121121fft	0102344144ttttf	1 2 1 1 2 3 2 4 5 1 1 3 fftttt
121121fft	0102344244ttttf	1 2 1 1 2 3 2 4 5 1 1 4 fftttt
121121fft	0102344444ttttf	1 2 1 1 2 3 2 4 5 1 1 1 fftttt
121121fft	0112131444ttttf	1 2 1 1 2 3 3 4 3 5 3 1 fftttt
121121fft	0112132444ttttf	1 2 1 1 2 3 3 4 3 5 4 1 fftttt
121121fft	0112133444ttttf	1 2 1 1 2 3 3 4 3 5 5 1 fftttt
121121fft	0112134344ttttf	1 2 1 1 2 3 3 4 3 5 1 5 fftttt
121121fft	0112134444ttttf	1 2 1 1 2 3 3 4 3 5 1 1 fftttt
121121fft	0112232444ttttf	1 2 1 1 2 3 3 4 4 5 4 1 fftttt
121121fft	0112233444ttttf	1 2 1 1 2 3 3 4 4 5 5 1 fftttt
121121fft	0112234344ttttf	1 2 1 1 2 3 3 4 4 5 1 5 fftttt
121121fft	0112234444ttttf	1 2 1 1 2 3 3 4 4 5 1 1 fftttt
121121fft	0112321444ttttf	1 2 1 1 2 3 3 4 5 4 3 1 fftttt
121121fft	0112322444ttttf	1 2 1 1 2 3 3 4 5 4 4 1 fftttt
121121fft	0112323444ttttf	1 2 1 1 2 3 3 4 5 4 5 1 fftttt
121121fft	0112324244ttttf	1 2 1 1 2 3 3 4 5 4 1 4 fftttt
121121fft	0112324344ttttf	1 2 1 1 2 3 3 4 5 4 1 5 fftttt
121121fft	0112324444ttttf	1 2 1 1 2 3 3 4 5 4 1 1 fftttt
121121fft	0112333444ttttf	1 2 1 1 2 3 3 4 5 5 5 1 fftttt
121121fft	0112334344ttttf	1 2 1 1 2 3 3 4 5 5 1 5 fftttt
121121fft	0112334444ttttf	1 2 1 1 2 3 3 4 5 5 1 1 fftttt
121121fft	0112341444ttttf	1 2 1 1 2 3 3 4 5 1 3 1 fftttt
121121fft	0112342244ttttf	1 2 1 1 2 3 3 5 5 5 4 1 fftttt
121121fft	0112343333tttft	1 2 1 1 2 3 3 4 1 5 1 1 fftttt
121121fft	0112344244ttttf	1 2 1 1 2 3 3 4 5 1 1 4 fftttt
121121fft	0112344444ttttf	1 2 1 1 2 3 3 4 5 1 1 1 fftttt
121121fft	0121032444ttttf	1 2 1 1 2 3 4 3 2 5 4 1 fftttt
121121fft	0121033444ttttf	1 2 1 1 2 3 4 3 2 5 5 1 fftttt
121121fft	0121034144ttttf	1 2 1 1 2 3 4 3 2 5 1 3 fftttt
121121fft	0121034344ttttf	1 2 1 1 2 3 4 3 2 5 1 5 fftttt
121121fft	0121034444ttttf	1 2 1 1 2 3 4 3 2 5 1 1 fftttt
121121fft	0121132444ttttf	1 2 1 1 2 3 4 3 3 5 4 1 fftttt
121121fft	0121133444ttttf	1 2 1 1 2 3 4 3 3 5 5 1 fftttt
121121fft	0121134144ttttf	1 2 1 1 2 3 4 3 3 5 1 3 fftttt
121121fft	0121134344ttttf	1 2 1 1 2 3 4 3 3 5 1 5 fftttt
121121fft	0121134444ttttf	1 2 1 1 2 3 4 3 3 5 1 1 fftttt
121121fft	0121232444ttttf	1 2 1 1 2 3 4 3 4 5 4 1 fftttt
121121fft	0121233444ttttf	1 2 1 1 2 3 4 3 4 5 5 1 fftttt
121121fft	0121234144ttttf	1 2 1 1 2 3 4 3 4 5 1 3 fftttt
121121fft	0121234244ttttf	1 2 1 1 2 3 4 3 4 5 1 4 fftttt
121121fft	0121234344ttttf	1 2 1 1 2 3 4 3 4 5 1 5 fftttt
121121fft	0121234444ttttf	1 2 1 1 2 3 4 3 4 5 1 1 fftttt
121121fft	0121310444ttttf	1 2 1 1 2 3 4 3 5 3 2 1 fftttt
121121fft	0121311444ttttf	1 2 1 1 2 3 4 3 5 3 3 1 fftttt
121121fft	0121312444ttttf	1 2 1 1 2 3 4 3 5 3 4 1 fftttt
121121fft	0121313444ttttf	1 2 1 1 2 3 4 3 5 3 5 1 fftttt
121121fft	0121314144ttttf	1 2 1 1 2 3 4 3 5 3 1 3 fftttt
121121fft	0121314244ttttf	1 2 1 1 2 3 4 3 5 3 1 4 fftttt
121121fft	0121314344ttttf	1 2 1 1 2 3 4 3 5 3 1 5 fftttt
121121fft	0121314444ttttf	1 2 1 1 2 3 4 3 5 3 1 1 fftttt
121121fft	0121323444ttttf	1 2 1 1 2 3 4 3 5 4 5 1 fftttt
121121fft	0121324244ttttf	1 2 1 1 2 3 4 3 5 4 1 4 fftttt
121121fft	0121324344ttttf	1 2 1 1 2 3 4 3 5 4 1 5 fftttt
121121fft	0121324444ttttf	1 2 1 1 2 3 4 3 5 4 1 1 fftttt
121121fft	0121332444ttttf	1 2 1 1 2 3 4 3 5 5 4 1 fftttt
121121fft	0121333444ttttf	1 2 1 1 2 3 4 3 5 5 5 1 fftttt
121121fft	0121334144ttttf	1 2 1 1 2 3 4 3 5 5 1 3 fftttt
121121fft	0121334344ttttf	1 2 1 1 2 3 4 3 5 5 1 5 fftttt
121121fft	0121334444ttttf	1 2 1 1 2 3 4 3 5 5 1 1 fftttt
121121fft	0121340444ttttf	1 2 1 1 2 3 4 3 5 1 2 1 fftttt
121121fft	0121341144ttttf	1 2 1 1 2 4 4 4 5 4 3 1 fftttt
121121fft	0121341444ttttf	1 2 1 1 2 3 4 3 5 1 3 1 fftttt
121121fft	0121343322tttft	1 2 1 1 2 3 5 3 5 5 1 4 fftttt
121121fft	0121343323tttft	1 2 1 1 2 3 4 3 1 5 4 1 fftttt
121121fft	0121343331tttft	1 2 1 1 2 3 4 3 1 5 1 3 fftttt
121121fft	0121343333tttft	1 2 1 1 2 3 4 3 1 5 1 1 fftttt
121121fft	0121344144ttttf	1 2 1 1 2 3 4 3 5 1 1 3 fftttt
121121fft	0121344344ttttf	1 2 1 1 2 3 4 3 5 1 1 5 fftttt
121121fft	0121344444ttttf	1 2 1 1 2 3 4 3 5 1 1 1 fftttt
121121fft	0122232444ttttf	1 2 1 1 2 3 4 4 4 5 4 1 fftttt
121121fft	0122233444ttttf	1 2 1 1 2 3 4 4 4 5 5 1 fftttt
121121fft	0122234344ttttf	1 2 1 1 2 3 4 4 4 5 1 5 fftttt
121121fft	0122234444ttttf	1 2 1 1 2 3 4 4 4 5 1 1 fftttt
121121fft	0122323444ttttf	1 2 1 1 2 3 4 4 5 4 5 1 fftttt
121121fft	0122324244ttttf	1 2 1 1 2 3 4 4 5 4 1 4 fftttt
121121fft	0122324344ttttf	1 2 1 1 2 3 4 4 5 4 1 5 fftttt
121121fft	0122324444ttttf	1 2 1 1 2 3 4 4 5 4 1 1 fftttt
121121fft	0122333444ttttf	1 2 1 1 2 3 4 4 5 5 5 1 fftttt
121121fft	0122334344ttttf	1 2 1 1 2 3 4 4 5 5 1 5 fftttt
121121fft	0122334444ttttf	1 2 1 1 2 3 4 4 5 5 1 1 fftttt
121121fft	0122343333tttft	1 2 1 1 2 3 4 4 1 5 1 1 fftttt
121121fft	0122344444ttttf	1 2 1 1 2 3 4 4 5 1 1 1 fftttt
121121fft	0123031444ttttf	1 2 1 1 2 3 4 5 2 5 3 1 fftttt
121121fft	0123032444ttttf	1 2 1 1 2 3 4 5 2 5 4 1 fftttt
121121fft	0123033444ttttf	1 2 1 1 2 3 4 5 2 5 5 1 fftttt
121121fft	0123034344ttttf	1 2 1 1 2 3 4 5 2 5 1 5 fftttt
121121fft	0123034444ttttf	1 2 1 1 2 3 4 5 2 5 1 1 fftttt
121121fft	0123042444ttttf	1 2 1 1 2 3 4 5 2 1 4 1 fftttt
121121fft	0123043313tttft	1 2 1 1 2 4 2 5 3 1 4 1 fftttt
121121fft	0123043333tttft	1 2 1 1 2 4 2 5 3 1 1 1 fftttt
121121fft	0123043343tttft	1 2 1 1 2 4 2 5 3 1 5 1 fftttt
121121fft	0123043444ttttf	1 2 1 1 2 3 4 5 2 1 5 1 fftttt
121121fft	0123044344ttttf	1 2 1 1 2 3 4 5 2 1 1 5 fftttt
121121fft	0123044444ttttf	1 2 1 1 2 3 4 5 2 1 1 1 fftttt
121121fft	0123112444ttttf	1 2 1 1 2 4 4 4 3 5 3 1 fftttt
121121fft	0123113444ttttf	1 2 1 1 2 4 4 4 3 5 5 1 fftttt
121121fft	0123114344ttttf	1 2 1 1 2 4 4 4 3 5 1 5 fftttt
121121fft	0123114444ttttf	1 2 1 1 2 4 4 4 3 5 1 1 fftttt
121121fft	0123142444ttttf	1 2 1 1 2 3 4 5 3 1 4 1 fftttt
121121fft	0123143333tttft	1 2 1 1 2 4 4 5 3 1 1 1 fftttt
121121fft	0123143343tttft	1 2 1 1 2 4 4 5 3 1 5 1 fftttt
121121fft	0123143444ttttf	1 2 1 1 2 3 4 5 3 1 5 1 fftttt
121121fft	0123144344ttttf	1 2 1 1 2 3 4 5 3 1 1 5 fftttt
121121fft	0123144444ttttf	1 2 1 1 2 3 4 5 3 1 1 1 fftttt
121121fft	0123222422ttftt	1 2 1 1 2 3 1 4 1 5 1 1 fftttt
121121fft	0123242244ttttf	1 2 1 1 2 3 5 4 5 5 5 1 fftttt
121121fft	0123243313tttft	1 2 1 1 2 4 3 5 3 1 4 1 fftttt
121121fft	0123243333tttft	1 2 1 1 2 4 3 5 3 1 1 1 fftttt
121121fft	0123243343tttft	1 2 1 1 2 4 3 5 3 1 5 1 fftttt
121121fft	0123244344ttttf	1 2 1 1 2 3 4 5 4 1 1 5 fftttt
121121fft	0123244444ttttf	1 2 1 1 2 3 4 5 4 1 1 1 fftttt
121121fft	0123312444ttttf	1 2 1 1 2 3 4 5 5 3 4 1 fftttt
121121fft	0123313444ttttf	1 2 1 1 2 3 4 5 5 3 5 1 fftttt
121121fft	0123314344ttttf	1 2 1 1 2 3 4 5 5 3 1 5 fftttt
121121fft	0123314444ttttf	1 2 1 1 2 3 4 5 5 3 1 1 fftttt
121121fft	0123332444ttttf	1 2 1 1 2 3 4 5 5 5 4 1 fftttt
121121fft	0123333444ttttf	1 2 1 1 2 3 4 5 5 5 5 1 fftttt
121121fft	0123334344ttttf	1 2 1 1 2 3 4 5 5 5 1 5 fftttt
121121fft	0123334444ttttf	1 2 1 1 2 3 4 5 5 5 1 1 fftttt
121121fft	0123343333tttft	1 2 1 1 2 3 4 1 1 5 1 1 fftttt
121121fft	0123344344ttttf	1 2 1 1 2 3 4 5 5 1 1 5 fftttt
121121fft	0123344444ttttf	1 2 1 1 2 3 4 5 5 1 1 1 fftttt
121121fft	0123412444ttttf	1 2 1 1 2 3 4 5 1 3 4 1 fftttt
121121fft	0123413303tttft	1 2 1 1 2 4 5 4 3 1 2 1 fftttt
121121fft	0123413311tttft	1 2 1 1 2 5 4 5 5 5 3 1 fftttt
121121fft	0123413313tttft	1 2 1 1 2 4 5 4 3 1 4 1 fftttt
121121fft	0123413331tttft	1 2 1 1 2 4 5 4 3 1 1 4 fftttt
121121fft	0123413333tttft	1 2 1 1 2 4 5 4 3 1 1 1 fftttt
121121fft	0123413343tttft	1 2 1 1 2 4 5 4 3 1 5 1 fftttt
121121fft	0123414344ttttf	1 2 1 1 2 3 4 5 1 3 1 5 fftttt
121121fft	0123414444ttttf	1 2 1 1 2 3 4 5 1 3 1 1 fftttt
121121fft	0123422244ttttf	1 2 1 1 2 3 5 4 5 5 1 5 fftttt
121121fft	0123432444ttttf	1 2 1 1 2 3 4 5 1 5 4 1 fftttt
121121fft	0123433303tttft	1 2 1 1 2 3 4 1 5 1 2 1 fftttt
121121fft	0123433311tttft	1 2 1 1 2 4 4 4 5 1 3 1 fftttt
121121fft	0123433321tttft	1 2 1 1 2 4 5 4 5 1 3 1 fftttt
121121fft	0123433331tttft	1 2 1 1 2 3 4 1 5 1 1 3 fftttt
121121fft	0123433333tttft	1 2 1 1 2 3 4 1 5 1 1 1 fftttt
121121fft	0123434444ttttf	1 2 1 1 2 3 4 5 1 5 1 1 fftttt
121121fft	0123442244ttttf	1 2 1 1 2 3 5 4 5 5 1 1 fftttt
121121fft	0123442444ttttf	1 2 1 1 2 3 4 5 1 1 4 1 fftttt
121121fft	0123443333tttft	1 2 1 1 2 4 5 5 3 1 1 1 fftttt
121121fft	0123443343tttft	1 2 1 1 2 4 5 5 3 1 5 1 fftttt
121121fft	0123444244ttttf	1 2 1 1 2 3 4 5 1 1 1 4 fftttt
121121fft	0123444344ttttf	1 2 1 1 2 3 4 5 1 1 1 5 fftttt
121121fft	1112131444ttttf	1 2 1 1 2 3 3 4 3 5 3 1 fftttt
121121fft	1112132444ttttf	1 2 1 1 2 3 3 4 3 5 4 1 fftttt
121121fft	1112133444ttttf	1 2 1 1 2 3 3 4 3 5 5 1 fftttt
121121fft	1112134344ttttf	1 2 1 1 2 3 3 4 3 5 1 5 fftttt
121121fft	1112134444ttttf	1 2 1 1 2 3 3 4 3 5 1 1 fftttt
121121fft	1112232444ttttf	1 2 1 1 2 3 3 4 4 5 4 1 fftttt
121121fft	1112233444ttttf	1 2 1 1 2 3 3 4 4 5 5 1 fftttt
121121fft	1112234344ttttf	1 2 1 1 2 3 3 4 4 5 1 5 fftttt
121121fft	1112234444ttttf	1 2 1 1 2 3 3 4 4 5 1 1 fftttt
121121fft	1112321444ttttf	1 2 1 1 2 3 3 4 5 4 3 1 fftttt
121121fft	1112322444ttttf	1 2 1 1 2 3 3 4 5 4 4 1 fftttt
121121fft	1112323444ttttf	1 2 1 1 2 3 3 4 5 4 5 1 fftttt
121121fft	1112324244ttttf	1 2 1 1 2 3 3 4 5 4 1 4 fftttt
121121fft	1112324344ttttf	1 2 1 1 2 3 3 4 5 4 1 5 fftttt
121121fft	1112324444ttttf	1 2 1 1 2 3 3 4 5 4 1 1 fftttt
121121fft	1112333444ttttf	1 2 1 1 2 3 3 4 5 5 5 1 fftttt
121121fft	1112334344ttttf	1 2 1 1 2 3 3 4 5 5 1 5 fftttt
121121fft	1112334444ttttf	1 2 1 1 2 3 3 4 5 5 1 1 fftttt
121121fft	1112341444ttttf	1 2 1 1 2 3 3 4 5 1 3 1 fftttt
121121fft	1112342244ttttf	1 2 1 1 2 3 3 5 5 5 4 1 fftttt
121121fft	1112343333tttft	1 2 1 1 2 3 3 4 1 5 1 1 fftttt
121121fft	1112344244ttttf	1 2 1 1 2 3 3 4 5 1 1 4 fftttt
121121fft	1112344444ttttf	1 2 1 1 2 3 3 4 5 1 1 1 fftttt
121121fft	1122232444ttttf	1 2 1 1 2 3 4 4 4 5 4 1 fftttt
121121fft	1122233444ttttf	1 2 1 1 2 3 4 4 4 5 5 1 fftttt
121121fft	1122234344ttttf	1 2 1 1 2 3 4 4 4 5 1 5 fftttt
121121fft	1122234444ttttf	1 2 1 1 2 3 4 4 4 5 1 1 fftttt
121121fft	1122333444ttttf	1 2 1 1 2 3 4 4 5 5 5 1 fftttt
121121fft	1122334444ttttf	1 2 1 1 2 3 4 4 5 5 1 1 fftttt
121121fft	1122343333tttft	1 2 1 1 2 3 4 4 1 5 1 1 fftttt
121121fft	1123222422ttftt	1 2 1 1 2 3 1 4 1 5 1 1 fftttt
121121fft	1123242244ttttf	1 2 1 1 2 3 5 4 5 5 5 1 fftttt
121121fft	1123244344ttttf	1 2 1 1 2 3 4 5 4 1 1 5 fftttt
121121fft	1123244444ttttf	1 2 1 1 2 3 4 5 4 1 1 1 fftttt
121121fft	1123333444ttttf	1 2 1 1 2 3 4 5 5 5 5 1 fftttt
121121fft	1123334444ttttf	1 2 1 1 2 3 4 5 5 5 1 1 fftttt
121121fft	1123344444ttttf	1 2 1 1 2 3 4 5 5 1 1 1 fftttt
121121fft	1123432444ttttf	1 2 1 1 2 3 4 5 1 5 4 1 fftttt
121121fft	1123434444ttttf	1 2 1 1 2 3 4 5 1 5 1 1 fftttt
121121fft	1211131411tfttt	1 2 1 1 2 3 1 4 1 5 1 1 fftttt
121121fft	1213111444ttttf	1 2 1 1 2 3 4 4 4 5 4 1 fftttt
121121fft	1213113444ttttf	1 2 1 1 2 3 4 4 4 5 5 1 fftttt
121121fft	1213114344ttttf	1 2 1 1 2 3 4 4 4 5 1 5 fftttt
121121fft	1213114444ttttf	1 2 1 1 2 3 4 4 4 5 1 1 fftttt
121121fft	1213142444ttttf	1 2 1 1 2 4 3 5 3 1 4 1 fftttt
121121fft	1213143311tttft	1 2 1 1 2 3 5 4 5 5 5 1 fftttt
121121fft	1213143333tttft	1 2 1 1 2 3 4 5 4 1 1 1 fftttt
121121fft	1213143334tttft	1 2 1 1 2 3 4 5 4 1 1 5 fftttt
121121fft	1213143444ttttf	1 2 1 1 2 4 3 5 3 1 5 1 fftttt
121121fft	1213144444ttttf	1 2 1 1 2 4 3 5 3 1 1 1 fftttt
121121fft	1231143311tttft	1 2 1 1 2 3 5 4 5 5 1 5 fftttt
121121fft	1232133444ttttf	1 2 1 1 2 4 5 4 3 5 5 1 fftttt
121121fft	1232134444ttttf	1 2 1 1 2 4 5 4 3 5 1 1 fftttt
121121fft	1232143313tttft	1 2 1 1 2 3 4 5 1 3 4 1 fftttt
121121fft	1232143333tttft	1 2 1 1 2 3 4 5 1 3 1 1 fftttt
121121fft	1232143334tttft	1 2 1 1 2 3 4 5 1 3 1 5 fftttt
121121fft	1233343331tttft	1 2 1 1 2 4 1 1 1 5 1 3 fftttt
