112222ftf	01020333tttf	2 2 1 1 2 3 2 4 2 1 ffttt
112222ftf	01021333tttf	2 2 1 1 2 3 2 4 3 1 ffttt
112222ftf	01022333tttf	2 2 1 1 2 3 2 4 4 1 ffttt
112222ftf	01023233tttf	2 2 1 1 2 3 2 4 1 4 ffttt
112222ftf	01023333tttf	2 2 1 1 2 3 2 4 1 1 ffttt
112222ftf	01121333tttf	2 2 1 1 2 3 3 4 3 1 ffttt
112222ftf	01122333tttf	2 2 1 1 2 3 3 4 4 1 ffttt
112222ftf	01123233tttf	2 2 1 1 2 3 3 4 1 4 ffttt
112222ftf	01123333tttf	2 2 1 1 2 3 3 4 1 1 ffttt
112222ftf	01210333tttf	2 2 1 1 2 3 4 3 2 1 ffttt
112222ftf	01211333tttf	2 2 1 1 2 3 4 3 3 1 ffttt
112222ftf	01212333tttf	2 2 1 1 2 3 4 3 4 1 ffttt
112222ftf	01213133tttf	2 2 1 1 2 3 4 3 1 3 ffttt
112222ftf	01213233tttf	2 2 1 1 2 3 4 3 1 4 ffttt
112222ftf	01213333tttf	2 2 1 1 2 3 4 3 1 1 ffttt
112222ftf	01222333tttf	2 2 1 1 2 3 4 4 4 1 ffttt
112222ftf	01223233tttf	2 2 1 1 2 3 4 4 1 4 ffttt
112222ftf	01223333tttf	2 2 1 1 2 3 4 4 1 1 ffttt
112222ftf	01230333tttf	2 2 1 1 2 3 4 1 2 1 ffttt
112222ftf	01231133tttf	2 2 1 1 2 4 4 4 3 1 ffttt
112222ftf	01232222ttft	2 2 1 1 2 3 1 4 1 1 ffttt
112222ftf	01233133tttf	2 2 1 1 2 3 4 1 1 3 ffttt
112222ftf	01233333tttf	2 2 1 1 2 3 4 1 1 1 ffttt
112222ftf	11121333tttf	2 2 1 1 3 3 3 4 3 1 ffttt
112222ftf	11122333tttf	2 2 1 1 3 3 3 4 4 1 ffttt
112222ftf	11123233tttf	2 2 1 1 3 3 3 4 1 4 ffttt
112222ftf	11123333tttf	2 2 1 1 3 3 3 4 1 1 ffttt
112222ftf	11222333tttf	2 2 1 1 3 3 4 4 4 1 ffttt
112222ftf	11223333tttf	2 2 1 1 3 3 4 4 1 1 ffttt
112222ftf	11232222ttft	2 2 1 1 3 3 1 4 1 1 ffttt
112222ftf	12111311tftt	2 2 1 1 1 3 1 4 1 1 ffttt
112222ftf	12131133tttf	2 2 1 1 4 3 4 4 4 1 ffttt
112222ftf	12133233tttf	2 2 1 1 3 4 3 1 1 4 ffttt
112222ftf	12133333tttf	2 2 1 1 3 4 3 1 1 1 ffttt
112222ftf	12222333tttf	2 2 1 1 3 4 4 4 4 1 ffttt
112222ftf	12223333tttf	2 2 1 1 3 4 4 4 1 1 ffttt
112222ftf	12233333tttf	2 2 1 1 3 4 4 1 1 1 ffttt
112222ftf	12321333tttf	2 2 1 1 3 4 1 4 3 1 ffttt
112222ftf	12323333tttf	2 2 1 1 3 4 1 4 1 1 ffttt
121111fft	01020333tttf	1 2 1 1 2 3 2 4 2 1 ffttt
121111fft	01021333tttf	1 2 1 1 2 3 2 4 3 1 ffttt
121111fft	01022333tttf	1 2 1 1 2 3 2 4 4 1 ffttt
121111fft	01023233tttf	1 2 1 1 2 3 2 4 1 4 ffttt
121111fft	01023333tttf	1 2 1 1 2 3 2 4 1 1 ffttt
121111fft	01121333tttf	1 2 1 1 2 3 3 4 3 1 ffttt
121111fft	01122333tttf	1 2 1 1 2 3 3 4 4 1 ffttt
121111fft	01123233tttf	1 2 1 1 2 3 3 4 1 4 ffttt
121111fft	01123333tttf	1 2 1 1 2 3 3 4 1 1 ffttt
121111fft	01210333tttf	1 2 1 1 2 3 4 3 2 1 ffttt
121111fft	01211333tttf	1 2 1 1 2 3 4 3 3 1 ffttt
121111fft	01212333tttf	1 2 1 1 2 3 4 3 4 1 ffttt
121111fft	01213133tttf	1 2 1 1 2 3 4 3 1 3 ffttt
121111fft	01213233tttf	1 2 1 1 2 3 4 3 1 4 ffttt
121111fft	01213333tttf	1 2 1 1 2 3 4 3 1 1 ffttt
121111fft	01222333tttf	1 2 1 1 2 3 4 4 4 1 ffttt
121111fft	01223233tttf	1 2 1 1 2 3 4 4 1 4 ffttt
121111fft	01223333tttf	1 2 1 1 2 3 4 4 1 1 ffttt
121111fft	01230333tttf	1 2 1 1 2 3 4 1 2 1 ffttt
121111fft	01231133tttf	1 2 1 1 2 4 4 4 3 1 ffttt
121111fft	01232222ttft	1 2 1 1 2 3 1 4 1 1 ffttt
121111fft	01233133tttf	1 2 1 1 2 3 4 1 1 3 ffttt
121111fft	01233333tttf	1 2 1 1 2 3 4 1 1 1 ffttt
121111fft	11121333tttf	1 2 1 1 3 3 3 4 3 1 ffttt
121111fft	11122333tttf	1 2 1 1 3 3 3 4 4 1 ffttt
121111fft	11123233tttf	1 2 1 1 3 3 3 4 1 4 ffttt
121111fft	11123333tttf	1 2 1 1 3 3 3 4 1 1 ffttt
121111fft	11222333tttf	1 2 1 1 3 3 4 4 4 1 ffttt
121111fft	11223333tttf	1 2 1 1 3 3 4 4 1 1 ffttt
121111fft	11232222ttft	1 2 1 1 3 3 1 4 1 1 ffttt
121111fft	12111311tftt	1 2 1 1 1 3 1 4 1 1 ffttt
121111fft	12131133tttf	1 2 1 1 4 3 4 4 4 1 ffttt
121111fft	12133233tttf	1 2 1 1 3 4 3 1 1 4 ffttt
121111fft	12133333tttf	1 2 1 1 3 4 3 1 1 1 ffttt
121111fft	12222333tttf	1 2 1 1 3 4 4 4 4 1 ffttt
121111fft	12223333tttf	1 2 1 1 3 4 4 4 1 1 ffttt
121111fft	12233333tttf	1 2 1 1 3 4 4 1 1 1 ffttt
121111fft	12321333tttf	1 2 1 1 3 4 1 4 3 1 ffttt
121111fft	12323333tttf	1 2 1 1 3 4 1 4 1 1 ffttt
121121fft	01020333tttf	1 2 1 1 2 3 2 4 2 1 ffttt
121121fft	01021333tttf	1 2 1 1 2 3 2 4 3 1 ffttt
121121fft	01022333tttf	1 2 1 1 2 3 2 4 4 1 ffttt
121121fft	01023233tttf	1 2 1 1 2 3 2 4 1 4 ffttt
121121fft	01023333tttf	1 2 1 1 2 3 2 4 1 1 ffttt
121121fft	01121333tttf	1 2 1 1 2 3 3 4 3 1 ffttt
121121fft	01122333tttf	1 2 1 1 2 3 3 4 4 1 ffttt
121121fft	01123233tttf	1 2 1 1 2 3 3 4 1 4 ffttt
121121fft	01123333tttf	1 2 1 1 2 3 3 4 1 1 ffttt
121121fft	01210333tttf	1 2 1 1 2 3 4 3 2 1 ffttt
121121fft	01211333tttf	1 2 1 1 2 3 4 3 3 1 ffttt
121121fft	01212333tttf	1 2 1 1 2 3 4 3 4 1 ffttt
121121fft	01213133tttf	1 2 1 1 2 3 4 3 1 3 ffttt
121121fft	01213233tttf	1 2 1 1 2 3 4 3 1 4 ffttt
121121fft	01213333tttf	1 2 1 1 2 3 4 3 1 1 ffttt
121121fft	01222333tttf	1 2 1 1 2 3 4 4 4 1 ffttt
121121fft	01223233tttf	1 2 1 1 2 3 4 4 1 4 ffttt
121121fft	01223333tttf	1 2 1 1 2 3 4 4 1 1 ffttt
121121fft	01230333tttf	1 2 1 1 2 3 4 1 2 1 ffttt
121121fft	01231133tttf	1 2 1 1 2 4 4 4 3 1 ffttt
121121fft	01232222ttft	1 2 1 1 2 3 1 4 1 1 ffttt
121121fft	01233133tttf	1 2 1 1 2 3 4 1 1 3 ffttt
121121fft	01233333tttf	1 2 1 1 2 3 4 1 1 1 ffttt
121121fft	11121333tttf	1 2 1 1 2 3 3 4 3 1 ffttt
121121fft	11122333tttf	1 2 1 1 2 3 3 4 4 1 ffttt
121121fft	11123233tttf	1 2 1 1 2 3 3 4 1 4 ffttt
121121fft	11123333tttf	1 2 1 1 2 3 3 4 1 1 ffttt
121121fft	11222333tttf	1 2 1 1 2 3 4 4 4 1 ffttt
121121fft	11223333tttf	1 2 1 1 2 3 4 4 1 1 ffttt
121121fft	11232222ttft	1 2 1 1 2 3 1 4 1 1 ffttt
121121fft	12111311tftt	1 2 1 1 2 3 1 4 1 1 ffttt
121121fft	12131133tttf	1 2 1 1 2 3 4 4 4 1 ffttt
121121fft	12321333tttf	1 2 1 1 2 4 1 4 3 1 ffttt
