12113123fftf	0102030444ttttf	1 4 1 1 4 2 3 6 5 6 4 7 3 8 4 9 3 10 4 11 3 1 4 2 fffttttttttt
12113123fftf	0102031444ttttf	1 4 1 1 4 2 3 6 5 6 4 7 3 8 4 9 3 10 4 11 6 1 4 2 fffttttttttt
12113123fftf	0102032444ttttf	1 4 1 1 4 2 3 6 5 6 4 7 3 8 4 9 3 10 4 11 8 1 4 2 fffttttttttt
12113123fftf	0102033444ttttf	1 4 1 1 4 2 3 6 5 6 4 7 3 8 4 9 3 10 4 11 10 1 4 2 fffttttttttt
12113123fftf	0102034444ttttf	1 4 1 1 4 2 3 6 5 6 4 7 3 8 4 9 3 10 4 11 1 1 4 2 fffttttttttt
12113123fftf	0102131444ttttf	1 4 1 1 4 2 3 6 5 6 4 7 3 8 4 9 6 10 4 11 6 1 4 2 fffttttttttt
12113123fftf	0102132444ttttf	1 4 1 1 4 2 3 6 5 6 4 7 3 8 4 9 6 10 4 11 8 1 4 2 fffttttttttt
12113123fftf	0102133444ttttf	1 4 1 1 4 2 3 6 5 6 4 7 3 8 4 9 6 10 4 11 10 1 4 2 fffttttttttt
12113123fftf	0102134444ttttf	1 4 1 1 4 2 3 6 5 6 4 7 3 8 4 9 6 10 4 11 1 1 4 2 fffttttttttt
12113123fftf	0102232444ttttf	1 4 1 1 4 2 3 6 5 6 4 7 3 8 4 9 8 10 4 11 8 1 4 2 fffttttttttt
12113123fftf	0102233444ttttf	1 4 1 1 4 2 3 6 5 6 4 7 3 8 4 9 8 10 4 11 10 1 4 2 fffttttttttt
12113123fftf	0102234444ttttf	1 4 1 1 4 2 3 6 5 6 4 7 3 8 4 9 8 10 4 11 1 1 4 2 fffttttttttt
12113123fftf	0102333444ttttf	1 4 1 1 4 2 3 6 5 6 4 7 3 8 4 9 10 10 4 11 10 1 4 2 fffttttttttt
12113123fftf	0102334444ttttf	1 4 1 1 4 2 3 6 5 6 4 7 3 8 4 9 10 10 4 11 1 1 4 2 fffttttttttt
12113123fftf	0102343333tttft	1 4 1 1 4 2 3 7 5 7 4 6 4 8 3 9 4 11 1 10 1 1 4 2 fffttttttttt
