1211132431fffft	0112233444ttttf	1 2 1 1 1 3 2 6 16 6 5 12 8 12 5 9 7 6 10 6 12 11 13 6 12 14 14 4 14 15 15 1 15 3 ffffttttttttttttt
1211134124ffftf	0112233444ttttf	1 3 1 1 3 2 1 5 4 9 6 9 7 10 4 5 9 5 9 12 8 13 12 5 12 15 11 16 15 5 15 1 14 2 ffffttttttttttttt
1211312443fftff	0102030444ttttf	2 5 5 3 2 2 3 1 4 8 7 8 6 9 5 10 4 11 5 12 6 13 4 14 6 15 5 16 4 2 5 3 6 1 ffffttttttttttttt
1211312443fftff	0102031444ttttf	2 5 5 3 2 2 3 1 4 8 7 8 6 9 5 10 4 11 5 12 6 13 4 14 6 15 5 16 8 2 5 3 10 1 ffffttttttttttttt
1211312443fftff	0102032444ttttf	2 5 5 3 2 2 3 1 4 8 7 8 6 9 5 10 4 11 5 12 6 13 4 14 6 15 5 16 11 2 5 3 12 1 ffffttttttttttttt
1211312443fftff	0102033444ttttf	2 5 5 3 2 2 3 1 4 8 6 8 5 10 7 9 4 11 5 13 7 12 4 14 5 16 7 15 14 2 5 3 16 1 ffffttttttttttttt
1211312443fftff	0102034444ttttf	2 5 5 3 2 2 3 1 4 8 6 8 5 9 7 10 4 11 7 12 5 13 4 14 5 15 7 16 2 2 3 1 5 3 ffffttttttttttttt
1211312443fftff	0102131444ttttf	2 5 5 3 2 2 3 1 4 8 7 8 6 9 5 10 4 11 5 12 6 13 8 14 10 15 5 16 8 2 5 3 10 1 ffffttttttttttttt
1211312443fftff	0102132444ttttf	2 5 5 3 2 2 3 1 4 8 7 8 6 9 5 10 4 11 5 12 6 13 8 14 10 15 5 16 11 2 5 3 12 1 ffffttttttttttttt
1211312443fftff	0102133444ttttf	2 5 5 3 2 2 3 1 4 8 6 8 5 10 7 9 4 11 5 13 7 12 8 14 5 16 10 15 14 2 5 3 16 1 ffffttttttttttttt
1211312443fftff	0102134444ttttf	2 5 5 3 2 2 3 1 4 8 6 8 5 9 7 10 4 11 7 12 5 13 8 14 5 15 9 16 2 2 3 1 5 3 ffffttttttttttttt
1211312443fftff	0102232444ttttf	2 5 5 3 2 2 3 1 4 8 7 8 6 9 5 10 4 11 5 12 6 13 11 14 12 15 5 16 11 2 5 3 12 1 ffffttttttttttttt
1211312443fftff	0102233444ttttf	2 5 5 3 2 2 3 1 4 8 6 8 5 10 7 9 4 11 5 13 7 12 11 14 5 16 13 15 14 2 5 3 16 1 ffffttttttttttttt
1211312443fftff	0102234444ttttf	2 5 5 3 2 2 3 1 4 8 6 8 5 9 7 10 4 11 7 12 5 13 11 14 5 15 13 16 2 2 3 1 5 3 ffffttttttttttttt
1211312443fftff	0102333444ttttf	2 5 5 3 2 2 3 1 4 8 7 8 6 9 5 10 4 11 5 12 6 13 14 14 16 15 5 16 14 2 5 3 16 1 ffffttttttttttttt
1211312443fftff	0102334444ttttf	2 5 5 3 2 2 3 1 4 8 6 8 5 10 7 9 4 11 5 13 7 12 14 14 5 15 15 16 2 2 3 1 5 3 ffffttttttttttttt
1211312443fftff	0102343333tttft	1 5 1 1 2 3 5 2 4 9 7 9 6 10 5 8 6 11 4 12 5 13 5 14 1 15 2 16 2 3 1 1 5 2 ffffttttttttttttt
1211314324fftff	0102030444ttttf	2 5 3 1 2 2 5 3 4 8 6 8 7 9 5 10 4 11 7 12 5 13 4 14 7 15 5 16 4 2 7 1 5 3 ffffttttttttttttt
1211314324fftff	0102031444ttttf	2 5 3 1 2 2 5 3 4 8 6 8 7 9 5 10 4 11 7 12 5 13 4 14 7 15 5 16 8 2 10 1 5 3 ffffttttttttttttt
1211314324fftff	0102032444ttttf	2 5 3 1 2 2 5 3 4 8 6 8 7 9 5 10 4 11 7 12 5 13 4 14 7 15 5 16 11 2 13 1 5 3 ffffttttttttttttt
1211314324fftff	0102033444ttttf	2 5 3 1 2 2 5 3 4 8 6 8 7 9 5 10 4 11 7 12 5 13 4 14 7 15 5 16 14 2 16 1 5 3 ffffttttttttttttt
1211314324fftff	0102034444ttttf	2 5 3 1 2 2 5 3 4 8 6 8 7 9 5 10 4 11 7 12 5 13 4 14 7 15 5 16 2 2 3 1 5 3 ffffttttttttttttt
1211314324fftff	0102131444ttttf	2 5 3 1 2 2 5 3 4 8 6 8 7 9 5 10 4 11 7 12 5 13 8 14 10 15 5 16 8 2 10 1 5 3 ffffttttttttttttt
1211314324fftff	0102132444ttttf	2 5 3 1 2 2 5 3 4 8 6 8 7 9 5 10 4 11 7 12 5 13 8 14 10 15 5 16 11 2 13 1 5 3 ffffttttttttttttt
1211314324fftff	0102133444ttttf	2 5 3 1 2 2 5 3 4 8 6 8 7 9 5 10 4 11 7 12 5 13 8 14 10 15 5 16 14 2 16 1 5 3 ffffttttttttttttt
1211314324fftff	0102134444ttttf	2 5 3 1 2 2 5 3 4 8 6 8 7 9 5 10 4 11 7 12 5 13 8 14 10 15 5 16 2 2 3 1 5 3 ffffttttttttttttt
1211314324fftff	0102232444ttttf	2 5 3 1 2 2 5 3 4 8 6 8 7 9 5 10 4 11 7 12 5 13 11 14 13 15 5 16 11 2 13 1 5 3 ffffttttttttttttt
1211314324fftff	0102233444ttttf	2 5 3 1 2 2 5 3 4 8 6 8 7 9 5 10 4 11 7 12 5 13 11 14 13 15 5 16 14 2 16 1 5 3 ffffttttttttttttt
1211314324fftff	0102234444ttttf	2 5 3 1 2 2 5 3 4 8 6 8 7 9 5 10 4 11 7 12 5 13 11 14 13 15 5 16 2 2 3 1 5 3 ffffttttttttttttt
1211314324fftff	0102333444ttttf	2 5 3 1 2 2 5 3 4 8 6 8 7 9 5 10 4 11 7 12 5 13 14 14 16 15 5 16 14 2 16 1 5 3 ffffttttttttttttt
1211314324fftff	0102334444ttttf	2 5 3 1 2 2 5 3 4 8 6 8 7 9 5 10 4 11 7 12 5 13 14 14 16 15 5 16 2 2 3 1 5 3 ffffttttttttttttt
1211314324fftff	0102343333tttft	1 5 1 1 3 2 5 3 4 9 6 9 7 10 5 8 5 11 4 12 7 13 5 16 1 15 3 14 3 2 1 1 5 3 ffffttttttttttttt
1211314423fftff	0102030444ttttf	2 5 3 3 2 2 5 1 4 8 6 8 7 9 5 10 4 11 5 12 7 13 4 14 7 15 5 16 4 2 5 1 7 3 ffffttttttttttttt
1211314423fftff	0102031444ttttf	2 5 3 3 2 2 5 1 4 8 6 8 7 9 5 10 4 11 5 12 7 13 4 14 7 15 5 16 8 2 5 1 9 3 ffffttttttttttttt
1211314423fftff	0102032444ttttf	2 5 3 3 2 2 5 1 4 8 6 8 7 9 5 10 4 11 5 12 7 13 4 14 7 15 5 16 11 2 5 1 13 3 ffffttttttttttttt
1211314423fftff	0102033444ttttf	2 5 3 3 2 2 5 1 4 8 6 8 7 10 5 9 4 11 7 13 5 12 4 14 7 16 5 15 14 2 16 3 5 1 ffffttttttttttttt
1211314423fftff	0102034444ttttf	2 5 3 3 2 2 5 1 4 8 7 8 5 9 6 10 4 11 6 12 5 13 4 14 5 15 6 16 2 2 3 3 5 1 ffffttttttttttttt
1211314423fftff	0102131444ttttf	2 5 3 3 2 2 5 1 4 8 6 8 7 9 5 10 4 11 5 12 7 13 8 14 9 15 5 16 8 2 5 1 9 3 ffffttttttttttttt
1211314423fftff	0102132444ttttf	2 5 3 3 2 2 5 1 4 8 6 8 7 9 5 10 4 11 5 12 7 13 8 14 9 15 5 16 11 2 5 1 13 3 ffffttttttttttttt
1211314423fftff	0102133444ttttf	2 5 3 3 2 2 5 1 4 8 6 8 7 10 5 9 4 11 7 13 5 12 8 14 10 16 5 15 14 2 16 3 5 1 ffffttttttttttttt
1211314423fftff	0102134444ttttf	2 5 3 3 2 2 5 1 4 8 7 8 5 9 6 10 4 11 6 12 5 13 8 14 5 15 10 16 2 2 3 3 5 1 ffffttttttttttttt
1211314423fftff	0102232444ttttf	2 5 3 3 2 2 5 1 4 8 6 8 7 9 5 10 4 11 5 12 7 13 11 14 13 15 5 16 11 2 5 1 13 3 ffffttttttttttttt
1211314423fftff	0102233444ttttf	2 5 3 3 2 2 5 1 4 8 6 8 7 10 5 9 4 11 7 13 5 12 11 14 13 16 5 15 14 2 16 3 5 1 ffffttttttttttttt
1211314423fftff	0102234444ttttf	2 5 3 3 2 2 5 1 4 8 7 8 5 9 6 10 4 11 6 12 5 13 11 14 5 15 12 16 2 2 3 3 5 1 ffffttttttttttttt
1211314423fftff	0102333444ttttf	2 5 3 3 2 2 5 1 4 8 6 8 7 9 5 10 4 11 5 12 7 13 14 14 16 16 5 15 14 2 16 3 5 1 ffffttttttttttttt
1211314423fftff	0102334444ttttf	2 5 3 3 2 2 5 1 4 8 6 8 7 10 5 9 4 11 7 13 5 12 14 14 16 16 5 15 2 2 3 3 5 1 ffffttttttttttttt
1211314423fftff	0102343333tttft	1 5 1 1 3 3 5 2 4 9 6 9 7 10 5 8 7 11 4 12 5 13 5 14 1 15 3 16 3 3 1 1 5 2 ffffttttttttttttt
1211344123fftff	0102233444ttttf	2 7 3 2 2 2 7 1 4 8 6 8 7 9 5 10 4 11 6 11 7 12 11 14 13 14 7 15 14 2 16 2 7 1 ffffttttttttttttt
1211344321fftff	0102233444ttttf	2 6 3 1 2 2 6 2 4 8 6 8 7 9 5 10 4 11 6 11 5 12 11 14 13 15 6 14 14 2 16 1 6 2 ffffttttttttttttt
