1211132431fffft	01122333tttf	1 2 1 1 1 3 2 5 4 10 7 10 4 8 6 5 9 5 10 11 10 12 13 5 12 1 12 3 fffftttttttttt
1211134124ffftf	01122333tttf	1 3 1 1 3 2 1 5 4 9 6 9 7 10 4 5 9 5 9 12 8 13 12 5 12 1 11 2 fffftttttttttt
1211312443fftff	01020333tttf	1 5 1 1 2 3 5 2 4 8 6 8 5 9 7 10 4 11 7 12 5 13 4 1 5 2 7 3 fffftttttttttt
1211312443fftff	01021333tttf	1 5 1 1 2 3 5 2 4 8 6 8 5 9 7 10 4 11 7 12 5 13 8 1 5 2 9 3 fffftttttttttt
1211312443fftff	01022333tttf	1 5 1 1 2 3 5 2 4 8 6 8 5 10 7 9 4 11 5 13 7 12 11 1 5 2 13 3 fffftttttttttt
1211312443fftff	01023333tttf	1 5 1 1 2 3 5 2 4 8 7 8 6 9 5 10 4 11 5 12 6 13 1 1 2 3 5 2 fffftttttttttt
1211314324fftff	01020333tttf	1 5 1 1 3 2 5 3 4 8 6 8 7 9 5 10 4 11 7 12 5 13 4 1 7 2 5 3 fffftttttttttt
1211314324fftff	01021333tttf	1 5 1 1 3 2 5 3 4 8 6 8 7 9 5 10 4 11 7 12 5 13 8 1 10 2 5 3 fffftttttttttt
1211314324fftff	01022333tttf	1 5 1 1 3 2 5 3 4 8 6 8 7 9 5 10 4 11 7 12 5 13 11 1 13 2 5 3 fffftttttttttt
1211314324fftff	01023333tttf	1 5 1 1 3 2 5 3 4 8 6 8 7 9 5 10 4 11 7 12 5 13 1 1 3 2 5 3 fffftttttttttt
1211314423fftff	01020333tttf	1 5 1 1 3 3 5 2 4 8 7 8 5 9 6 10 4 11 6 12 5 13 4 1 5 2 6 3 fffftttttttttt
1211314423fftff	01021333tttf	1 5 1 1 3 3 5 2 4 8 7 8 5 9 6 10 4 11 6 12 5 13 8 1 5 2 10 3 fffftttttttttt
1211314423fftff	01022333tttf	1 5 1 1 3 3 5 2 4 8 6 8 7 10 5 9 4 11 7 13 5 12 11 1 13 3 5 2 fffftttttttttt
1211314423fftff	01023333tttf	1 5 1 1 3 3 5 2 4 8 6 8 7 9 5 10 4 11 5 12 7 13 1 1 3 3 5 2 fffftttttttttt
1211344123fftff	01022333tttf	1 7 1 1 3 1 7 2 4 8 6 8 7 9 5 10 4 11 6 11 7 12 11 1 13 1 7 2 fffftttttttttt
1211344321fftff	01022333tttf	1 6 1 1 3 2 6 1 4 8 6 8 7 9 5 10 4 11 6 11 5 12 11 1 13 2 6 1 fffftttttttttt
