1211132431fffft	0111tf	1 2 1 1 1 3 2 6 4 1 4 3 7 1 5 6 fffftttt
1211134124ffftf	0111tf	1 3 1 1 3 2 1 5 4 1 6 1 7 2 4 5 fffftttt
1211134421ffftf	0111tf	1 3 1 1 3 1 1 5 4 1 6 2 7 1 4 5 fffftttt
1211311421fffft	0111tf	1 2 1 1 3 1 1 5 4 1 6 1 7 1 4 5 fffftttt
1211311423fffft	0111tf	1 2 1 1 3 1 1 6 4 1 7 1 5 3 4 6 fffftttt
1211311424fffft	0111tf	1 2 1 1 3 1 1 7 4 1 6 1 4 7 5 7 fffftttt
1211331421fffft	0111tf	1 2 1 1 3 3 1 5 4 1 6 1 7 3 4 5 fffftttt
1223344144ftfff	0111tf	4 1 3 2 2 2 2 4 5 3 7 2 6 2 6 4 fffftttt
1223433331ftfff	0111tf	4 1 3 2 2 2 2 4 6 2 5 2 7 2 5 4 fffftttt
1223443331ftfff	0111tf	4 1 3 3 2 2 2 4 6 2 5 2 7 3 5 4 fffftttt
