0101ft	0102030404ttttf	1 0 1 2 1 3 1 4 1 0 ftttt
0101ft	0102030414ttttf	1 0 1 2 1 3 1 4 1 0 ftttt
0101ft	0102030424ttttf	1 0 1 2 1 3 1 4 1 0 ftttt
0101ft	0102030434ttttf	1 0 1 2 1 3 1 4 1 0 ftttt
0101ft	0102030444ttttf	1 0 1 2 1 3 1 4 1 0 ftttt
0101ft	0102031414ttttf	1 0 1 2 1 3 1 4 1 0 ftttt
0101ft	0102031424ttttf	1 0 1 2 1 3 1 4 1 0 ftttt
0101ft	0102031434ttttf	1 0 1 2 1 3 1 4 1 0 ftttt
0101ft	0102031444ttttf	1 0 1 2 1 3 1 4 1 0 ftttt
0101ft	0102032424ttttf	1 0 1 2 1 3 1 4 1 0 ftttt
0101ft	0102032434ttttf	1 0 1 2 1 3 1 4 1 0 ftttt
0101ft	0102032444ttttf	1 0 1 2 1 3 1 4 1 0 ftttt
0101ft	0102033434ttttf	1 0 1 2 1 3 1 4 1 0 ftttt
0101ft	0102033444ttttf	1 0 1 2 1 3 1 4 1 0 ftttt
0101ft	0102034444ttttf	1 0 1 2 1 3 1 4 1 0 ftttt
0101ft	0102131414ttttf	1 0 1 2 1 3 1 4 1 0 ftttt
0101ft	0102131424ttttf	1 0 1 2 1 3 1 4 1 0 ftttt
0101ft	0102131434ttttf	1 0 1 2 1 3 1 4 1 0 ftttt
0101ft	0102131444ttttf	1 0 1 2 1 3 1 4 1 0 ftttt
0101ft	0102132424ttttf	1 0 1 2 1 3 1 4 1 0 ftttt
0101ft	0102132434ttttf	1 0 1 2 1 3 1 4 1 0 ftttt
0101ft	0102132444ttttf	1 0 1 2 1 3 1 4 1 0 ftttt
0101ft	0102133434ttttf	1 0 1 2 1 3 1 4 1 0 ftttt
0101ft	0102133444ttttf	1 0 1 2 1 3 1 4 1 0 ftttt
0101ft	0102134444ttttf	1 0 1 2 1 3 1 4 1 0 ftttt
0101ft	0102232424ttttf	1 0 1 2 1 3 1 4 1 0 ftttt
0101ft	0102232434ttttf	1 0 1 2 1 3 1 4 1 0 ftttt
0101ft	0102232444ttttf	1 0 1 2 1 3 1 4 1 0 ftttt
0101ft	0102233434ttttf	1 0 1 2 1 3 1 4 1 0 ftttt
0101ft	0102233444ttttf	1 0 1 2 1 3 1 4 1 0 ftttt
0101ft	0102234444ttttf	1 0 1 2 1 3 1 4 1 0 ftttt
0101ft	0102333434ttttf	1 0 1 2 1 3 1 4 1 0 ftttt
0101ft	0102333444ttttf	1 0 1 2 1 3 1 4 1 0 ftttt
0101ft	0102334444ttttf	1 0 1 2 1 3 1 4 1 0 ftttt
0101ft	0102343333tttft	1 0 1 2 1 3 1 4 1 0 ftttt
0101ft	0112131414ttttf	1 0 1 2 1 3 1 4 1 0 ftttt
0101ft	0112131424ttttf	1 0 1 2 1 3 1 4 1 0 ftttt
0101ft	0112131434ttttf	1 0 1 2 1 3 1 4 1 0 ftttt
0101ft	0112131444ttttf	1 0 1 2 1 3 1 4 1 0 ftttt
0101ft	0112132424ttttf	1 0 1 2 1 3 1 4 1 0 ftttt
0101ft	0112132434ttttf	1 0 1 2 1 3 1 4 1 0 ftttt
0101ft	0112132444ttttf	1 0 1 2 1 3 1 4 1 0 ftttt
0101ft	0112133434ttttf	1 0 1 2 1 3 1 4 1 0 ftttt
0101ft	0112133444ttttf	1 0 1 2 1 3 1 4 1 0 ftttt
0101ft	0112134444ttttf	1 0 1 2 1 3 1 4 1 0 ftttt
0101ft	0112232424ttttf	1 0 1 2 1 3 1 4 1 0 ftttt
0101ft	0112232434ttttf	1 0 1 2 1 3 1 4 1 0 ftttt
0101ft	0112232444ttttf	1 0 1 2 1 3 1 4 1 0 ftttt
0101ft	0112233434ttttf	1 0 1 2 1 3 1 4 1 0 ftttt
0101ft	0112233444ttttf	1 0 1 2 1 3 1 4 1 0 ftttt
0101ft	0112234444ttttf	1 0 1 2 1 3 1 4 1 0 ftttt
0101ft	0112333434ttttf	1 0 1 2 1 3 1 4 1 0 ftttt
0101ft	0112333444ttttf	1 0 1 2 1 3 1 4 1 0 ftttt
0101ft	0112334444ttttf	1 0 1 2 1 3 1 4 1 0 ftttt
0101ft	0112343333tttft	1 0 1 2 1 3 1 4 1 0 ftttt
0101ft	0122232424ttttf	1 0 1 2 1 3 1 4 1 0 ftttt
0101ft	0122232434ttttf	1 0 1 2 1 3 1 4 1 0 ftttt
0101ft	0122232444ttttf	1 0 1 2 1 3 1 4 1 0 ftttt
0101ft	0122233434ttttf	1 0 1 2 1 3 1 4 1 0 ftttt
0101ft	0122233444ttttf	1 0 1 2 1 3 1 4 1 0 ftttt
0101ft	0122234444ttttf	1 0 1 2 1 3 1 4 1 0 ftttt
0101ft	0122333434ttttf	1 0 1 2 1 3 1 4 1 0 ftttt
0101ft	0122333444ttttf	1 0 1 2 1 3 1 4 1 0 ftttt
0101ft	0122334444ttttf	1 0 1 2 1 3 1 4 1 0 ftttt
0101ft	0122343333tttft	1 0 1 2 1 3 1 4 1 0 ftttt
0101ft	0123222422ttftt	1 0 1 2 1 3 1 4 1 0 ftttt
0101ft	0123242224ttttf	1 0 1 2 1 3 1 4 1 0 ftttt
0101ft	0123242244ttttf	1 0 1 2 1 3 1 4 1 0 ftttt
0101ft	0123442244ttttf	1 0 1 2 1 3 1 4 1 0 ftttt
0101ft	0123444244ttttf	1 0 1 2 1 3 1 4 1 0 ftttt
0101ft	1112131414ttttf	1 0 1 2 1 3 1 4 1 0 ftttt
0101ft	1112131424ttttf	1 0 1 2 1 3 1 4 1 0 ftttt
0101ft	1112131434ttttf	1 0 1 2 1 3 1 4 1 0 ftttt
0101ft	1112131444ttttf	1 0 1 2 1 3 1 4 1 0 ftttt
0101ft	1112132424ttttf	1 0 1 2 1 3 1 4 1 0 ftttt
0101ft	1112132434ttttf	1 0 1 2 1 3 1 4 1 0 ftttt
0101ft	1112132444ttttf	1 0 1 2 1 3 1 4 1 0 ftttt
0101ft	1112133434ttttf	1 0 1 2 1 3 1 4 1 0 ftttt
0101ft	1112133444ttttf	1 0 1 2 1 3 1 4 1 0 ftttt
0101ft	1112134444ttttf	1 0 1 2 1 3 1 4 1 0 ftttt
0101ft	1112232424ttttf	1 0 1 2 1 3 1 4 1 0 ftttt
0101ft	1112232434ttttf	1 0 1 2 1 3 1 4 1 0 ftttt
0101ft	1112232444ttttf	1 0 1 2 1 3 1 4 1 0 ftttt
0101ft	1112233434ttttf	1 0 1 2 1 3 1 4 1 0 ftttt
0101ft	1112233444ttttf	1 0 1 2 1 3 1 4 1 0 ftttt
0101ft	1112234444ttttf	1 0 1 2 1 3 1 4 1 0 ftttt
0101ft	1112333434ttttf	1 0 1 2 1 3 1 4 1 0 ftttt
0101ft	1112333444ttttf	1 0 1 2 1 3 1 4 1 0 ftttt
0101ft	1112334444ttttf	1 0 1 2 1 3 1 4 1 0 ftttt
0101ft	1112343333tttft	1 0 1 2 1 3 1 4 1 0 ftttt
0101ft	1122232424ttttf	1 0 1 2 1 3 1 4 1 0 ftttt
0101ft	1122232434ttttf	1 0 1 2 1 3 1 4 1 0 ftttt
0101ft	1122232444ttttf	1 0 1 2 1 3 1 4 1 0 ftttt
0101ft	1122233434ttttf	1 0 1 2 1 3 1 4 1 0 ftttt
0101ft	1122233444ttttf	1 0 1 2 1 3 1 4 1 0 ftttt
0101ft	1122234444ttttf	1 0 1 2 1 3 1 4 1 0 ftttt
0101ft	1122333434ttttf	1 0 1 2 1 3 1 4 1 0 ftttt
0101ft	1122333444ttttf	1 0 1 2 1 3 1 4 1 0 ftttt
0101ft	1122334444ttttf	1 0 1 2 1 3 1 4 1 0 ftttt
0101ft	1122343333tttft	1 0 1 2 1 3 1 4 1 0 ftttt
0101ft	1123222422ttftt	1 0 1 2 1 3 1 4 1 0 ftttt
0101ft	1123242224ttttf	1 0 1 2 1 3 1 4 1 0 ftttt
0101ft	1123242244ttttf	1 0 1 2 1 3 1 4 1 0 ftttt
0101ft	1211131411tfttt	1 0 1 2 1 3 1 4 1 0 ftttt
0101ft	1213111414ttttf	1 0 1 2 1 3 1 4 1 0 ftttt
0101ft	1213111434ttttf	1 0 1 2 1 3 1 4 1 0 ftttt
0101ft	1213111444ttttf	1 0 1 2 1 3 1 4 1 0 ftttt
0101ft	1213113434ttttf	1 0 1 2 1 3 1 4 1 0 ftttt
0101ft	1213113444ttttf	1 0 1 2 1 3 1 4 1 0 ftttt
0101ft	1213114444ttttf	1 0 1 2 1 3 1 4 1 0 ftttt
0101ft	1213141311tttft	1 0 1 2 1 3 1 4 1 0 ftttt
0101ft	1213143311tttft	1 0 1 2 1 3 1 4 1 0 ftttt
0101ft	1233343331tttft	1 0 1 2 1 3 1 4 1 0 ftttt
