0101ft	01020303tttf	1 0 1 2 1 3 1 0 fttt
0101ft	01020313tttf	1 0 1 2 1 3 1 0 fttt
0101ft	01020323tttf	1 0 1 2 1 3 1 0 fttt
0101ft	01020333tttf	1 0 1 2 1 3 1 0 fttt
0101ft	01021313tttf	1 0 1 2 1 3 1 0 fttt
0101ft	01021323tttf	1 0 1 2 1 3 1 0 fttt
0101ft	01021333tttf	1 0 1 2 1 3 1 0 fttt
0101ft	01022323tttf	1 0 1 2 1 3 1 0 fttt
0101ft	01022333tttf	1 0 1 2 1 3 1 0 fttt
0101ft	01023333tttf	1 0 1 2 1 3 1 0 fttt
0101ft	01121313tttf	1 0 1 2 1 3 1 0 fttt
0101ft	01121323tttf	1 0 1 2 1 3 1 0 fttt
0101ft	01121333tttf	1 0 1 2 1 3 1 0 fttt
0101ft	01122323tttf	1 0 1 2 1 3 1 0 fttt
0101ft	01122333tttf	1 0 1 2 1 3 1 0 fttt
0101ft	01123333tttf	1 0 1 2 1 3 1 0 fttt
0101ft	01222323tttf	1 0 1 2 1 3 1 0 fttt
0101ft	01222333tttf	1 0 1 2 1 3 1 0 fttt
0101ft	01223333tttf	1 0 1 2 1 3 1 0 fttt
0101ft	01232222ttft	1 0 1 2 1 3 1 0 fttt
0101ft	11121313tttf	1 0 1 2 1 3 1 0 fttt
0101ft	11121323tttf	1 0 1 2 1 3 1 0 fttt
0101ft	11121333tttf	1 0 1 2 1 3 1 0 fttt
0101ft	11122323tttf	1 0 1 2 1 3 1 0 fttt
0101ft	11122333tttf	1 0 1 2 1 3 1 0 fttt
0101ft	11123333tttf	1 0 1 2 1 3 1 0 fttt
0101ft	11222323tttf	1 0 1 2 1 3 1 0 fttt
0101ft	11222333tttf	1 0 1 2 1 3 1 0 fttt
0101ft	11223333tttf	1 0 1 2 1 3 1 0 fttt
0101ft	11232222ttft	1 0 1 2 1 3 1 0 fttt
0101ft	12111311tftt	1 0 1 2 1 3 1 0 fttt
0101ft	12131113tttf	1 0 1 2 1 3 1 0 fttt
0101ft	12131133tttf	1 0 1 2 1 3 1 0 fttt
