01021323ffft	0102322402ttfff	2 0 4 1 5 0 9 1 6 7 12 2 12 3 10 1 11 1 12 8 11 13 12 14 12 15 10 1 11 1 12 3 fffffffffftttttt
01021323ffft	0102322402ttftf	1 0 2 0 10 1 15 3 14 3 10 4 8 3 9 3 9 11 10 12 10 13 8 3 9 3 10 4 10 7 5 6 fffffffftttttttt
01021323ffft	0102324134tttff	1 0 4 0 6 2 7 2 10 1 10 3 5 11 10 12 9 11 10 12 10 13 8 14 9 14 10 15 6 14 7 14 fffffffftttttttt
01021323ffft	0102324402ttfff	2 0 4 1 5 0 9 1 6 7 12 2 12 3 10 1 11 1 12 8 11 13 12 14 12 15 10 1 11 1 12 3 fffffffffftttttt
01021323ffft	0102324402ttftf	1 0 2 0 10 1 15 3 14 3 8 3 9 3 10 4 9 11 10 12 10 13 8 3 9 3 10 4 10 6 7 5 fffffffftttttttt
01021323ffft	0102324402tttff	1 0 3 0 7 5 10 1 10 6 8 14 9 14 10 15 9 11 10 12 10 13 8 14 9 14 10 15 2 14 4 14 fffffffftttttttt
01021323ffft	0102324402ttttf	1 0 2 0 8 1 6 12 7 12 8 13 7 9 8 10 8 11 6 12 7 12 8 13 14 12 15 12 5 3 8 4 fffffftttttttttt
01021323ffft	0102342134tttff	1 0 4 0 5 2 6 2 9 1 15 10 9 11 8 10 9 11 9 12 7 13 8 13 9 14 5 2 6 2 9 3 fffffffttttttttt
01021323ffft	0102344134tttff	1 0 4 0 6 2 7 2 10 1 10 3 5 11 10 12 9 11 10 12 10 13 8 14 9 14 10 15 6 2 7 2 fffffffftttttttt
01213101ffft	0102132434tffff	3 0 4 1 6 1 3 7 6 8 12 2 12 9 3 15 4 15 6 15 12 15 14 5 14 10 14 15 14 13 14 11 fffffffffffffftt
01213101ffft	0102132434ttfff	2 0 4 1 2 5 9 1 9 6 2 13 4 13 9 13 15 3 15 7 15 13 11 12 11 13 11 14 11 8 11 10 fffffffffffttttt
01213101ffft	0112132434ttfff	2 0 4 1 2 5 9 1 9 6 2 12 4 12 9 12 15 3 15 7 15 12 11 13 11 14 15 12 15 8 15 10 fffffffffffttttt
01213101ffft	0112232434tttff	1 0 1 3 6 2 1 10 6 10 15 2 15 4 15 10 8 9 11 10 8 12 11 13 11 14 15 10 15 5 15 7 fffffffftttttttt
01213101ffft	0112233434ttttf	1 0 1 2 1 8 15 3 15 8 5 7 6 9 6 8 5 10 11 8 6 12 11 13 11 14 15 8 15 3 15 4 fffffttttttttttt
