0102132434fffft	0102033434ttttf	1 0 2 0 3 1 10 2 18 4 20 4 21 5 8 11 9 12 10 13 10 14 7 15 8 15 9 16 10 17 7 19 8 19 9 18 20 4 18 4 21 5 10 6 fffffffttttttttttttttt
0102132434fffft	0102034321tffff	3 0 6 1 7 1 4 0 8 3 13 2 12 14 9 15 21 4 21 5 18 1 19 1 20 2 21 16 18 10 19 10 20 11 21 12 19 14 20 15 21 16 21 17 fffffffffffffffffftttt
0102132434fffft	0102034321ttfff	1 0 4 0 11 2 12 2 6 1 13 3 17 4 14 2 15 2 16 3 17 5 9 18 10 19 17 20 15 18 16 19 17 20 17 21 14 7 15 7 16 8 17 9 fffffffffffffftttttttt
0102132434fffft	0102034321tttff	1 0 5 0 7 2 8 2 9 3 6 1 13 5 20 14 21 15 13 16 11 14 12 15 13 16 13 17 10 18 11 18 12 19 13 20 10 2 11 2 12 3 13 4 fffffffffftttttttttttt
0102132434fffft	0102034321ttttf	1 0 2 0 3 1 10 2 17 11 18 12 10 13 8 11 9 12 10 13 10 14 7 15 8 15 9 16 10 17 7 19 8 19 9 20 10 21 4 19 5 19 6 20 fffffffttttttttttttttt
0102132434fffft	0102034322tffft	1 0 2 0 14 1 15 3 16 3 21 4 17 3 18 3 19 4 17 6 18 6 19 7 20 8 20 5 20 2 8 6 13 7 18 9 19 10 20 11 20 12 20 8 fffffffffffffffttttttt
0102132434fffft	0102034322ttfff	3 0 6 1 7 1 4 0 8 3 13 2 12 10 9 11 17 4 17 5 14 1 15 1 16 2 17 12 15 18 16 19 17 20 17 21 14 10 15 10 16 11 17 12 fffffffffffffftttttttt
0102132434fffft	0102034322tttff	1 0 5 0 7 2 8 2 9 3 6 1 13 5 20 18 21 19 13 20 11 14 12 15 13 16 13 17 10 18 11 18 12 19 13 20 10 2 11 2 12 3 13 4 fffffffffftttttttttttt
0102132434fffft	0102034322ttttf	1 0 2 0 3 1 10 2 17 15 18 16 10 17 8 11 9 12 10 13 10 14 7 15 8 15 9 16 10 17 7 19 8 19 9 20 10 21 4 19 5 19 6 20 fffffffttttttttttttttt
0102132434fffft	0102034323tffft	1 0 2 0 14 1 15 3 16 3 21 4 17 3 18 3 19 4 17 6 18 6 19 7 20 8 20 5 20 2 8 3 13 4 18 9 19 10 20 11 20 12 20 5 fffffffffffffffttttttt
0102132434fffft	0102034323ttfft	1 0 2 0 6 1 11 3 12 3 17 4 16 2 13 3 14 3 15 4 16 5 9 3 10 4 14 18 15 19 16 20 16 21 16 5 13 7 14 7 15 8 16 9 fffffffffffttttttttttt
0102132434fffft	0102034323tttff	1 0 4 0 8 2 9 2 6 1 7 3 13 4 13 5 20 2 21 3 11 14 12 15 13 16 13 17 10 18 11 18 12 19 13 20 10 2 11 2 12 3 13 5 fffffffffftttttttttttt
0102132434fffft	0102034323ttttf	1 0 2 0 3 1 10 2 17 19 18 20 10 21 8 11 9 12 10 13 10 14 7 15 8 15 9 16 10 17 7 19 8 19 9 20 10 21 4 19 5 19 6 20 fffffffttttttttttttttt
0102132434fffft	0102034331tffff	2 0 7 3 5 0 6 3 13 1 9 2 4 14 8 15 21 4 21 5 18 3 19 3 20 1 21 16 18 10 19 10 20 11 21 12 19 14 20 15 21 16 21 17 fffffffffffffffffftttt
0102132434fffft	0102034331ttfff	1 0 5 0 12 3 11 3 13 2 7 1 17 4 17 5 14 3 15 3 16 2 4 18 6 19 17 20 15 18 16 19 17 20 17 21 14 8 15 8 16 9 17 10 fffffffffffffftttttttt
0102132434fffft	0102034331tttff	1 0 5 0 9 3 8 3 10 2 7 1 14 4 14 5 4 15 6 16 14 17 12 15 13 16 14 17 14 18 11 19 12 19 13 20 14 21 11 3 12 3 13 2 fffffffffffttttttttttt
0102132434fffft	0102034331ttttf	1 0 2 0 3 1 14 2 20 15 7 16 14 17 14 20 13 19 11 21 12 21 12 15 13 16 14 17 14 18 11 9 12 9 13 10 14 8 5 21 6 19 4 21 fffffffttttttttttttttt
0102132434fffft	0102034332tffft	1 0 2 0 14 1 16 4 15 4 21 3 17 4 18 4 19 3 20 5 17 6 18 6 19 7 20 8 20 2 5 6 9 7 18 10 19 11 20 12 20 13 20 8 fffffffffffffffttttttt
0102132434fffft	0102034332ttfff	2 0 7 3 5 0 6 3 13 1 9 2 4 10 8 11 17 4 17 5 14 3 15 3 16 1 17 12 15 18 16 19 17 20 17 21 14 10 15 10 16 11 17 12 fffffffffffffftttttttt
0102132434fffft	0102034332tttff	1 0 5 0 9 3 8 3 10 2 7 1 14 4 14 5 4 19 6 20 14 21 12 15 13 16 14 17 14 18 11 19 12 19 13 20 14 21 11 3 12 3 13 2 fffffffffffttttttttttt
0102132434fffft	0102034332ttttf	1 0 2 0 3 1 14 2 20 9 7 10 14 8 14 20 13 19 11 21 12 21 12 15 13 16 14 17 14 18 11 9 12 9 13 10 14 8 5 21 6 19 4 21 fffffffttttttttttttttt
0102132434fffft	0102034333tffft	1 0 2 0 14 1 16 4 15 4 21 3 17 4 18 4 19 3 20 5 17 6 18 6 19 7 20 8 20 2 5 4 9 3 18 10 19 11 20 12 20 13 20 5 fffffffffffffffttttttt
0102132434fffft	0102034333ttfft	1 0 2 0 10 1 12 4 11 4 17 3 16 5 13 4 14 4 15 3 16 2 5 4 6 3 14 18 15 19 16 20 16 21 16 5 13 7 14 7 15 8 16 9 fffffffffffttttttttttt
0102132434fffft	0102034333tttft	1 0 2 0 7 1 21 4 20 4 16 3 11 5 11 2 9 12 10 13 11 14 11 15 8 17 9 17 10 18 11 19 11 5 8 4 9 4 10 3 5 4 6 3 fffffffftttttttttttttt
0102132434fffft	0102034333ttttf	1 0 2 0 3 1 14 2 20 21 7 19 14 20 14 20 13 19 11 21 12 21 12 15 13 16 14 17 14 18 11 9 12 9 13 10 14 8 5 21 6 19 4 21 fffffffttttttttttttttt
0102132434fffft	0102322402ttfff	1 0 6 0 4 2 5 2 7 11 10 12 9 1 8 3 17 13 17 6 17 7 14 2 15 2 16 3 15 18 16 19 17 20 17 21 14 2 15 2 16 3 17 7 fffffffffffffftttttttt
0102132434fffft	0102322402ttftf	1 0 2 0 3 1 21 2 18 8 19 8 20 9 21 10 11 8 12 8 13 9 10 4 7 5 21 6 18 8 19 8 20 9 21 10 19 14 20 15 21 16 21 17 fffffffffffttttttttttt
0102132434fffft	0102324134tttff	1 0 2 0 9 1 7 3 6 3 8 4 10 16 5 15 14 17 14 2 14 5 12 15 13 16 14 17 14 18 11 19 12 19 13 20 14 21 7 19 6 19 8 20 fffffffffffttttttttttt
0102132434fffft	0102324402ttfff	1 0 6 0 5 2 4 2 13 10 11 9 12 1 8 3 17 11 14 2 15 2 16 3 17 6 17 7 15 18 16 19 17 20 17 21 14 2 15 2 16 3 17 7 fffffffffffffftttttttt
0102132434fffft	0102324402ttftf	1 0 2 0 7 1 18 8 19 8 20 9 21 10 21 2 12 8 11 8 13 9 6 4 5 3 21 5 18 8 19 8 20 9 21 10 19 14 20 15 21 16 21 17 fffffffffffttttttttttt
0102132434fffft	0102324402tttff	1 0 4 0 10 8 9 7 6 1 14 9 14 4 11 19 12 19 13 20 14 21 12 15 13 16 14 17 14 18 11 19 12 19 13 20 14 21 3 19 2 19 5 20 fffffffffffttttttttttt
0102132434fffft	0102324402ttttf	1 0 2 0 7 1 8 16 9 16 10 17 11 18 11 2 9 12 10 13 11 14 11 15 8 16 9 16 10 17 11 18 20 16 19 16 21 17 6 4 5 3 11 5 fffffffftttttttttttttt
0102132434fffft	0102342134tttff	1 0 2 0 9 1 6 3 7 3 8 4 20 14 21 15 13 16 13 2 11 14 12 15 13 16 13 17 10 18 11 18 12 19 13 20 6 3 7 3 8 4 13 5 fffffffffftttttttttttt
0102132434fffft	0102344134tttff	1 0 2 0 9 1 7 3 6 3 8 4 10 16 5 15 14 17 14 2 14 5 12 15 13 16 14 17 14 18 11 19 12 19 13 20 14 21 7 3 6 3 8 4 fffffffffffttttttttttt
