0101tf	11223333fftf	0 2 0 1 0 3 0 1 ffft
0101tf	11232222ffft	0 2 0 1 0 3 0 1 ffft
0101tf	11232232ffft	0 2 0 1 0 3 0 1 ffft
0101tf	12111311ffft	0 2 0 1 0 3 0 1 ffft
0101tf	12111321ffft	0 2 0 1 0 3 0 1 ffft
0101tf	12111331ffft	0 2 0 1 0 3 0 1 ffft
0101tf	12112311ffft	0 2 0 1 0 3 0 1 ffft
0101tf	12112331ffft	0 2 0 1 0 3 0 1 ffft
0101tf	12113311ffft	0 2 0 1 0 3 0 1 ffft
0101tf	12113321ffft	0 2 0 1 0 3 0 1 ffft
0111tf	11223333fftf	0 2 1 1 3 3 1 1 ffft
0111tf	11232222ffft	0 2 1 1 1 3 1 1 ffft
0111tf	11232232ffft	0 2 1 1 1 3 3 1 ffft
0111tf	12111311ffft	0 2 1 1 1 3 1 1 ffft
0111tf	12111321ffft	0 2 1 1 1 3 2 1 ffft
0111tf	12111321fftf	0 3 1 1 3 1 1 2 ffft
0111tf	12111331ffft	0 2 1 1 1 3 3 1 ffft
0111tf	12112311ffft	0 2 1 1 2 3 1 1 ffft
0111tf	12112331ffft	0 2 1 1 2 3 3 1 ffft
0111tf	12113111ffft	0 2 1 1 3 1 1 1 ffft
0111tf	12113111fftt	0 2 1 1 3 1 1 1 fftt
0111tf	12113113ffft	0 2 1 1 3 1 1 3 ffft
0111tf	12113121ffft	0 2 1 1 3 1 2 1 ffft
0111tf	12113121fftf	0 3 1 1 3 1 2 1 ffft
0111tf	12113123ffft	0 2 1 1 3 1 2 3 ffft
0111tf	12113123fftf	0 3 1 1 3 2 2 1 ffft
0111tf	12113131ffft	0 2 1 1 3 1 3 1 ffft
0111tf	12113311ffft	0 2 1 1 3 3 1 1 ffft
0111tf	12113321ffft	0 2 1 1 3 3 2 1 ffft
0111tf	12113321fftf	0 3 1 1 3 1 2 2 ffft
0111tf	12233133fftf	0 3 3 2 2 2 2 1 ffft
1111tf	11223333fftf	2 2 1 1 3 3 1 1 ffft
1111tf	11232222ffft	2 2 1 1 1 3 1 1 ffft
1111tf	11232232ffft	2 2 1 1 1 3 3 1 ffft
1111tf	12111311ffft	1 2 1 1 1 3 1 1 ffft
1111tf	12111321ffft	1 2 1 1 1 3 2 1 ffft
1111tf	12111321fftf	1 3 1 1 3 1 1 2 ffft
1111tf	12111331ffft	1 2 1 1 1 3 3 1 ffft
1111tf	12112311ffft	1 2 1 1 2 3 1 1 ffft
1111tf	12112331ffft	1 2 1 1 2 3 3 1 ffft
1111tf	12113111ffft	1 2 1 1 3 1 1 1 ffft
1111tf	12113111fftt	1 2 1 1 3 1 1 1 fftt
1111tf	12113113ffft	1 2 1 1 3 1 1 3 ffft
1111tf	12113121ffft	1 2 1 1 3 1 2 1 ffft
1111tf	12113121fftf	1 3 1 1 3 1 2 1 ffft
1111tf	12113123ffft	1 2 1 1 3 1 2 3 ffft
1111tf	12113123fftf	1 3 1 1 3 2 2 1 ffft
1111tf	12113131ffft	1 2 1 1 3 1 3 1 ffft
1111tf	12113311ffft	1 2 1 1 3 3 1 1 ffft
1111tf	12113321ffft	1 2 1 1 3 3 2 1 ffft
1111tf	12113321fftf	1 3 1 1 3 1 2 2 ffft
1111tf	12213333fftf	1 3 3 1 2 2 2 2 ffft
1111tf	12233133fftf	1 3 3 2 2 2 2 1 ffft
1111tf	12233333fftf	1 3 3 2 2 2 2 2 ffft
