0101tf	1122334444ffftf	0 2 0 1 0 3 0 4 0 1 fffft
0101tf	1122343333fffft	0 2 0 1 0 3 0 4 0 1 fffft
0101tf	1122343343fffft	0 2 0 1 0 3 0 4 0 1 fffft
0101tf	1123222422fffft	0 2 0 1 0 3 0 4 0 1 fffft
0101tf	1123222432fffft	0 2 0 1 0 3 0 4 0 1 fffft
0101tf	1123222442fffft	0 2 0 1 0 3 0 4 0 1 fffft
0101tf	1123223422fffft	0 2 0 1 0 3 0 4 0 1 fffft
0101tf	1123223442fffft	0 2 0 1 0 3 0 4 0 1 fffft
0101tf	1123224422fffft	0 2 0 1 0 3 0 4 0 1 fffft
0101tf	1123224432fffft	0 2 0 1 0 3 0 4 0 1 fffft
0101tf	1211131411fffft	0 2 0 1 0 3 0 4 0 1 fffft
0101tf	1211131421fffft	0 2 0 1 0 3 0 4 0 1 fffft
0101tf	1211131431fffft	0 2 0 1 0 3 0 4 0 1 fffft
0101tf	1211131441fffft	0 2 0 1 0 3 0 4 0 1 fffft
0101tf	1211132411fffft	0 2 0 1 0 3 0 4 0 1 fffft
0101tf	1211132431fffft	0 2 0 1 0 3 0 4 0 1 fffft
0101tf	1211132441fffft	0 2 0 1 0 3 0 4 0 1 fffft
0101tf	1211133411fffft	0 2 0 1 0 3 0 4 0 1 fffft
0101tf	1211133421fffft	0 2 0 1 0 3 0 4 0 1 fffft
0101tf	1211133441fffft	0 2 0 1 0 3 0 4 0 1 fffft
0101tf	1211134411fffft	0 2 0 1 0 3 0 4 0 1 fffft
0101tf	1211134421fffft	0 2 0 1 0 3 0 4 0 1 fffft
0101tf	1211134431fffft	0 2 0 1 0 3 0 4 0 1 fffft
0101tf	1211231411fffft	0 2 0 1 0 3 0 4 0 1 fffft
0101tf	1211231431fffft	0 2 0 1 0 3 0 4 0 1 fffft
0101tf	1211231441fffft	0 2 0 1 0 3 0 4 0 1 fffft
0101tf	1211233411fffft	0 2 0 1 0 3 0 4 0 1 fffft
0101tf	1211233441fffft	0 2 0 1 0 3 0 4 0 1 fffft
0101tf	1211234411fffft	0 2 0 1 0 3 0 4 0 1 fffft
0101tf	1211234431fffft	0 2 0 1 0 3 0 4 0 1 fffft
0101tf	1211331411fffft	0 2 0 1 0 3 0 4 0 1 fffft
0101tf	1211331421fffft	0 2 0 1 0 3 0 4 0 1 fffft
0101tf	1211331441fffft	0 2 0 1 0 3 0 4 0 1 fffft
0101tf	1211332411fffft	0 2 0 1 0 3 0 4 0 1 fffft
0101tf	1211332441fffft	0 2 0 1 0 3 0 4 0 1 fffft
0101tf	1211334411fffft	0 2 0 1 0 3 0 4 0 1 fffft
0101tf	1211334421fffft	0 2 0 1 0 3 0 4 0 1 fffft
0101tf	1211341113ffftf	0 2 0 1 0 3 0 4 0 1 fffft
0101tf	1211341123ffftf	0 2 0 1 0 3 0 4 0 1 fffft
0101tf	1211341143ffftf	0 2 0 1 0 3 0 4 0 1 fffft
0101tf	1211342113ffftf	0 2 0 1 0 3 0 4 0 1 fffft
0101tf	1211342143ffftf	0 2 0 1 0 3 0 4 0 1 fffft
0101tf	1211344113ffftf	0 2 0 1 0 3 0 4 0 1 fffft
0101tf	1211344123ffftf	0 2 0 1 0 3 0 4 0 1 fffft
0101tf	1223314444ffftf	0 2 0 1 0 3 0 4 0 1 fffft
0101tf	1223343331ftfff	0 2 0 1 0 3 0 4 0 1 fffft
0101tf	1223343341ftfff	0 2 0 1 0 3 0 4 0 1 fffft
0101tf	1223443331ftfff	0 2 0 1 0 3 0 4 0 1 fffft
0101tf	1233343321ftfff	0 2 0 1 0 3 0 4 0 1 fffft
0101tf	1233343331ftfff	0 2 0 1 0 3 0 4 0 1 fffft
0101tf	1233343341ftfff	0 2 0 1 0 3 0 4 0 1 fffft
0111tf	1122334444ffftf	0 2 1 1 3 3 4 4 1 1 fffft
0111tf	1122343333fffft	0 2 1 1 3 3 1 4 1 1 fffft
0111tf	1122343343fffft	0 2 1 1 3 3 1 4 4 1 fffft
0111tf	1123222422fffft	0 2 1 1 1 3 1 4 1 1 fffft
0111tf	1123222432fffft	0 2 1 1 1 3 1 4 3 1 fffft
0111tf	1123222432ffftf	0 2 1 1 1 4 4 1 1 3 fffft
0111tf	1123222442fffft	0 2 1 1 1 3 1 4 4 1 fffft
0111tf	1123223422fffft	0 2 1 1 1 3 3 4 1 1 fffft
0111tf	1123223442fffft	0 2 1 1 1 3 3 4 4 1 fffft
0111tf	1123224222fffft	0 2 1 1 1 3 4 1 1 1 fffft
0111tf	1123224222ffftt	0 2 1 1 1 3 4 1 1 1 ffftt
0111tf	1123224224fffft	0 2 1 1 1 3 4 1 1 4 fffft
0111tf	1123224232fffft	0 2 1 1 1 3 4 1 3 1 fffft
0111tf	1123224232ffftf	0 2 1 1 1 4 4 1 3 1 fffft
0111tf	1123224234fffft	0 2 1 1 1 3 4 1 3 4 fffft
0111tf	1123224234ffftf	0 2 1 1 1 4 4 3 3 1 fffft
0111tf	1123224242fffft	0 2 1 1 1 3 4 1 4 1 fffft
0111tf	1123224422fffft	0 2 1 1 1 3 4 4 1 1 fffft
0111tf	1123224432fffft	0 2 1 1 1 3 4 4 3 1 fffft
0111tf	1123224432ffftf	0 2 1 1 1 4 4 1 3 3 fffft
0111tf	1123324444ffftf	0 2 1 1 3 4 4 3 1 1 fffft
0111tf	1123344244ffftf	0 2 1 1 3 4 4 1 1 3 fffft
0111tf	1123344444ffftf	0 2 1 1 3 4 4 1 1 1 fffft
0111tf	1211131411fffft	0 2 1 1 1 3 1 4 1 1 fffft
0111tf	1211131421fffft	0 2 1 1 1 3 1 4 2 1 fffft
0111tf	1211131421ffftf	0 3 1 1 3 1 1 4 1 2 fffft
0111tf	1211131421fftff	0 4 1 1 1 3 4 1 1 2 fffft
0111tf	1211131431fffft	0 2 1 1 1 3 1 4 3 1 fffft
0111tf	1211131431ffftf	0 2 1 1 1 4 4 1 1 3 fffft
0111tf	1211131441fffft	0 2 1 1 1 3 1 4 4 1 fffft
0111tf	1211132411fffft	0 2 1 1 1 3 2 4 1 1 fffft
0111tf	1211132431fffft	0 2 1 1 1 3 2 4 3 1 fffft
0111tf	1211132431ffftf	0 2 1 1 1 4 4 1 2 3 fffft
0111tf	1211132431fftff	0 4 1 1 3 1 4 2 1 3 fffft
0111tf	1211132441fffft	0 2 1 1 1 3 2 4 4 1 fffft
0111tf	1211133411fffft	0 2 1 1 1 3 3 4 1 1 fffft
0111tf	1211133421fffft	0 2 1 1 1 3 3 4 2 1 fffft
0111tf	1211133421ffftf	0 3 1 1 3 1 1 4 4 2 fffft
0111tf	1211133421fftff	0 4 1 1 2 3 4 1 1 2 fffft
0111tf	1211133441fffft	0 2 1 1 1 3 3 4 4 1 fffft
0111tf	1211134111fffft	0 2 1 1 1 3 4 1 1 1 fffft
0111tf	1211134111ffftt	0 2 1 1 1 3 4 1 1 1 ffftt
0111tf	1211134111fftft	0 3 1 1 4 1 1 2 1 1 ffftt
0111tf	1211134113fffft	0 2 1 1 1 3 4 1 1 3 fffft
0111tf	1211134113ffftt	0 2 1 1 1 3 4 1 1 3 ffftt
0111tf	1211134114fffft	0 2 1 1 1 3 4 1 1 4 fffft
0111tf	1211134121fffft	0 2 1 1 1 3 4 1 2 1 fffft
0111tf	1211134121ffftf	0 3 1 1 3 1 1 4 2 1 fffft
0111tf	1211134121ffftt	0 2 1 1 1 3 4 1 2 1 ffftt
0111tf	1211134121fftff	0 4 1 1 3 1 4 1 1 2 fffft
0111tf	1211134121fftft	0 3 1 1 4 1 1 2 3 1 ffftt
0111tf	1211134123fffft	0 2 1 1 1 3 4 1 2 3 fffft
0111tf	1211134123ffftf	0 2 1 1 1 4 2 4 3 1 fffft
0111tf	1211134123ffftt	0 2 1 1 1 3 4 1 2 3 ffftt
0111tf	1211134123fftff	0 4 1 1 3 1 4 2 1 2 fffft
0111tf	1211134123fftft	0 3 1 1 4 1 1 2 3 2 ffftt
0111tf	1211134124fffft	0 2 1 1 1 3 4 1 2 4 fffft
0111tf	1211134124ffftf	0 3 1 1 3 2 1 4 2 1 fffft
0111tf	1211134124fftff	0 4 1 1 3 1 4 3 1 2 fffft
0111tf	1211134131fffft	0 2 1 1 1 3 4 1 3 1 fffft
0111tf	1211134131ffftf	0 2 1 1 1 4 4 1 3 1 fffft
0111tf	1211134131fftft	0 3 1 1 4 1 1 2 2 1 ffftt
0111tf	1211134133fffft	0 2 1 1 1 3 4 1 3 3 fffft
0111tf	1211134133ffftf	0 2 1 1 1 4 4 4 3 1 fffft
0111tf	1211134133ffftt	0 2 1 1 1 3 4 1 3 3 ffftt
0111tf	1211134133fftft	0 3 1 1 4 1 1 2 2 2 ffftt
0111tf	1211134134fffft	0 2 1 1 1 3 4 1 3 4 fffft
0111tf	1211134134ffftf	0 2 1 1 1 4 4 3 3 1 fffft
0111tf	1211134141fffft	0 2 1 1 1 3 4 1 4 1 fffft
0111tf	1211134141fftft	0 3 1 1 4 1 1 2 4 1 ffftt
0111tf	1211134143fffft	0 2 1 1 1 3 4 1 4 3 fffft
0111tf	1211134143ffftf	0 2 1 1 1 4 3 4 3 1 fffft
0111tf	1211134143ffftt	0 2 1 1 1 3 4 1 4 3 ffftt
0111tf	1211134143fftft	0 3 1 1 4 1 1 2 4 2 ffftt
0111tf	1211134411fffft	0 2 1 1 1 3 4 4 1 1 fffft
0111tf	1211134421fffft	0 2 1 1 1 3 4 4 2 1 fffft
0111tf	1211134421ffftf	0 3 1 1 3 1 1 4 2 2 fffft
0111tf	1211134421fftff	0 4 1 1 3 3 4 1 1 2 fffft
0111tf	1211134431fffft	0 2 1 1 1 3 4 4 3 1 fffft
0111tf	1211134431ffftf	0 2 1 1 1 4 4 1 3 3 fffft
0111tf	1211231411fffft	0 2 1 1 2 3 1 4 1 1 fffft
0111tf	1211231431fffft	0 2 1 1 2 3 1 4 3 1 fffft
0111tf	1211231431ffftf	0 2 1 1 2 4 4 1 1 3 fffft
0111tf	1211231441fffft	0 2 1 1 2 3 1 4 4 1 fffft
0111tf	1211233411fffft	0 2 1 1 2 3 3 4 1 1 fffft
0111tf	1211233441fffft	0 2 1 1 2 3 3 4 4 1 fffft
0111tf	1211234111fffft	0 2 1 1 2 3 4 1 1 1 fffft
0111tf	1211234111ffftt	0 2 1 1 2 3 4 1 1 1 ffftt
0111tf	1211234114fffft	0 2 1 1 2 3 4 1 1 4 fffft
0111tf	1211234131fffft	0 2 1 1 2 3 4 1 3 1 fffft
0111tf	1211234131ffftf	0 2 1 1 2 4 4 1 3 1 fffft
0111tf	1211234134fffft	0 2 1 1 2 3 4 1 3 4 fffft
0111tf	1211234134ffftf	0 2 1 1 2 4 4 3 3 1 fffft
0111tf	1211234141fffft	0 2 1 1 2 3 4 1 4 1 fffft
0111tf	1211234411fffft	0 2 1 1 2 3 4 4 1 1 fffft
0111tf	1211234431fffft	0 2 1 1 2 3 4 4 3 1 fffft
0111tf	1211234431ffftf	0 2 1 1 2 4 4 1 3 3 fffft
0111tf	1211311411fffft	0 2 1 1 3 1 1 4 1 1 fffft
0111tf	1211311411ffftt	0 2 1 1 3 1 1 4 1 1 ffftt
0111tf	1211311413fffft	0 2 1 1 3 1 1 4 1 3 fffft
0111tf	1211311413ffftf	0 2 1 1 4 1 1 4 1 3 fffft
0111tf	1211311414fffft	0 2 1 1 3 1 1 4 1 4 fffft
0111tf	1211311421fffft	0 2 1 1 3 1 1 4 2 1 fffft
0111tf	1211311421ffftf	0 3 1 1 3 1 4 1 1 2 fffft
0111tf	1211311421ffftt	0 2 1 1 3 1 1 4 2 1 ffftt
0111tf	1211311421fftff	0 4 1 1 1 3 4 1 2 1 fffft
0111tf	1211311423fffft	0 2 1 1 3 1 1 4 2 3 fffft
0111tf	1211311423ffftf	0 2 1 1 4 1 2 4 1 3 fffft
0111tf	1211311423ffftt	0 2 1 1 3 1 1 4 2 3 ffftt
0111tf	1211311423fftff	0 4 1 1 1 3 4 2 2 1 fffft
0111tf	1211311424fffft	0 2 1 1 3 1 1 4 2 4 fffft
0111tf	1211311424ffftf	0 3 1 1 3 2 4 1 1 2 fffft
0111tf	1211311424ffftt	0 2 1 1 3 1 1 4 2 4 ffftt
0111tf	1211311424fftff	0 4 1 1 1 3 4 3 2 1 fffft
0111tf	1211311441fffft	0 2 1 1 3 1 1 4 4 1 fffft
0111tf	1211311443fffft	0 2 1 1 3 1 1 4 4 3 fffft
0111tf	1211311443ffftf	0 2 1 1 4 1 3 4 1 3 fffft
0111tf	1211312411fffft	0 2 1 1 3 1 2 4 1 1 fffft
0111tf	1211312411ffftt	0 2 1 1 3 1 2 4 1 1 ffftt
0111tf	1211312413fffft	0 2 1 1 3 1 2 4 1 3 fffft
0111tf	1211312413ffftf	0 2 1 1 4 1 1 4 2 3 fffft
0111tf	1211312413ffftt	0 2 1 1 3 1 2 4 1 3 ffftt
0111tf	1211312413fftff	0 4 1 1 1 3 4 2 3 1 fffft
0111tf	1211312414fffft	0 2 1 1 3 1 2 4 1 4 fffft
0111tf	1211312414ffftt	0 2 1 1 3 1 2 4 1 4 ffftt
0111tf	1211312421fffft	0 2 1 1 3 1 2 4 2 1 fffft
0111tf	1211312421ffftf	0 3 1 1 3 1 4 1 3 2 fffft
0111tf	1211312421ffftt	0 2 1 1 3 1 2 4 2 1 ffftt
0111tf	1211312421fftff	0 4 1 1 4 3 4 1 2 1 fffft
0111tf	1211312423fffft	0 2 1 1 3 1 2 4 2 3 fffft
0111tf	1211312423ffftf	0 2 1 1 4 1 2 4 2 3 fffft
0111tf	1211312424fffft	0 2 1 1 3 1 2 4 2 4 fffft
0111tf	1211312424ffftf	0 3 1 1 3 2 4 1 3 2 fffft
0111tf	1211312441fffft	0 2 1 1 3 1 2 4 4 1 fffft
0111tf	1211312443fffft	0 2 1 1 3 1 2 4 4 3 fffft
0111tf	1211312443ffftf	0 2 1 1 4 1 3 4 2 3 fffft
0111tf	1211312443fftff	0 4 1 1 2 3 4 2 3 1 fffft
0111tf	1211313411fffft	0 2 1 1 3 1 3 4 1 1 fffft
0111tf	1211313411ffftt	0 2 1 1 3 1 3 4 1 1 ffftt
0111tf	1211313414fffft	0 2 1 1 3 1 3 4 1 4 fffft
0111tf	1211313414ffftt	0 2 1 1 3 1 3 4 1 4 ffftt
0111tf	1211313441fffft	0 2 1 1 3 1 3 4 4 1 fffft
0111tf	1211314111fffft	0 2 1 1 3 1 4 1 1 1 fffft
0111tf	1211314111ffftt	0 2 1 1 3 1 4 1 1 1 ffftt
0111tf	1211314111fftft	0 3 1 1 4 1 2 1 1 1 ffftt
0111tf	1211314111ffttt	0 2 1 1 3 1 4 1 1 1 ffttt
0111tf	1211314113fffft	0 2 1 1 3 1 4 1 1 3 fffft
0111tf	1211314113ffftf	0 2 1 1 4 1 1 4 3 1 fffft
0111tf	1211314113fftft	0 3 1 1 4 1 2 1 1 2 ffftt
0111tf	1211314114fffft	0 2 1 1 3 1 4 1 1 4 fffft
0111tf	1211314114ffftt	0 2 1 1 3 1 4 1 1 4 ffftt
0111tf	1211314121fffft	0 2 1 1 3 1 4 1 2 1 fffft
0111tf	1211314121ffftf	0 3 1 1 3 1 4 1 2 1 fffft
0111tf	1211314121ffftt	0 2 1 1 3 1 4 1 2 1 ffftt
0111tf	1211314121fftff	0 4 1 1 3 1 4 1 2 1 fffft
0111tf	1211314121fftft	0 3 1 1 4 1 2 1 3 1 ffftt
0111tf	1211314121ffttf	0 3 1 1 3 1 4 1 2 1 ffftt
0111tf	1211314123fffft	0 2 1 1 3 1 4 1 2 3 fffft
0111tf	1211314123ffftf	0 2 1 1 4 1 2 4 3 1 fffft
0111tf	1211314123fftff	0 4 1 1 3 1 4 2 2 1 fffft
0111tf	1211314124fffft	0 2 1 1 3 1 4 1 2 4 fffft
0111tf	1211314124ffftf	0 3 1 1 3 2 4 1 2 1 fffft
0111tf	1211314124fftff	0 4 1 1 3 1 4 3 2 1 fffft
0111tf	1211314131fffft	0 2 1 1 3 1 4 1 3 1 fffft
0111tf	1211314131ffttf	0 3 1 1 4 1 4 1 2 1 ffftt
0111tf	1211314133fffft	0 2 1 1 3 1 4 1 3 3 fffft
0111tf	1211314133ffftf	0 2 1 1 4 1 4 4 3 1 fffft
0111tf	1211314133fftft	0 3 1 1 4 1 2 1 2 2 ffftt
0111tf	1211314141fffft	0 2 1 1 3 1 4 1 4 1 fffft
0111tf	1211314141fftft	0 3 1 1 4 1 2 1 4 1 ffftt
0111tf	1211314311fffft	0 2 1 1 3 1 4 3 1 1 fffft
0111tf	1211314311fftft	0 3 1 1 4 2 2 1 1 1 ffftt
0111tf	1211314314fffft	0 2 1 1 3 1 4 3 1 4 fffft
0111tf	1211314321fffft	0 2 1 1 3 1 4 3 2 1 fffft
0111tf	1211314321ffftf	0 3 1 1 3 1 4 1 2 4 fffft
0111tf	1211314321fftff	0 4 1 1 3 2 4 1 2 1 fffft
0111tf	1211314324fffft	0 2 1 1 3 1 4 3 2 4 fffft
0111tf	1211314324ffftf	0 3 1 1 3 2 4 1 2 4 fffft
0111tf	1211314324fftff	0 4 1 1 3 2 4 3 2 1 fffft
0111tf	1211314331fffft	0 2 1 1 3 1 4 3 3 1 fffft
0111tf	1211314411fffft	0 2 1 1 3 1 4 4 1 1 fffft
0111tf	1211314411ffftt	0 2 1 1 3 1 4 4 1 1 ffftt
0111tf	1211314413fffft	0 2 1 1 3 1 4 4 1 3 fffft
0111tf	1211314413ffftf	0 2 1 1 4 1 1 4 3 3 fffft
0111tf	1211314414fffft	0 2 1 1 3 1 4 4 1 4 fffft
0111tf	1211314414ffftt	0 2 1 1 3 1 4 4 1 4 ffftt
0111tf	1211314421fffft	0 2 1 1 3 1 4 4 2 1 fffft
0111tf	1211314421ffftf	0 3 1 1 3 1 4 1 2 2 fffft
0111tf	1211314421fftff	0 4 1 1 3 3 4 1 2 1 fffft
0111tf	1211314423fffft	0 2 1 1 3 1 4 4 2 3 fffft
0111tf	1211314423ffftf	0 2 1 1 4 1 2 4 3 3 fffft
0111tf	1211314423fftff	0 4 1 1 3 3 4 2 2 1 fffft
0111tf	1211331411fffft	0 2 1 1 3 3 1 4 1 1 fffft
0111tf	1211331421fffft	0 2 1 1 3 3 1 4 2 1 fffft
0111tf	1211331421ffftf	0 3 1 1 3 1 4 4 1 2 fffft
0111tf	1211331421fftff	0 4 1 1 1 3 4 1 2 2 fffft
0111tf	1211331441fffft	0 2 1 1 3 3 1 4 4 1 fffft
0111tf	1211332411fffft	0 2 1 1 3 3 2 4 1 1 fffft
0111tf	1211332441fffft	0 2 1 1 3 3 2 4 4 1 fffft
0111tf	1211334111fffft	0 2 1 1 3 3 4 1 1 1 fffft
0111tf	1211334111fftft	0 3 1 1 4 1 2 2 1 1 ffftt
0111tf	1211334113fffft	0 2 1 1 3 3 4 1 1 3 fffft
0111tf	1211334113ffftf	0 2 1 1 4 4 1 4 3 1 fffft
0111tf	1211334113fftft	0 3 1 1 4 1 2 2 1 2 ffftt
0111tf	1211334114fffft	0 2 1 1 3 3 4 1 1 4 fffft
0111tf	1211334121fffft	0 2 1 1 3 3 4 1 2 1 fffft
0111tf	1211334121ffftf	0 3 1 1 3 1 4 4 2 1 fffft
0111tf	1211334121fftff	0 4 1 1 3 1 4 1 2 2 fffft
0111tf	1211334124fffft	0 2 1 1 3 3 4 1 2 4 fffft
0111tf	1211334124ffftf	0 3 1 1 3 2 4 4 2 1 fffft
0111tf	1211334124fftff	0 4 1 1 3 1 4 3 2 2 fffft
0111tf	1211334131fffft	0 2 1 1 3 3 4 1 3 1 fffft
0111tf	1211334131ffftf	0 2 1 1 4 4 4 1 3 1 fffft
0111tf	1211334131fftft	0 3 1 1 4 1 2 2 2 1 ffftt
0111tf	1211334133fffft	0 2 1 1 3 3 4 1 3 3 fffft
0111tf	1211334411fffft	0 2 1 1 3 3 4 4 1 1 fffft
0111tf	1211334421fffft	0 2 1 1 3 3 4 4 2 1 fffft
0111tf	1211334421ffftf	0 3 1 1 3 1 4 4 2 2 fffft
0111tf	1211334421fftff	0 4 1 1 3 3 4 1 2 2 fffft
0111tf	1211341113ffftf	0 2 1 1 4 3 1 4 1 1 fffft
0111tf	1211341121ffftf	0 3 1 1 3 1 4 2 1 1 fffft
0111tf	1211341121ffftt	0 2 1 1 3 4 1 1 2 1 ffftt
0111tf	1211341123ffftf	0 2 1 1 4 3 2 4 1 1 fffft
0111tf	1211341143ffftf	0 2 1 1 4 3 3 4 1 1 fffft
0111tf	1211341321ffftf	0 3 1 1 3 1 4 2 1 4 fffft
0111tf	1211341411fffft	0 2 1 1 3 4 1 4 1 1 fffft
0111tf	1211341411ffftt	0 2 1 1 3 4 1 4 1 1 ffftt
0111tf	1211341441fffft	0 2 1 1 3 4 1 4 4 1 fffft
0111tf	1211342111fffft	0 3 1 1 3 1 2 4 1 1 fffft
0111tf	1211342111ffftt	0 2 1 1 3 4 2 1 1 1 ffftt
0111tf	1211342113fffft	0 3 1 1 3 1 2 4 1 2 fffft
0111tf	1211342113ffftf	0 2 1 1 4 3 1 4 2 1 fffft
0111tf	1211342113fftff	0 4 1 1 1 3 4 1 3 2 fffft
0111tf	1211342121fffft	0 3 1 1 3 1 2 4 3 1 fffft
0111tf	1211342121ffftf	0 3 1 1 3 1 4 2 3 1 fffft
0111tf	1211342141fffft	0 3 1 1 3 1 2 4 4 1 fffft
0111tf	1211342143fffft	0 3 1 1 3 1 2 4 4 2 fffft
0111tf	1211342143ffftf	0 2 1 1 4 3 3 4 2 1 fffft
0111tf	1211342143fftff	0 4 1 1 2 3 4 1 3 2 fffft
0111tf	1211342311fffft	0 3 1 1 3 2 2 4 1 1 fffft
0111tf	1211342341fffft	0 3 1 1 3 2 2 4 4 1 fffft
0111tf	1211342411ffftt	0 2 1 1 3 4 2 4 1 1 ffftt
0111tf	1211343111ffftt	0 2 1 1 3 4 3 1 1 1 ffftt
0111tf	1211343411ffftt	0 2 1 1 3 4 3 4 1 1 ffftt
0111tf	1211344111fffft	0 2 1 1 3 4 4 1 1 1 fffft
0111tf	1211344111ffftt	0 2 1 1 3 4 4 1 1 1 ffftt
0111tf	1211344113fffft	0 2 1 1 3 4 4 1 1 3 fffft
0111tf	1211344113ffftf	0 2 1 1 4 3 1 4 3 1 fffft
0111tf	1211344121fffft	0 2 1 1 3 4 4 1 2 1 fffft
0111tf	1211344121ffftf	0 3 1 1 3 1 4 2 2 1 fffft
0111tf	1211344121fftff	0 4 1 1 3 1 4 1 2 3 fffft
0111tf	1211344123fffft	0 2 1 1 3 4 4 1 2 3 fffft
0111tf	1211344123ffftf	0 2 1 1 4 3 2 4 3 1 fffft
0111tf	1211344123fftff	0 4 1 1 3 1 4 2 2 3 fffft
0111tf	1211344311fffft	0 2 1 1 3 4 4 3 1 1 fffft
0111tf	1211344321fffft	0 2 1 1 3 4 4 3 2 1 fffft
0111tf	1211344321ffftf	0 3 1 1 3 1 4 2 2 4 fffft
0111tf	1211344321fftff	0 4 1 1 3 2 4 1 2 3 fffft
0111tf	1211344411fffft	0 2 1 1 3 4 4 4 1 1 fffft
0111tf	1211344411ffftt	0 2 1 1 3 4 4 4 1 1 ffftt
0111tf	1223314444ffftf	0 3 1 1 3 4 4 2 1 1 fffft
0111tf	1223343331fffft	0 3 3 2 2 2 2 4 2 1 fffft
0111tf	1223343331fftff	0 4 4 2 2 2 2 1 2 3 fffft
0111tf	1223343331ftfff	0 2 1 1 1 3 1 4 2 1 fffft
0111tf	1223343341fffft	0 3 3 2 2 2 2 4 4 1 fffft
0111tf	1223343341fftff	0 4 4 2 2 2 3 1 2 3 fffft
0111tf	1223343341ftfff	0 2 1 1 1 3 3 4 2 1 fffft
0111tf	1223344144ffftf	0 3 1 1 3 4 4 1 1 2 fffft
0111tf	1223344144fftff	0 4 4 2 3 1 3 3 2 3 fffft
0111tf	1223344144ftfff	0 2 1 1 3 1 1 4 2 3 fffft
0111tf	1223413333fffft	0 3 3 2 2 2 4 1 2 2 fffft
0111tf	1223413334fffft	0 3 3 2 2 2 4 1 2 4 fffft
0111tf	1223433331fffft	0 3 3 2 2 2 4 2 2 1 fffft
0111tf	1223433331fftff	0 4 4 2 2 2 2 1 3 2 fffft
0111tf	1223433331ftfff	0 2 1 1 3 1 1 4 2 1 fffft
0111tf	1223443331fffft	0 3 3 2 2 2 4 4 2 1 fffft
0111tf	1223443331fftff	0 4 4 2 2 2 2 1 3 3 fffft
0111tf	1223443331ftfff	0 2 1 1 3 3 1 4 2 1 fffft
0111tf	1233343321ftfff	0 2 1 1 1 3 2 4 1 1 fffft
0111tf	1233343331ftfff	0 2 1 1 1 3 1 4 1 1 fffft
0111tf	1233343341ftfff	0 2 1 1 1 3 3 4 1 1 fffft
0111tf	1233433321ftfff	0 2 1 1 3 1 2 4 1 1 fffft
0111tf	1233433331ftfff	0 2 1 1 3 1 1 4 1 1 fffft
0111tf	1233433341ftfff	0 2 1 1 3 1 3 4 1 1 fffft
0111tf	1234432144ffftf	0 3 1 1 4 1 1 4 3 2 fffft
0111tf	1234432144fftff	0 4 3 2 2 2 4 1 2 3 fffft
0111tf	1234433321fffft	0 3 1 1 1 4 4 1 3 2 fffft
0111tf	1234433321fftff	0 4 2 3 2 2 4 1 3 2 fffft
1111tf	1122334444ffftf	2 2 1 1 3 3 4 4 1 1 fffft
1111tf	1122343333fffft	2 2 1 1 3 3 1 4 1 1 fffft
1111tf	1122343343fffft	2 2 1 1 3 3 1 4 4 1 fffft
1111tf	1123222422fffft	2 2 1 1 1 3 1 4 1 1 fffft
1111tf	1123222432fffft	2 2 1 1 1 3 1 4 3 1 fffft
1111tf	1123222432ffftf	2 2 1 1 1 4 4 1 1 3 fffft
1111tf	1123222442fffft	2 2 1 1 1 3 1 4 4 1 fffft
1111tf	1123223422fffft	2 2 1 1 1 3 3 4 1 1 fffft
1111tf	1123223442fffft	2 2 1 1 1 3 3 4 4 1 fffft
1111tf	1123224222fffft	2 2 1 1 1 3 4 1 1 1 fffft
1111tf	1123224222ffftt	2 2 1 1 1 3 4 1 1 1 ffftt
1111tf	1123224224fffft	2 2 1 1 1 3 4 1 1 4 fffft
1111tf	1123224232fffft	2 2 1 1 1 3 4 1 3 1 fffft
1111tf	1123224232ffftf	2 2 1 1 1 4 4 1 3 1 fffft
1111tf	1123224234fffft	2 2 1 1 1 3 4 1 3 4 fffft
1111tf	1123224234ffftf	2 2 1 1 1 4 4 3 3 1 fffft
1111tf	1123224242fffft	2 2 1 1 1 3 4 1 4 1 fffft
1111tf	1123224422fffft	2 2 1 1 1 3 4 4 1 1 fffft
1111tf	1123224432fffft	2 2 1 1 1 3 4 4 3 1 fffft
1111tf	1123224432ffftf	2 2 1 1 1 4 4 1 3 3 fffft
1111tf	1123324444ffftf	2 2 1 1 3 4 4 3 1 1 fffft
1111tf	1123344244ffftf	2 2 1 1 3 4 4 1 1 3 fffft
1111tf	1123344444ffftf	2 2 1 1 3 4 4 1 1 1 fffft
1111tf	1211131411fffft	1 2 1 1 1 3 1 4 1 1 fffft
1111tf	1211131421fffft	1 2 1 1 1 3 1 4 2 1 fffft
1111tf	1211131421ffftf	1 3 1 1 3 1 1 4 1 2 fffft
1111tf	1211131421fftff	1 4 1 1 1 3 4 1 1 2 fffft
1111tf	1211131431fffft	1 2 1 1 1 3 1 4 3 1 fffft
1111tf	1211131431ffftf	1 2 1 1 1 4 4 1 1 3 fffft
1111tf	1211131441fffft	1 2 1 1 1 3 1 4 4 1 fffft
1111tf	1211132411fffft	1 2 1 1 1 3 2 4 1 1 fffft
1111tf	1211132431fffft	1 2 1 1 1 3 2 4 3 1 fffft
1111tf	1211132431ffftf	1 2 1 1 1 4 4 1 2 3 fffft
1111tf	1211132431fftff	1 4 1 1 3 1 4 2 1 3 fffft
1111tf	1211132441fffft	1 2 1 1 1 3 2 4 4 1 fffft
1111tf	1211133411fffft	1 2 1 1 1 3 3 4 1 1 fffft
1111tf	1211133421fffft	1 2 1 1 1 3 3 4 2 1 fffft
1111tf	1211133421ffftf	1 3 1 1 3 1 1 4 4 2 fffft
1111tf	1211133421fftff	1 4 1 1 2 3 4 1 1 2 fffft
1111tf	1211133441fffft	1 2 1 1 1 3 3 4 4 1 fffft
1111tf	1211134111fffft	1 2 1 1 1 3 4 1 1 1 fffft
1111tf	1211134111ffftt	1 2 1 1 1 3 4 1 1 1 ffftt
1111tf	1211134111fftft	1 3 1 1 4 1 1 2 1 1 ffftt
1111tf	1211134113fffft	1 2 1 1 1 3 4 1 1 3 fffft
1111tf	1211134113ffftt	1 2 1 1 1 3 4 1 1 3 ffftt
1111tf	1211134114fffft	1 2 1 1 1 3 4 1 1 4 fffft
1111tf	1211134121fffft	1 2 1 1 1 3 4 1 2 1 fffft
1111tf	1211134121ffftf	1 3 1 1 3 1 1 4 2 1 fffft
1111tf	1211134121ffftt	1 2 1 1 1 3 4 1 2 1 ffftt
1111tf	1211134121fftff	1 4 1 1 3 1 4 1 1 2 fffft
1111tf	1211134121fftft	1 3 1 1 4 1 1 2 3 1 ffftt
1111tf	1211134123fffft	1 2 1 1 1 3 4 1 2 3 fffft
1111tf	1211134123ffftf	1 2 1 1 1 4 2 4 3 1 fffft
1111tf	1211134123ffftt	1 2 1 1 1 3 4 1 2 3 ffftt
1111tf	1211134123fftff	1 4 1 1 3 1 4 2 1 2 fffft
1111tf	1211134123fftft	1 3 1 1 4 1 1 2 3 2 ffftt
1111tf	1211134124fffft	1 2 1 1 1 3 4 1 2 4 fffft
1111tf	1211134124ffftf	1 3 1 1 3 2 1 4 2 1 fffft
1111tf	1211134124fftff	1 4 1 1 3 1 4 3 1 2 fffft
1111tf	1211134131fffft	1 2 1 1 1 3 4 1 3 1 fffft
1111tf	1211134131ffftf	1 2 1 1 1 4 4 1 3 1 fffft
1111tf	1211134131fftft	1 3 1 1 4 1 1 2 2 1 ffftt
1111tf	1211134133fffft	1 2 1 1 1 3 4 1 3 3 fffft
1111tf	1211134133ffftf	1 2 1 1 1 4 4 4 3 1 fffft
1111tf	1211134133ffftt	1 2 1 1 1 3 4 1 3 3 ffftt
1111tf	1211134133fftft	1 3 1 1 4 1 1 2 2 2 ffftt
1111tf	1211134134fffft	1 2 1 1 1 3 4 1 3 4 fffft
1111tf	1211134134ffftf	1 2 1 1 1 4 4 3 3 1 fffft
1111tf	1211134141fffft	1 2 1 1 1 3 4 1 4 1 fffft
1111tf	1211134141fftft	1 3 1 1 4 1 1 2 4 1 ffftt
1111tf	1211134143fffft	1 2 1 1 1 3 4 1 4 3 fffft
1111tf	1211134143ffftf	1 2 1 1 1 4 3 4 3 1 fffft
1111tf	1211134143ffftt	1 2 1 1 1 3 4 1 4 3 ffftt
1111tf	1211134143fftft	1 3 1 1 4 1 1 2 4 2 ffftt
1111tf	1211134411fffft	1 2 1 1 1 3 4 4 1 1 fffft
1111tf	1211134421fffft	1 2 1 1 1 3 4 4 2 1 fffft
1111tf	1211134421ffftf	1 3 1 1 3 1 1 4 2 2 fffft
1111tf	1211134421fftff	1 4 1 1 3 3 4 1 1 2 fffft
1111tf	1211134431fffft	1 2 1 1 1 3 4 4 3 1 fffft
1111tf	1211134431ffftf	1 2 1 1 1 4 4 1 3 3 fffft
1111tf	1211231411fffft	1 2 1 1 2 3 1 4 1 1 fffft
1111tf	1211231431fffft	1 2 1 1 2 3 1 4 3 1 fffft
1111tf	1211231431ffftf	1 2 1 1 2 4 4 1 1 3 fffft
1111tf	1211231441fffft	1 2 1 1 2 3 1 4 4 1 fffft
1111tf	1211233411fffft	1 2 1 1 2 3 3 4 1 1 fffft
1111tf	1211233441fffft	1 2 1 1 2 3 3 4 4 1 fffft
1111tf	1211234111fffft	1 2 1 1 2 3 4 1 1 1 fffft
1111tf	1211234111ffftt	1 2 1 1 2 3 4 1 1 1 ffftt
1111tf	1211234114fffft	1 2 1 1 2 3 4 1 1 4 fffft
1111tf	1211234131fffft	1 2 1 1 2 3 4 1 3 1 fffft
1111tf	1211234131ffftf	1 2 1 1 2 4 4 1 3 1 fffft
1111tf	1211234134fffft	1 2 1 1 2 3 4 1 3 4 fffft
1111tf	1211234134ffftf	1 2 1 1 2 4 4 3 3 1 fffft
1111tf	1211234141fffft	1 2 1 1 2 3 4 1 4 1 fffft
1111tf	1211234411fffft	1 2 1 1 2 3 4 4 1 1 fffft
1111tf	1211234431fffft	1 2 1 1 2 3 4 4 3 1 fffft
1111tf	1211234431ffftf	1 2 1 1 2 4 4 1 3 3 fffft
1111tf	1211311411fffft	1 2 1 1 3 1 1 4 1 1 fffft
1111tf	1211311411ffftt	1 2 1 1 3 1 1 4 1 1 ffftt
1111tf	1211311413fffft	1 2 1 1 3 1 1 4 1 3 fffft
1111tf	1211311413ffftf	1 2 1 1 4 1 1 4 1 3 fffft
1111tf	1211311414fffft	1 2 1 1 3 1 1 4 1 4 fffft
1111tf	1211311421fffft	1 2 1 1 3 1 1 4 2 1 fffft
1111tf	1211311421ffftf	1 3 1 1 3 1 4 1 1 2 fffft
1111tf	1211311421ffftt	1 2 1 1 3 1 1 4 2 1 ffftt
1111tf	1211311421fftff	1 4 1 1 1 3 4 1 2 1 fffft
1111tf	1211311423fffft	1 2 1 1 3 1 1 4 2 3 fffft
1111tf	1211311423ffftf	1 2 1 1 4 1 2 4 1 3 fffft
1111tf	1211311423ffftt	1 2 1 1 3 1 1 4 2 3 ffftt
1111tf	1211311423fftff	1 4 1 1 1 3 4 2 2 1 fffft
1111tf	1211311424fffft	1 2 1 1 3 1 1 4 2 4 fffft
1111tf	1211311424ffftf	1 3 1 1 3 2 4 1 1 2 fffft
1111tf	1211311424ffftt	1 2 1 1 3 1 1 4 2 4 ffftt
1111tf	1211311424fftff	1 4 1 1 1 3 4 3 2 1 fffft
1111tf	1211311441fffft	1 2 1 1 3 1 1 4 4 1 fffft
1111tf	1211311443fffft	1 2 1 1 3 1 1 4 4 3 fffft
1111tf	1211311443ffftf	1 2 1 1 4 1 3 4 1 3 fffft
1111tf	1211312411fffft	1 2 1 1 3 1 2 4 1 1 fffft
1111tf	1211312411ffftt	1 2 1 1 3 1 2 4 1 1 ffftt
1111tf	1211312413fffft	1 2 1 1 3 1 2 4 1 3 fffft
1111tf	1211312413ffftf	1 2 1 1 4 1 1 4 2 3 fffft
1111tf	1211312413ffftt	1 2 1 1 3 1 2 4 1 3 ffftt
1111tf	1211312413fftff	1 4 1 1 1 3 4 2 3 1 fffft
1111tf	1211312414fffft	1 2 1 1 3 1 2 4 1 4 fffft
1111tf	1211312414ffftt	1 2 1 1 3 1 2 4 1 4 ffftt
1111tf	1211312421fffft	1 2 1 1 3 1 2 4 2 1 fffft
1111tf	1211312421ffftf	1 3 1 1 3 1 4 1 3 2 fffft
1111tf	1211312421ffftt	1 2 1 1 3 1 2 4 2 1 ffftt
1111tf	1211312421fftff	1 4 1 1 4 3 4 1 2 1 fffft
1111tf	1211312423fffft	1 2 1 1 3 1 2 4 2 3 fffft
1111tf	1211312423ffftf	1 2 1 1 4 1 2 4 2 3 fffft
1111tf	1211312424fffft	1 2 1 1 3 1 2 4 2 4 fffft
1111tf	1211312424ffftf	1 3 1 1 3 2 4 1 3 2 fffft
1111tf	1211312441fffft	1 2 1 1 3 1 2 4 4 1 fffft
1111tf	1211312443fffft	1 2 1 1 3 1 2 4 4 3 fffft
1111tf	1211312443ffftf	1 2 1 1 4 1 3 4 2 3 fffft
1111tf	1211312443fftff	1 4 1 1 2 3 4 2 3 1 fffft
1111tf	1211313411fffft	1 2 1 1 3 1 3 4 1 1 fffft
1111tf	1211313411ffftt	1 2 1 1 3 1 3 4 1 1 ffftt
1111tf	1211313414fffft	1 2 1 1 3 1 3 4 1 4 fffft
1111tf	1211313414ffftt	1 2 1 1 3 1 3 4 1 4 ffftt
1111tf	1211313441fffft	1 2 1 1 3 1 3 4 4 1 fffft
1111tf	1211314111fffft	1 2 1 1 3 1 4 1 1 1 fffft
1111tf	1211314111ffftt	1 2 1 1 3 1 4 1 1 1 ffftt
1111tf	1211314111fftft	1 3 1 1 4 1 2 1 1 1 ffftt
1111tf	1211314111ffttt	1 2 1 1 3 1 4 1 1 1 ffttt
1111tf	1211314113fffft	1 2 1 1 3 1 4 1 1 3 fffft
1111tf	1211314113ffftf	1 2 1 1 4 1 1 4 3 1 fffft
1111tf	1211314113fftft	1 3 1 1 4 1 2 1 1 2 ffftt
1111tf	1211314114fffft	1 2 1 1 3 1 4 1 1 4 fffft
1111tf	1211314114ffftt	1 2 1 1 3 1 4 1 1 4 ffftt
1111tf	1211314121fffft	1 2 1 1 3 1 4 1 2 1 fffft
1111tf	1211314121ffftf	1 3 1 1 3 1 4 1 2 1 fffft
1111tf	1211314121ffftt	1 2 1 1 3 1 4 1 2 1 ffftt
1111tf	1211314121fftff	1 4 1 1 3 1 4 1 2 1 fffft
1111tf	1211314121fftft	1 3 1 1 4 1 2 1 3 1 ffftt
1111tf	1211314121ffttf	1 3 1 1 3 1 4 1 2 1 ffftt
1111tf	1211314123fffft	1 2 1 1 3 1 4 1 2 3 fffft
1111tf	1211314123ffftf	1 2 1 1 4 1 2 4 3 1 fffft
1111tf	1211314123fftff	1 4 1 1 3 1 4 2 2 1 fffft
1111tf	1211314124fffft	1 2 1 1 3 1 4 1 2 4 fffft
1111tf	1211314124ffftf	1 3 1 1 3 2 4 1 2 1 fffft
1111tf	1211314124fftff	1 4 1 1 3 1 4 3 2 1 fffft
1111tf	1211314131fffft	1 2 1 1 3 1 4 1 3 1 fffft
1111tf	1211314131ffttf	1 3 1 1 4 1 4 1 2 1 ffftt
1111tf	1211314133fffft	1 2 1 1 3 1 4 1 3 3 fffft
1111tf	1211314133ffftf	1 2 1 1 4 1 4 4 3 1 fffft
1111tf	1211314133fftft	1 3 1 1 4 1 2 1 2 2 ffftt
1111tf	1211314141fffft	1 2 1 1 3 1 4 1 4 1 fffft
1111tf	1211314141fftft	1 3 1 1 4 1 2 1 4 1 ffftt
1111tf	1211314311fffft	1 2 1 1 3 1 4 3 1 1 fffft
1111tf	1211314311fftft	1 3 1 1 4 2 2 1 1 1 ffftt
1111tf	1211314314fffft	1 2 1 1 3 1 4 3 1 4 fffft
1111tf	1211314321fffft	1 2 1 1 3 1 4 3 2 1 fffft
1111tf	1211314321ffftf	1 3 1 1 3 1 4 1 2 4 fffft
1111tf	1211314321fftff	1 4 1 1 3 2 4 1 2 1 fffft
1111tf	1211314324fffft	1 2 1 1 3 1 4 3 2 4 fffft
1111tf	1211314324ffftf	1 3 1 1 3 2 4 1 2 4 fffft
1111tf	1211314324fftff	1 4 1 1 3 2 4 3 2 1 fffft
1111tf	1211314331fffft	1 2 1 1 3 1 4 3 3 1 fffft
1111tf	1211314411fffft	1 2 1 1 3 1 4 4 1 1 fffft
1111tf	1211314411ffftt	1 2 1 1 3 1 4 4 1 1 ffftt
1111tf	1211314413fffft	1 2 1 1 3 1 4 4 1 3 fffft
1111tf	1211314413ffftf	1 2 1 1 4 1 1 4 3 3 fffft
1111tf	1211314414fffft	1 2 1 1 3 1 4 4 1 4 fffft
1111tf	1211314414ffftt	1 2 1 1 3 1 4 4 1 4 ffftt
1111tf	1211314421fffft	1 2 1 1 3 1 4 4 2 1 fffft
1111tf	1211314421ffftf	1 3 1 1 3 1 4 1 2 2 fffft
1111tf	1211314421fftff	1 4 1 1 3 3 4 1 2 1 fffft
1111tf	1211314423fffft	1 2 1 1 3 1 4 4 2 3 fffft
1111tf	1211314423ffftf	1 2 1 1 4 1 2 4 3 3 fffft
1111tf	1211314423fftff	1 4 1 1 3 3 4 2 2 1 fffft
1111tf	1211331411fffft	1 2 1 1 3 3 1 4 1 1 fffft
1111tf	1211331421fffft	1 2 1 1 3 3 1 4 2 1 fffft
1111tf	1211331421ffftf	1 3 1 1 3 1 4 4 1 2 fffft
1111tf	1211331421fftff	1 4 1 1 1 3 4 1 2 2 fffft
1111tf	1211331441fffft	1 2 1 1 3 3 1 4 4 1 fffft
1111tf	1211332411fffft	1 2 1 1 3 3 2 4 1 1 fffft
1111tf	1211332441fffft	1 2 1 1 3 3 2 4 4 1 fffft
1111tf	1211334111fffft	1 2 1 1 3 3 4 1 1 1 fffft
1111tf	1211334111fftft	1 3 1 1 4 1 2 2 1 1 ffftt
1111tf	1211334113fffft	1 2 1 1 3 3 4 1 1 3 fffft
1111tf	1211334113ffftf	1 2 1 1 4 4 1 4 3 1 fffft
1111tf	1211334113fftft	1 3 1 1 4 1 2 2 1 2 ffftt
1111tf	1211334114fffft	1 2 1 1 3 3 4 1 1 4 fffft
1111tf	1211334121fffft	1 2 1 1 3 3 4 1 2 1 fffft
1111tf	1211334121ffftf	1 3 1 1 3 1 4 4 2 1 fffft
1111tf	1211334121fftff	1 4 1 1 3 1 4 1 2 2 fffft
1111tf	1211334124fffft	1 2 1 1 3 3 4 1 2 4 fffft
1111tf	1211334124ffftf	1 3 1 1 3 2 4 4 2 1 fffft
1111tf	1211334124fftff	1 4 1 1 3 1 4 3 2 2 fffft
1111tf	1211334131fffft	1 2 1 1 3 3 4 1 3 1 fffft
1111tf	1211334131ffftf	1 2 1 1 4 4 4 1 3 1 fffft
1111tf	1211334131fftft	1 3 1 1 4 1 2 2 2 1 ffftt
1111tf	1211334133fffft	1 2 1 1 3 3 4 1 3 3 fffft
1111tf	1211334411fffft	1 2 1 1 3 3 4 4 1 1 fffft
1111tf	1211334421fffft	1 2 1 1 3 3 4 4 2 1 fffft
1111tf	1211334421ffftf	1 3 1 1 3 1 4 4 2 2 fffft
1111tf	1211334421fftff	1 4 1 1 3 3 4 1 2 2 fffft
1111tf	1211341113ffftf	1 2 1 1 4 3 1 4 1 1 fffft
1111tf	1211341121ffftf	1 3 1 1 3 1 4 2 1 1 fffft
1111tf	1211341121ffftt	1 2 1 1 3 4 1 1 2 1 ffftt
1111tf	1211341123ffftf	1 2 1 1 4 3 2 4 1 1 fffft
1111tf	1211341143ffftf	1 2 1 1 4 3 3 4 1 1 fffft
1111tf	1211341321ffftf	1 3 1 1 3 1 4 2 1 4 fffft
1111tf	1211341411fffft	1 2 1 1 3 4 1 4 1 1 fffft
1111tf	1211341411ffftt	1 2 1 1 3 4 1 4 1 1 ffftt
1111tf	1211341441fffft	1 2 1 1 3 4 1 4 4 1 fffft
1111tf	1211342111fffft	1 3 1 1 3 1 2 4 1 1 fffft
1111tf	1211342111ffftt	1 2 1 1 3 4 2 1 1 1 ffftt
1111tf	1211342113fffft	1 3 1 1 3 1 2 4 1 2 fffft
1111tf	1211342113ffftf	1 2 1 1 4 3 1 4 2 1 fffft
1111tf	1211342113fftff	1 4 1 1 1 3 4 1 3 2 fffft
1111tf	1211342121fffft	1 3 1 1 3 1 2 4 3 1 fffft
1111tf	1211342121ffftf	1 3 1 1 3 1 4 2 3 1 fffft
1111tf	1211342141fffft	1 3 1 1 3 1 2 4 4 1 fffft
1111tf	1211342143fffft	1 3 1 1 3 1 2 4 4 2 fffft
1111tf	1211342143ffftf	1 2 1 1 4 3 3 4 2 1 fffft
1111tf	1211342143fftff	1 4 1 1 2 3 4 1 3 2 fffft
1111tf	1211342311fffft	1 3 1 1 3 2 2 4 1 1 fffft
1111tf	1211342341fffft	1 3 1 1 3 2 2 4 4 1 fffft
1111tf	1211342411ffftt	1 2 1 1 3 4 2 4 1 1 ffftt
1111tf	1211343111ffftt	1 2 1 1 3 4 3 1 1 1 ffftt
1111tf	1211343411ffftt	1 2 1 1 3 4 3 4 1 1 ffftt
1111tf	1211344111fffft	1 2 1 1 3 4 4 1 1 1 fffft
1111tf	1211344111ffftt	1 2 1 1 3 4 4 1 1 1 ffftt
1111tf	1211344113fffft	1 2 1 1 3 4 4 1 1 3 fffft
1111tf	1211344113ffftf	1 2 1 1 4 3 1 4 3 1 fffft
1111tf	1211344121fffft	1 2 1 1 3 4 4 1 2 1 fffft
1111tf	1211344121ffftf	1 3 1 1 3 1 4 2 2 1 fffft
1111tf	1211344121fftff	1 4 1 1 3 1 4 1 2 3 fffft
1111tf	1211344123fffft	1 2 1 1 3 4 4 1 2 3 fffft
1111tf	1211344123ffftf	1 2 1 1 4 3 2 4 3 1 fffft
1111tf	1211344123fftff	1 4 1 1 3 1 4 2 2 3 fffft
1111tf	1211344311fffft	1 2 1 1 3 4 4 3 1 1 fffft
1111tf	1211344321fffft	1 2 1 1 3 4 4 3 2 1 fffft
1111tf	1211344321ffftf	1 3 1 1 3 1 4 2 2 4 fffft
1111tf	1211344321fftff	1 4 1 1 3 2 4 1 2 3 fffft
1111tf	1211344411fffft	1 2 1 1 3 4 4 4 1 1 fffft
1111tf	1211344411ffftt	1 2 1 1 3 4 4 4 1 1 ffftt
1111tf	1221334444ffftf	1 3 3 1 2 2 4 4 2 2 fffft
1111tf	1221343333fffft	1 3 3 1 2 2 2 4 2 2 fffft
1111tf	1221343343fffft	1 3 3 1 2 2 2 4 4 2 fffft
1111tf	1221344344ffftf	1 3 3 1 2 2 4 2 2 4 fffft
1111tf	1221344444ffftf	1 3 3 1 2 2 4 2 2 2 fffft
1111tf	1223314444ffftf	2 3 1 1 3 4 4 2 1 1 fffft
1111tf	1223343323fffft	1 3 3 2 2 2 2 4 3 2 fffft
1111tf	1223343331fffft	1 3 3 2 2 2 2 4 2 1 fffft
1111tf	1223343331fftff	1 4 4 2 2 2 2 1 2 3 fffft
1111tf	1223343331ftfff	4 1 2 3 2 2 2 4 1 2 fffft
1111tf	1223343333fffft	1 3 3 2 2 2 2 4 2 2 fffft
1111tf	1223343333ftfft	3 1 2 4 2 2 1 2 2 2 ffftt
1111tf	1223343341fffft	1 3 3 2 2 2 2 4 4 1 fffft
1111tf	1223343341fftff	1 4 4 2 2 2 3 1 2 3 fffft
1111tf	1223343341ftfff	4 1 2 3 2 2 3 4 1 2 fffft
1111tf	1223343343fffft	1 3 3 2 2 2 2 4 4 2 fffft
1111tf	1223344144ffftf	2 3 1 1 3 4 4 1 1 2 fffft
1111tf	1223344144fftff	1 4 4 2 3 1 3 3 2 3 fffft
1111tf	1223344144ftfff	4 1 3 2 2 2 2 4 1 3 fffft
1111tf	1223344444ffftf	2 3 1 1 3 4 4 1 1 1 fffft
1111tf	1223413333fffft	1 3 3 2 2 2 4 1 2 2 fffft
1111tf	1223413334fffft	1 3 3 2 2 2 4 1 2 4 fffft
1111tf	1223433331fffft	1 3 3 2 2 2 4 2 2 1 fffft
1111tf	1223433331fftff	1 4 4 2 2 2 2 1 3 2 fffft
1111tf	1223433331ftfff	4 1 3 2 2 2 2 4 1 2 fffft
1111tf	1223433333fffft	1 3 3 2 2 2 4 2 2 2 fffft
1111tf	1223433334fffft	1 3 3 2 2 2 4 2 2 4 fffft
1111tf	1223442444fftff	1 4 4 2 4 3 3 3 3 3 fffft
1111tf	1223443144fftff	1 4 4 2 2 1 3 3 3 3 fffft
1111tf	1223443331fffft	1 3 3 2 2 2 4 4 2 1 fffft
1111tf	1223443331fftff	1 4 4 2 2 2 2 1 3 3 fffft
1111tf	1223443331ftfff	4 1 3 3 2 2 2 4 1 2 fffft
1111tf	1223443333fffft	1 3 3 2 2 2 4 4 2 2 fffft
1111tf	1223444144fftff	1 4 4 2 3 1 3 3 3 3 fffft
1111tf	1231234444ffftf	2 3 1 1 4 2 3 4 1 1 fffft
1111tf	1231432444ffftf	2 3 1 1 4 2 1 4 3 1 fffft
1111tf	1231432444fftff	1 4 3 1 2 2 4 2 2 3 fffft
1111tf	1231434444ffftf	2 3 1 1 4 2 1 4 1 1 fffft
1111tf	1231442344fftff	1 4 3 1 2 2 4 3 2 2 fffft
1111tf	1231442444fftff	1 4 3 1 2 2 4 2 2 2 fffft
1111tf	1233343321ftfff	4 1 2 3 2 2 1 4 2 2 fffft
1111tf	1233343323ftfft	3 1 2 4 2 2 2 2 1 2 ffftt
1111tf	1233343331ftfff	4 1 2 3 2 2 2 4 2 2 fffft
1111tf	1233343341ftfff	4 1 2 3 2 2 3 4 2 2 fffft
1111tf	1233344444ffftf	2 3 1 1 4 4 4 1 1 1 fffft
1111tf	1233433321ftfff	4 1 3 2 2 2 1 4 2 2 fffft
1111tf	1233433331ftfff	4 1 3 2 2 2 2 4 2 2 fffft
1111tf	1233433341ftfff	4 1 3 2 2 2 3 4 2 2 fffft
1111tf	1233434444ffftf	2 3 1 1 4 4 1 4 1 1 fffft
1111tf	1233442144fftff	1 4 3 3 2 2 4 1 2 2 fffft
1111tf	1233442444fftff	1 4 3 3 2 2 4 2 2 2 fffft
1111tf	1234343333ftfft	3 1 2 4 2 2 2 4 2 2 ffftt
1111tf	1234432144ffftf	2 3 1 1 4 1 1 4 3 2 fffft
1111tf	1234432144fftff	1 4 3 2 2 2 4 1 2 3 fffft
1111tf	1234432444ffftf	2 3 1 1 4 1 1 4 3 1 fffft
1111tf	1234432444fftff	1 4 3 2 2 2 4 2 2 3 fffft
1111tf	1234433321fffft	2 3 1 1 1 4 4 1 3 2 fffft
1111tf	1234433321fftff	1 4 2 3 2 2 4 1 3 2 fffft
1111tf	1234433323fffft	2 3 1 1 1 4 4 1 3 1 fffft
1111tf	1234433323fftff	1 4 2 3 2 2 4 2 3 2 fffft
1111tf	1234433333fffft	2 3 1 1 1 4 4 1 1 1 fffft
1111tf	1234434444ffftf	2 3 1 1 4 1 1 4 1 1 fffft
