012101tff	1211233441fffft	0 3 2 1 0 1 4 5 0 5 6 7 0 7 8 1 0 1 ffffffftt
012101tff	1211234134ffftf	0 4 2 1 0 1 0 6 5 7 0 7 8 6 3 1 0 1 ffffffftt
012101tff	1211234431fffft	0 3 2 1 0 1 4 5 0 5 8 7 0 7 6 1 0 1 ffffffftt
012101tff	1211312443fftff	0 7 2 1 0 1 0 4 5 6 0 6 8 4 3 1 0 1 ffffffftt
012101tff	1211314324fftff	0 7 3 1 5 2 0 1 0 2 0 6 8 6 4 1 0 1 ffffffftt
012101tff	1211314423fftff	0 7 2 1 0 1 0 4 3 6 0 6 8 4 5 1 0 1 ffffffftt
012101tff	1211332441fffft	0 3 2 1 0 1 6 5 0 5 4 7 0 7 8 1 0 1 ffffffftt
012101tff	1211334124ffftf	0 5 2 1 0 1 0 4 6 4 8 7 0 7 3 1 0 1 ffffffftt
012101tff	1211334421fffft	0 3 2 1 0 1 6 5 0 5 8 7 0 7 4 1 0 1 ffffffftt
012101tff	1211342143ffftf	0 4 2 1 0 1 0 5 8 5 6 7 0 7 3 1 0 1 ffffffftt
012101tff	1211342341fffft	0 5 2 1 0 1 0 4 6 4 3 7 0 7 8 1 0 1 ffffffftt
012101tff	1211344123ffftf	0 4 2 1 0 1 0 5 8 5 3 7 0 7 6 1 0 1 ffffffftt
012101tff	1211344321fffft	0 4 2 1 0 1 0 6 3 7 0 7 8 6 5 1 0 1 ffffffftt
