0102324121tffff	12113321ffft	0 5 0 2 3 2 4 1 2 1 0 10 11 10 12 9 10 9 0 2 7 2 8 1 6 1 ffffffffftttt
0102324122tffff	12113321ffft	0 5 0 2 4 2 2 2 3 1 0 10 11 10 10 10 12 9 0 2 8 2 7 1 6 2 ffffffffftttt
0102324221tffff	12113321ffft	0 5 0 2 3 2 4 2 2 1 0 10 11 10 12 10 10 9 0 2 7 2 8 2 6 1 ffffffffftttt
0121310444tffff	12113123fftf	0 9 3 1 2 2 4 1 0 2 0 8 11 6 12 6 10 8 7 1 8 2 5 1 0 2 ffffffffftttt
0121310444tffff	12113321ffft	0 5 3 1 2 2 4 1 0 2 11 9 12 9 10 10 0 10 6 1 7 2 8 1 0 2 ffffffffftttt
0121314101tffff	12112331ffft	0 5 2 1 3 1 4 1 0 1 6 9 7 9 8 9 0 9 10 1 11 1 12 1 0 1 ffffffffftttt
0121314101tffff	12113123fftf	0 9 2 1 3 1 4 1 0 1 0 6 10 6 11 6 12 6 7 1 8 1 5 1 0 1 ffffffffftttt
0121314101tffff	12113321ffft	0 5 2 1 3 1 4 1 0 1 10 9 11 9 12 9 0 9 6 1 7 1 8 1 0 1 ffffffffftttt
0121340144tffff	12113321ffft	0 5 3 1 2 2 4 2 0 1 11 9 12 10 10 10 0 9 6 1 7 2 8 2 0 1 ffffffffftttt
0121340444tffff	12113321ffft	0 5 3 1 2 2 4 2 0 2 11 9 12 10 10 10 0 10 6 1 7 2 8 2 0 2 ffffffffftttt
0123413301tffff	12113123fftf	0 9 3 2 2 2 4 1 0 1 0 6 11 8 12 6 10 8 7 2 8 2 5 1 0 1 ffffffffftttt
0123413301tffff	12113321ffft	0 5 3 2 2 2 4 1 0 1 11 10 12 9 10 10 0 9 6 2 7 2 8 1 0 1 ffffffffftttt
0123413303tffff	12113123fftf	0 9 3 2 2 2 4 1 0 2 0 8 11 8 12 6 10 8 7 2 8 2 5 1 0 2 ffffffffftttt
0123433301tffff	12113321ffft	0 5 3 2 2 2 4 2 0 1 11 10 12 10 10 10 0 9 6 2 7 2 8 2 0 1 ffffffffftttt
