0102324121tffff	1211332441fffft	0 5 0 2 3 2 4 1 2 1 0 10 11 10 12 9 10 9 0 15 7 15 8 16 6 16 15 1 13 1 14 2 0 2 ffffffffffffftttt
0102324121tffff	1211342143ffftf	0 5 0 2 3 2 4 1 2 1 0 11 15 11 16 12 14 12 11 13 9 13 10 14 0 14 0 2 7 2 8 1 6 1 ffffffffffffftttt
0102324122tffff	1211332441fffft	0 5 0 2 4 2 2 2 3 1 0 10 12 10 11 9 10 10 0 14 7 14 6 14 8 16 14 2 15 2 13 1 0 2 ffffffffffffftttt
0102324122tffff	1211342143ffftf	0 5 0 2 4 2 2 2 3 1 0 10 15 10 14 10 16 12 10 14 11 14 9 13 0 14 0 2 8 2 7 1 6 2 ffffffffffffftttt
0102324221tffff	1211332441fffft	0 5 0 2 3 2 4 2 2 1 0 10 11 10 10 9 12 10 0 14 8 14 7 14 6 16 14 1 15 2 13 2 0 2 ffffffffffffftttt
0102324221tffff	1211342143ffftf	0 5 0 2 3 2 4 2 2 1 0 10 16 10 15 10 14 12 10 13 11 14 9 14 0 14 0 2 7 2 6 1 8 2 ffffffffffffftttt
0102342144tffff	1211334124ffftf	0 9 11 1 12 1 10 8 0 5 7 6 6 6 5 4 0 2 0 14 15 16 16 16 14 13 0 5 3 6 2 4 1 6 ffffffffffffftttt
0102342144tffff	1211334421fffft	0 5 0 2 4 3 3 3 2 1 0 10 12 11 11 11 10 9 0 16 14 13 13 13 16 15 7 3 6 1 0 2 8 3 ffffffffffffftttt
0102342144tffff	1211344123ffftf	0 5 0 2 4 3 3 3 2 1 0 10 15 9 16 9 14 12 7 16 8 16 6 13 0 14 0 2 11 3 10 1 9 3 ffffffffffffftttt
0102342144tffff	1211344321fffft	0 6 0 2 4 3 3 3 2 1 0 10 0 14 12 13 10 16 11 13 15 11 13 11 14 5 9 3 8 3 7 1 0 2 ffffffffffffftttt
0121034133tffff	1211314324fftff	0 13 5 1 3 1 2 2 9 4 0 2 0 7 10 4 11 7 0 11 14 11 15 12 16 12 6 1 8 1 7 2 0 2 ffffffffffffftttt
0121034133tffff	1211314423fftff	0 13 4 1 3 1 2 2 0 2 0 8 5 11 0 12 10 11 12 12 14 8 16 6 15 6 7 1 9 1 8 2 0 2 ffffffffffffftttt
0121034133tffff	1211334124ffftf	0 9 10 2 11 8 6 3 5 3 4 4 0 4 0 2 12 8 14 13 16 13 15 15 0 15 7 3 0 4 1 3 2 4 ffffffffffffftttt
0121034133tffff	1211334421fffft	0 5 4 1 3 1 2 2 0 2 12 9 0 10 11 9 10 10 16 15 13 15 14 14 0 14 7 2 8 1 6 1 0 2 ffffffffffffftttt
0121034133tffff	1211344123ffftf	0 6 4 1 3 1 2 2 0 2 0 10 16 11 15 11 14 10 7 14 8 13 5 13 0 14 12 1 9 1 10 2 0 2 ffffffffffffftttt
0121034133tffff	1211344321fffft	0 6 4 1 3 1 2 2 0 2 0 11 5 15 0 14 12 15 11 14 16 10 13 10 14 11 8 2 9 1 7 1 0 2 ffffffffffffftttt
0121310444tffff	1211312443fftff	0 13 1 12 3 10 9 10 6 4 5 5 7 4 0 5 0 1 0 12 15 2 16 2 14 1 11 4 12 5 8 4 0 5 ffffffffffffftttt
0121310444tffff	1211314324fftff	0 13 3 1 2 2 5 1 9 7 0 2 0 8 12 7 10 8 0 10 15 10 14 11 16 11 4 1 6 1 8 2 0 2 ffffffffffffftttt
0121310444tffff	1211314423fftff	0 13 3 1 2 2 4 1 0 2 0 7 12 11 10 10 5 11 0 10 15 7 14 6 16 6 8 1 9 1 7 2 0 2 ffffffffffffftttt
0121310444tffff	1211332441fffft	0 5 3 1 2 2 4 1 0 2 11 9 12 9 10 10 0 10 6 14 7 13 8 14 0 13 13 2 15 1 16 1 0 2 ffffffffffffftttt
0121310444tffff	1211334124ffftf	0 9 11 1 10 2 5 3 4 4 6 3 0 4 0 1 12 2 14 13 15 13 16 16 0 16 8 3 7 3 0 4 1 4 ffffffffffffftttt
0121310444tffff	1211334421fffft	0 5 3 1 2 2 4 1 0 2 10 9 11 11 12 9 0 11 15 14 16 14 13 13 0 13 6 2 7 1 8 1 0 2 ffffffffffffftttt
0121310444tffff	1211342143ffftf	0 6 3 1 2 2 4 1 0 2 0 9 15 10 16 10 14 9 9 14 11 13 12 13 0 14 7 1 8 2 5 1 0 2 ffffffffffffftttt
0121310444tffff	1211342341fffft	0 9 3 1 2 2 4 1 0 2 0 8 11 6 12 6 10 8 7 14 8 13 5 14 0 13 13 2 15 1 16 1 0 2 ffffffffffffftttt
0121310444tffff	1211344123ffftf	0 6 3 1 2 2 4 1 0 2 0 9 14 10 15 9 16 10 7 15 8 13 5 13 0 15 11 1 12 1 9 2 0 2 ffffffffffffftttt
0121310444tffff	1211344321fffft	0 6 3 1 2 2 4 1 0 2 0 11 12 14 11 13 5 14 0 13 15 10 13 11 16 10 7 2 8 1 9 1 0 2 ffffffffffffftttt
0121314101tffff	1211233441fffft	0 5 2 1 3 1 4 1 0 1 6 9 7 9 8 9 0 9 10 14 11 14 12 14 0 14 0 1 15 1 16 1 13 1 ffffffffffffftttt
0121314101tffff	1211234134ffftf	0 6 0 10 3 2 4 2 5 2 0 2 7 13 8 13 9 13 0 13 14 10 15 10 16 10 11 2 12 2 1 2 0 2 ffffffffffffftttt
0121314101tffff	1211234431fffft	0 5 2 1 3 1 4 1 0 1 6 9 7 9 8 9 0 9 15 14 16 14 13 14 0 14 0 1 10 1 11 1 12 1 ffffffffffffftttt
0121314101tffff	1211312443fftff	0 13 0 10 3 2 4 2 5 2 0 2 0 7 8 10 9 10 1 10 14 7 15 7 16 7 11 2 12 2 6 2 0 2 ffffffffffffftttt
0121314101tffff	1211314324fftff	0 13 0 10 3 2 4 2 6 2 1 8 0 2 0 8 11 8 12 8 14 10 15 10 16 10 9 2 5 2 7 2 0 2 ffffffffffffftttt
0121314101tffff	1211314423fftff	0 13 0 6 0 3 4 3 5 3 2 3 11 10 12 10 1 10 0 10 14 6 15 6 16 6 7 3 8 3 9 3 0 3 ffffffffffffftttt
0121314101tffff	1211332441fffft	0 5 2 1 3 1 4 1 0 1 10 9 11 9 12 9 0 9 6 14 7 14 8 14 0 14 0 1 15 1 16 1 13 1 ffffffffffffftttt
0121314101tffff	1211334124ffftf	0 9 0 6 3 2 4 2 5 2 0 2 10 6 11 6 12 6 14 13 15 13 16 13 0 13 7 2 8 2 1 2 0 2 ffffffffffffftttt
0121314101tffff	1211334421fffft	0 5 2 1 3 1 4 1 0 1 10 9 11 9 12 9 0 9 15 14 16 14 13 14 0 14 0 1 6 1 7 1 8 1 ffffffffffffftttt
0121314101tffff	1211342143ffftf	0 6 2 1 3 1 4 1 0 1 0 10 14 10 15 10 16 10 0 13 11 13 12 13 9 13 7 1 8 1 5 1 0 1 ffffffffffffftttt
0121314101tffff	1211342341fffft	0 9 2 1 3 1 4 1 0 1 0 6 10 6 11 6 12 6 7 14 8 14 5 14 0 14 0 1 15 1 16 1 13 1 ffffffffffffftttt
0121314101tffff	1211344123ffftf	0 6 2 1 3 1 4 1 0 1 0 11 14 11 15 11 16 11 0 13 5 13 7 13 8 13 12 1 10 1 9 1 0 1 ffffffffffffftttt
0121314101tffff	1211344321fffft	0 6 2 1 3 1 4 1 0 1 0 10 11 14 12 14 5 14 0 14 15 10 16 10 13 10 0 1 7 1 8 1 9 1 ffffffffffffftttt
0121340144tffff	1211314324fftff	0 13 3 1 2 2 5 2 9 8 0 1 0 7 12 7 10 8 0 11 15 10 14 11 16 10 4 1 6 2 8 2 0 1 ffffffffffffftttt
0121340144tffff	1211314423fftff	0 13 3 1 2 2 4 2 0 1 0 6 12 11 10 10 5 10 0 11 15 7 14 6 16 7 8 1 9 2 7 2 0 1 ffffffffffffftttt
0121340144tffff	1211332441fffft	0 5 3 1 2 2 4 2 0 1 11 9 12 10 10 10 0 9 6 14 7 13 8 13 0 14 13 2 15 1 16 2 0 1 ffffffffffffftttt
0121340144tffff	1211334124ffftf	0 9 11 1 10 2 5 3 4 4 6 4 0 3 0 2 12 1 14 13 15 16 16 16 0 13 8 3 7 4 0 3 1 4 ffffffffffffftttt
0121340144tffff	1211334421fffft	0 5 3 1 2 2 4 2 0 1 10 9 11 11 12 11 0 9 15 14 16 13 13 13 0 14 6 2 7 1 8 2 0 1 ffffffffffffftttt
0121340144tffff	1211342143ffftf	0 6 3 1 2 2 4 2 0 1 0 10 15 10 16 9 14 9 9 14 11 13 12 14 0 13 7 1 8 2 5 2 0 1 ffffffffffffftttt
0121340144tffff	1211344123ffftf	0 6 3 1 2 2 4 2 0 1 0 10 14 10 15 9 16 9 7 15 8 13 5 15 0 13 11 1 12 2 9 2 0 1 ffffffffffffftttt
0121340144tffff	1211344321fffft	0 6 3 1 2 2 4 2 0 1 0 10 12 14 11 13 5 13 0 14 15 10 13 11 16 11 7 2 8 1 9 2 0 1 ffffffffffffftttt
0121340444tffff	1211332441fffft	0 5 3 1 2 2 4 2 0 2 11 9 12 10 10 10 0 10 6 14 7 13 8 13 0 13 13 2 15 1 16 2 0 2 ffffffffffffftttt
0121340444tffff	1211334421fffft	0 5 3 1 2 2 4 2 0 2 10 9 11 11 12 11 0 11 15 14 16 13 13 13 0 13 6 2 7 1 8 2 0 2 ffffffffffffftttt
0121340444tffff	1211342143ffftf	0 6 3 1 2 2 4 2 0 2 0 9 15 10 16 9 14 9 9 14 11 13 12 14 0 14 7 1 8 2 5 2 0 2 ffffffffffffftttt
0121340444tffff	1211344123ffftf	0 6 3 1 2 2 4 2 0 2 0 9 14 10 15 9 16 9 7 15 8 13 5 15 0 15 11 1 12 2 9 2 0 2 ffffffffffffftttt
0123014331tffff	1211314324fftff	0 13 5 2 3 2 2 1 9 7 0 1 0 4 10 7 11 4 0 12 14 12 15 11 16 11 6 2 8 2 7 1 0 1 ffffffffffffftttt
0123014331tffff	1211314423fftff	0 13 4 2 3 2 2 1 0 1 0 6 5 12 0 11 10 12 12 11 14 6 16 8 15 8 7 2 9 2 8 1 0 1 ffffffffffffftttt
0123014331tffff	1211334124ffftf	0 9 10 8 11 2 6 4 5 4 4 3 0 3 0 8 12 2 14 15 16 15 15 13 0 13 7 4 0 3 1 4 2 3 ffffffffffffftttt
0123014331tffff	1211334421fffft	0 5 4 2 3 2 2 1 0 1 12 10 0 9 11 10 10 9 16 14 13 14 14 15 0 15 7 1 8 2 6 2 0 1 ffffffffffffftttt
0123014331tffff	1211344123ffftf	0 6 4 2 3 2 2 1 0 1 0 11 16 10 15 10 14 11 7 13 8 14 5 14 0 13 12 2 9 2 10 1 0 1 ffffffffffffftttt
0123014331tffff	1211344321fffft	0 6 4 2 3 2 2 1 0 1 0 10 5 14 0 15 12 14 11 15 16 11 13 11 14 10 8 1 9 2 7 2 0 1 ffffffffffffftttt
0123413301tffff	1211312443fftff	0 13 0 10 4 3 3 3 5 2 0 2 0 7 9 12 8 12 1 10 15 8 16 7 14 8 11 3 12 3 6 2 0 2 ffffffffffffftttt
0123413301tffff	1211314324fftff	0 13 0 10 4 3 3 3 6 2 1 8 0 2 0 8 12 9 11 9 14 11 15 11 16 10 5 3 7 2 9 3 0 2 ffffffffffffftttt
0123413301tffff	1211314423fftff	0 13 0 6 0 3 5 4 4 4 2 3 12 11 11 11 1 10 0 10 14 7 15 7 16 6 8 4 9 3 7 4 0 3 ffffffffffffftttt
0123413301tffff	1211332441fffft	0 5 3 2 2 2 4 1 0 1 11 10 12 9 10 10 0 9 6 15 7 15 8 14 0 14 0 1 16 2 15 2 13 1 ffffffffffffftttt
0123413301tffff	1211334124ffftf	0 9 0 6 4 3 3 3 5 2 0 2 10 7 11 7 12 6 14 15 16 13 15 15 0 13 8 3 1 2 7 3 0 2 ffffffffffffftttt
0123413301tffff	1211334421fffft	0 5 3 2 2 2 4 1 0 1 10 11 11 11 12 9 0 9 15 16 13 14 16 16 0 14 0 1 7 2 8 1 6 2 ffffffffffffftttt
0123413301tffff	1211342143ffftf	0 6 3 2 2 2 4 1 0 1 0 10 15 11 16 10 14 11 0 13 12 14 11 14 9 13 7 2 8 2 5 1 0 1 ffffffffffffftttt
0123413301tffff	1211342341fffft	0 9 3 2 2 2 4 1 0 1 0 6 11 8 12 6 10 8 7 15 8 15 5 14 0 14 0 1 16 2 15 2 13 1 ffffffffffffftttt
0123413301tffff	1211344123ffftf	0 6 3 2 2 2 4 1 0 1 0 11 14 12 15 12 16 11 0 13 5 13 8 15 7 15 10 2 9 1 12 2 0 1 ffffffffffffftttt
0123413301tffff	1211344321fffft	0 6 3 2 2 2 4 1 0 1 0 10 12 16 11 16 5 14 0 14 15 11 16 11 13 10 0 1 8 2 9 1 7 2 ffffffffffffftttt
0123413303tffff	1211312443fftff	0 13 0 12 4 3 3 3 5 2 0 3 0 8 9 12 8 12 1 10 15 8 16 7 14 8 11 3 12 3 6 2 0 3 ffffffffffffftttt
0123413303tffff	1211314324fftff	0 13 0 11 4 3 3 3 6 2 1 8 0 3 0 9 12 9 11 9 14 11 15 11 16 10 5 3 7 2 9 3 0 3 ffffffffffffftttt
0123413303tffff	1211334421fffft	0 5 3 2 2 2 4 1 0 2 10 11 11 11 12 9 0 11 15 16 13 14 16 16 0 16 0 2 7 2 8 1 6 2 ffffffffffffftttt
0123413303tffff	1211342341fffft	0 9 3 2 2 2 4 1 0 2 0 8 11 8 12 6 10 8 7 15 8 15 5 14 0 15 0 2 16 2 15 2 13 1 ffffffffffffftttt
0123433301tffff	1211314324fftff	0 13 0 10 4 3 3 3 6 3 1 9 0 2 0 8 12 9 11 9 14 11 15 11 16 11 5 3 7 3 9 3 0 2 ffffffffffffftttt
0123433301tffff	1211332441fffft	0 5 3 2 2 2 4 2 0 1 11 10 12 10 10 10 0 9 6 15 7 15 8 15 0 14 0 1 16 2 15 2 13 2 ffffffffffffftttt
0123433301tffff	1211342143ffftf	0 6 3 2 2 2 4 2 0 1 0 10 15 11 16 11 14 11 0 13 12 14 11 14 9 14 7 2 8 2 5 2 0 1 ffffffffffffftttt
0123433301tffff	1211344123ffftf	0 6 3 2 2 2 4 2 0 1 0 11 14 12 15 12 16 12 0 13 5 15 8 15 7 15 10 2 9 2 12 2 0 1 ffffffffffffftttt
