1111tf	01020303ffft	0 1 0 2 0 3 0 3 ffft
1111tf	01020313ffft	0 1 0 2 0 3 1 3 ffft
1111tf	01020313fftt	0 1 0 2 0 3 1 3 fftt
1111tf	01020313fttt	0 1 0 2 0 3 1 3 fttt
1111tf	01020323ffft	0 1 0 2 0 3 2 3 ffft
1111tf	01020323fftt	0 1 0 2 0 3 2 3 fftt
1111tf	01020323fttt	0 1 0 2 0 3 2 3 fttt
1111tf	01020333ffft	0 1 0 2 0 3 3 3 ffft
1111tf	01020333fftt	0 1 0 2 0 3 3 3 fftt
1111tf	01020333fttt	0 1 0 2 0 3 3 3 fttt
1111tf	01021313ffft	0 1 0 2 1 3 1 3 ffft
1111tf	01021323ffft	0 1 0 2 1 3 2 3 ffft
1111tf	01021323fftt	0 1 0 2 1 3 2 3 fftt
1111tf	01021323fttt	0 1 0 2 1 3 2 3 fttt
1111tf	01021333ffft	0 1 0 2 1 3 3 3 ffft
1111tf	01021333fftt	0 1 0 2 1 3 3 3 fftt
1111tf	01021333fttt	0 1 0 2 1 3 3 3 fttt
1111tf	01022323ffft	0 1 0 2 2 3 2 3 ffft
1111tf	01022333ffft	0 1 0 2 2 3 3 3 ffft
1111tf	01023201ffft	0 1 0 2 3 2 0 1 ffft
1111tf	01023201fftt	0 1 0 2 3 2 0 1 fftt
1111tf	01023201fttt	0 1 0 3 0 1 2 3 fttt
1111tf	01023202ffft	0 1 0 2 3 2 0 2 ffft
1111tf	01023202fftt	0 1 0 2 3 2 0 2 fftt
1111tf	01023211ffft	0 1 0 2 3 2 1 1 ffft
1111tf	01023211fftf	0 2 2 2 0 3 1 3 ffft
1111tf	01023211fftt	0 1 0 2 3 2 1 1 fftt
1111tf	01023211fttf	0 2 2 2 0 3 1 3 fftt
1111tf	01023211fttt	0 1 0 2 3 2 1 1 fttt
1111tf	01023212ffft	0 1 0 2 3 2 1 2 ffft
1111tf	01023212fftf	0 1 0 3 1 3 2 3 ffft
1111tf	01023212fftt	0 1 0 2 3 2 1 2 fftt
1111tf	01023212fttf	0 2 2 3 0 3 1 3 fftt
1111tf	01023212fttt	0 1 0 2 3 2 1 2 fttt
1111tf	01023221ffft	0 1 0 2 3 2 2 1 ffft
1111tf	01023221fftf	0 1 0 3 3 1 2 3 ffft
1111tf	01023221fftt	0 1 0 2 3 2 2 1 fftt
1111tf	01023221fttf	0 2 3 2 0 3 1 3 fftt
1111tf	01023221fttt	0 1 0 2 3 2 2 1 fttt
1111tf	01023222ffft	0 1 0 2 3 2 2 2 ffft
1111tf	01023222fftf	0 1 0 3 3 3 2 3 ffft
1111tf	01023222fttf	0 2 3 3 0 3 1 3 fftt
1111tf	01023231ffft	0 1 0 2 3 2 3 1 ffft
1111tf	01023231fftt	0 1 0 2 3 2 3 1 fftt
1111tf	01023231fttt	0 1 0 2 3 2 3 1 fttt
1111tf	01023232ffft	0 1 0 2 3 2 3 2 ffft
1111tf	01023232fftf	0 1 0 3 2 3 2 3 ffft
1111tf	01023233ffft	0 1 0 2 3 2 3 3 ffft
1111tf	01023333ffft	0 1 0 2 3 3 3 3 ffft
1111tf	01121313ffft	0 1 1 2 1 3 1 3 ffft
1111tf	01121323ffft	0 1 1 2 1 3 2 3 ffft
1111tf	01121323fftt	0 1 1 2 1 3 2 3 fftt
1111tf	01121333ffft	0 1 1 2 1 3 3 3 ffft
1111tf	01121333fftt	0 1 1 2 1 3 3 3 fftt
1111tf	01122323ffft	0 1 1 2 2 3 2 3 ffft
1111tf	01122333ffft	0 1 1 2 2 3 3 3 ffft
1111tf	01123212ffft	0 1 1 2 3 2 1 2 ffft
1111tf	01123212fftt	0 1 1 2 3 2 1 2 fftt
1111tf	01123222ffft	0 1 1 2 3 2 2 2 ffft
1111tf	01123222fftf	0 1 1 3 3 3 2 3 ffft
1111tf	01123232ffft	0 1 1 2 3 2 3 2 ffft
1111tf	01123233ffft	0 1 1 2 3 2 3 3 ffft
1111tf	01123333ffft	0 1 1 2 3 3 3 3 ffft
1111tf	01210321ffft	0 1 2 1 0 3 2 1 ffft
1111tf	01210321fftt	0 1 2 1 0 3 2 1 fftt
1111tf	01210323ffft	0 1 2 1 0 3 2 3 ffft
1111tf	01210323fftt	0 1 2 1 0 3 2 3 fftt
1111tf	01210333ffft	0 1 2 1 0 3 3 3 ffft
1111tf	01210333fftt	0 1 2 1 0 3 3 3 fftt
1111tf	01210333ftft	0 2 0 3 1 2 3 3 fftt
1111tf	01210333fttt	0 1 3 1 2 2 0 2 fttt
1111tf	01211321ffft	0 1 2 1 1 3 2 1 ffft
1111tf	01211321fftt	0 1 2 1 1 3 2 1 fftt
1111tf	01211323ffft	0 1 2 1 1 3 2 3 ffft
1111tf	01211323fftt	0 1 2 1 1 3 2 3 fftt
1111tf	01211333ffft	0 1 2 1 1 3 3 3 ffft
1111tf	01211333fftt	0 1 2 1 1 3 3 3 fftt
1111tf	01211333ftft	0 2 2 3 1 2 3 3 fftt
1111tf	01212321ffft	0 1 2 1 2 3 2 1 ffft
1111tf	01212321fftt	0 1 2 1 2 3 2 1 fftt
1111tf	01212322ffft	0 1 2 1 2 3 2 2 ffft
1111tf	01212322fftf	0 1 3 1 3 3 3 2 ffft
1111tf	01212323ffft	0 1 2 1 2 3 2 3 ffft
1111tf	01212333ffft	0 1 2 1 2 3 3 3 ffft
1111tf	01212333ftft	0 2 1 3 1 2 3 3 fftt
1111tf	01213101ffft	0 1 2 1 3 1 0 1 ffft
1111tf	01213101fftt	0 1 2 1 3 1 0 1 fftt
1111tf	01213101ftft	0 2 3 2 1 2 0 2 fftt
1111tf	01213101fttt	0 1 2 1 3 1 0 1 fttt
1111tf	01213111ffft	0 1 2 1 3 1 1 1 ffft
1111tf	01213111fftf	0 2 2 2 3 2 1 2 ffft
1111tf	01213111fftt	0 1 2 1 3 1 1 1 fftt
1111tf	01213111ftff	0 3 2 3 3 3 1 3 ffft
1111tf	01213111ftft	0 2 3 2 1 2 2 2 fftt
1111tf	01213111fttf	0 2 2 2 3 2 1 2 fftt
1111tf	01213121ffft	0 1 2 1 3 1 2 1 ffft
1111tf	01213121fttf	0 2 3 2 3 2 1 2 fftt
1111tf	01213123ffft	0 1 2 1 3 1 2 3 ffft
1111tf	01213123fftt	0 1 2 1 3 1 2 3 fftt
1111tf	01213131ffft	0 1 2 1 3 1 3 1 ffft
1111tf	01213131ftft	0 2 3 2 1 2 3 2 fftt
1111tf	01213132ffft	0 1 2 1 3 1 3 2 ffft
1111tf	01213132fftt	0 1 2 1 3 1 3 2 fftt
1111tf	01213133ffft	0 1 2 1 3 1 3 3 ffft
1111tf	01213133fftt	0 1 2 1 3 1 3 3 fftt
1111tf	01213133ftft	0 2 3 2 1 2 3 3 fftt
1111tf	01213232ffft	0 1 2 1 3 2 3 2 ffft
1111tf	01213233ffft	0 1 2 1 3 2 3 3 ffft
1111tf	01213321ffft	0 1 2 1 3 3 2 1 ffft
1111tf	01213321fftt	0 1 2 1 3 3 2 1 fftt
1111tf	01213323ffft	0 1 2 1 3 3 2 3 ffft
1111tf	01213333ffft	0 1 2 1 3 3 3 3 ffft
1111tf	01213333ftft	0 2 3 3 1 2 3 3 fftt
1111tf	01222323ffft	0 1 2 2 2 3 2 3 ffft
1111tf	01222333ffft	0 1 2 2 2 3 3 3 ffft
1111tf	01223232ffft	0 1 2 2 3 2 3 2 ffft
1111tf	01223233ffft	0 1 2 2 3 2 3 3 ffft
1111tf	01223333ffft	0 1 2 2 3 3 3 3 ffft
1111tf	01230113fttt	0 1 3 2 1 2 0 1 fttt
1111tf	01230123fftt	0 1 2 3 0 1 2 3 fftt
1111tf	01230133fftt	0 1 2 3 0 1 3 3 fftt
1111tf	01230133fttt	0 1 3 2 2 2 0 1 fttt
1111tf	01230313ffft	0 1 2 3 0 3 1 3 ffft
1111tf	01230313ftft	0 2 0 3 1 3 2 3 fftt
1111tf	01230313fttt	0 1 3 2 1 2 0 2 fttt
1111tf	01230323ffft	0 1 2 3 0 3 2 3 ffft
1111tf	01230323fftt	0 1 2 3 0 3 2 3 fftt
1111tf	01230333ffft	0 1 2 3 0 3 3 3 ffft
1111tf	01230333fftt	0 1 2 3 0 3 3 3 fftt
1111tf	01230333ftft	0 2 0 3 1 3 3 3 fftt
1111tf	01230333fttt	0 1 3 2 2 2 0 2 fttt
1111tf	01231123ffft	0 2 2 2 1 3 1 3 ffft
1111tf	01231123fftt	0 1 2 3 1 1 2 3 fftt
1111tf	01231133ffft	0 2 2 2 1 3 3 3 ffft
1111tf	01231133fftt	0 1 2 3 1 1 3 3 fftt
1111tf	01231133ftft	0 2 2 2 1 3 3 3 fftt
1111tf	01231323fftt	0 1 2 3 1 3 2 3 fftt
1111tf	01231333fftt	0 1 2 3 1 3 3 3 fftt
1111tf	01231333ftft	0 2 2 3 1 3 3 3 fftt
1111tf	01232123fftt	0 1 2 3 2 1 2 3 fftt
1111tf	01232133fftt	0 1 2 3 2 1 3 3 fftt
1111tf	01232222fftf	0 1 3 2 3 3 3 3 ffft
1111tf	01232313ftft	0 2 1 3 1 3 2 3 fftt
1111tf	01232333ftft	0 2 1 3 1 3 3 3 fftt
1111tf	01233123ffft	0 1 2 3 3 1 2 3 ffft
1111tf	01233123fftt	0 1 2 3 3 1 2 3 fftt
1111tf	01233133ffft	0 1 2 3 3 1 3 3 ffft
1111tf	01233133fftt	0 1 2 3 3 1 3 3 fftt
1111tf	01233133ftft	0 2 3 2 1 3 3 3 fftt
1111tf	01233323ffft	0 1 2 3 3 3 2 3 ffft
1111tf	01233333ffft	0 1 2 3 3 3 3 3 ffft
1111tf	01233333ftft	0 2 3 3 1 3 3 3 fftt
1111tf	11121313ffft	1 1 1 2 1 3 1 3 ffft
1111tf	11121323ffft	1 1 1 2 1 3 2 3 ffft
1111tf	11121323fftt	1 1 1 2 1 3 2 3 fftt
1111tf	11121333ffft	1 1 1 2 1 3 3 3 ffft
1111tf	11121333fftt	1 1 1 2 1 3 3 3 fftt
1111tf	11122323ffft	1 1 1 2 2 3 2 3 ffft
1111tf	11122333ffft	1 1 1 2 2 3 3 3 ffft
1111tf	11123212ffft	1 1 1 2 3 2 1 2 ffft
1111tf	11123212fftt	1 1 1 2 3 2 1 2 fftt
1111tf	11123222ffft	1 1 1 2 3 2 2 2 ffft
1111tf	11123222fftf	1 1 1 3 3 3 2 3 ffft
1111tf	11123232ffft	1 1 1 2 3 2 3 2 ffft
1111tf	11123233ffft	1 1 1 2 3 2 3 3 ffft
1111tf	11123333ffft	1 1 1 2 3 3 3 3 ffft
1111tf	11222323ffft	1 1 2 2 2 3 2 3 ffft
1111tf	11222333ffft	1 1 2 2 2 3 3 3 ffft
1111tf	11223333ffft	1 1 2 2 3 3 3 3 ffft
1111tf	11232222fftf	1 1 3 2 3 3 3 3 ffft
1111tf	12111311ftff	3 1 3 2 3 3 3 3 ffft
1111tf	12121313ftft	2 1 2 3 2 1 2 3 fftt
1111tf	12121333ftft	2 1 2 3 2 1 3 3 fftt
1111tf	12123233ftft	2 1 3 1 2 1 3 3 fftt
1111tf	12123333ftft	2 1 3 3 2 1 3 3 fftt
1111tf	12131113ffft	2 1 2 2 2 3 2 3 ffft
1111tf	12131133ffft	2 1 2 2 2 3 3 3 ffft
1111tf	12131323fftt	1 2 1 3 1 3 2 3 fftt
1111tf	12131333fftt	1 2 1 3 1 3 3 3 fftt
1111tf	12133233ffft	1 2 1 3 3 2 3 3 ffft
1111tf	12133333ffft	1 2 1 3 3 3 3 3 ffft
1111tf	12222323ffft	1 2 2 2 2 3 2 3 ffft
1111tf	12222333ffft	1 2 2 2 2 3 3 3 ffft
1111tf	12223333ffft	1 2 2 2 3 3 3 3 ffft
1111tf	12233333ffft	1 2 2 3 3 3 3 3 ffft
1111tf	12321333ffft	1 2 3 2 1 3 3 3 ffft
1111tf	12321333fftt	1 2 3 2 1 3 3 3 fftt
1111tf	12323333ffft	1 2 3 2 3 3 3 3 ffft
1111tf	12323333ftft	2 1 3 3 3 1 3 3 fftt
