121111fft	010202fft	1 2 1 1 2 3 2 4 2 4 fffft
121111fft	010212fft	1 2 1 1 2 3 2 4 3 4 fffft
121111fft	010212ftt	1 2 1 1 2 3 2 4 3 4 ffftt
121111fft	010222fft	1 2 1 1 2 3 2 4 4 4 fffft
121111fft	010222ftt	1 2 1 1 2 3 2 4 4 4 ffftt
121111fft	011212fft	1 2 1 1 2 3 3 4 3 4 fffft
121111fft	011222fft	1 2 1 1 2 3 3 4 4 4 fffft
121111fft	012101fft	1 2 1 1 2 3 4 3 2 3 fffft
121111fft	012101ftt	1 2 1 1 2 3 4 3 2 3 ffftt
121111fft	012111fft	1 2 1 1 2 3 4 3 3 3 fffft
121111fft	012111ftf	1 2 1 1 2 4 4 4 3 4 fffft
121111fft	012121fft	1 2 1 1 2 3 4 3 4 3 fffft
121111fft	012122fft	1 2 1 1 2 3 4 3 4 4 fffft
121111fft	012222fft	1 2 1 1 2 3 4 4 4 4 fffft
121111fft	111212fft	1 2 1 1 3 3 3 4 3 4 fffft
121111fft	111222fft	1 2 1 1 3 3 3 4 4 4 fffft
121111fft	112222fft	1 2 1 1 3 3 4 4 4 4 fffft
121111fft	121111ftf	1 2 1 1 4 3 4 4 4 4 fffft
121121fft	010202fft	1 2 1 1 2 3 2 4 2 4 fffft
121121fft	010212fft	1 2 1 1 2 3 2 4 3 4 fffft
121121fft	010212ftt	1 2 1 1 2 3 2 4 3 4 ffftt
121121fft	010222fft	1 2 1 1 2 3 2 4 4 4 fffft
121121fft	010222ftt	1 2 1 1 2 3 2 4 4 4 ffftt
121121fft	011212fft	1 2 1 1 2 3 3 4 3 4 fffft
121121fft	011222fft	1 2 1 1 2 3 3 4 4 4 fffft
121121fft	012101fft	1 2 1 1 2 3 4 3 2 3 fffft
121121fft	012101ftt	1 2 1 1 2 3 4 3 2 3 ffftt
121121fft	012111fft	1 2 1 1 2 3 4 3 3 3 fffft
121121fft	012111ftf	1 2 1 1 2 4 4 4 3 4 fffft
121121fft	012121fft	1 2 1 1 2 3 4 3 4 3 fffft
121121fft	012122fft	1 2 1 1 2 3 4 3 4 4 fffft
121121fft	012222fft	1 2 1 1 2 3 4 4 4 4 fffft
121121fft	111212fft	1 2 1 1 2 3 3 4 3 4 fffft
121121fft	111222fft	1 2 1 1 2 3 3 4 4 4 fffft
121121fft	112222fft	1 2 1 1 2 3 4 4 4 4 fffft
121121fft	121111ftf	1 2 1 1 2 3 4 4 4 4 fffft
