121111fft	01020303ffft	1 2 1 1 2 3 2 4 2 5 2 5 ffffft
121111fft	01020313ffft	1 2 1 1 2 3 2 4 2 5 3 5 ffffft
121111fft	01020313fftt	1 2 1 1 2 3 2 4 2 5 3 5 fffftt
121111fft	01020313fttt	1 2 1 1 2 3 2 4 2 5 3 5 fffttt
121111fft	01020323ffft	1 2 1 1 2 3 2 4 2 5 4 5 ffffft
121111fft	01020323fftt	1 2 1 1 2 3 2 4 2 5 4 5 fffftt
121111fft	01020323fttt	1 2 1 1 2 3 2 4 2 5 4 5 fffttt
121111fft	01020333ffft	1 2 1 1 2 3 2 4 2 5 5 5 ffffft
121111fft	01020333fftt	1 2 1 1 2 3 2 4 2 5 5 5 fffftt
121111fft	01020333fttt	1 2 1 1 2 3 2 4 2 5 5 5 fffttt
121111fft	01021313ffft	1 2 1 1 2 3 2 4 3 5 3 5 ffffft
121111fft	01021323ffft	1 2 1 1 2 3 2 4 3 5 4 5 ffffft
121111fft	01021323fftt	1 2 1 1 2 3 2 4 3 5 4 5 fffftt
121111fft	01021323fttt	1 2 1 1 2 3 2 4 3 5 4 5 fffttt
121111fft	01021333ffft	1 2 1 1 2 3 2 4 3 5 5 5 ffffft
121111fft	01021333fftt	1 2 1 1 2 3 2 4 3 5 5 5 fffftt
121111fft	01021333fttt	1 2 1 1 2 3 2 4 3 5 5 5 fffttt
121111fft	01022323ffft	1 2 1 1 2 3 2 4 4 5 4 5 ffffft
121111fft	01022333ffft	1 2 1 1 2 3 2 4 4 5 5 5 ffffft
121111fft	01023201ffft	1 2 1 1 2 3 2 4 5 4 2 3 ffffft
121111fft	01023201fftt	1 2 1 1 2 3 2 4 5 4 2 3 fffftt
121111fft	01023201fttt	1 2 1 1 2 3 2 5 2 3 4 5 fffttt
121111fft	01023202ffft	1 2 1 1 2 3 2 4 5 4 2 4 ffffft
121111fft	01023202fftt	1 2 1 1 2 3 2 4 5 4 2 4 fffftt
121111fft	01023211ffft	1 2 1 1 2 3 2 4 5 4 3 3 ffffft
121111fft	01023211fftf	1 2 1 1 2 4 4 4 2 5 3 5 ffffft
121111fft	01023211fftt	1 2 1 1 2 3 2 4 5 4 3 3 fffftt
121111fft	01023211fttf	1 2 1 1 2 4 4 4 2 5 3 5 fffftt
121111fft	01023211fttt	1 2 1 1 2 3 2 4 5 4 3 3 fffttt
121111fft	01023212ffft	1 2 1 1 2 3 2 4 5 4 3 4 ffffft
121111fft	01023212fftf	1 2 1 1 2 3 2 5 3 5 4 5 ffffft
121111fft	01023212fftt	1 2 1 1 2 3 2 4 5 4 3 4 fffftt
121111fft	01023212fttf	1 2 1 1 2 4 4 5 2 5 3 5 fffftt
121111fft	01023212fttt	1 2 1 1 2 3 2 4 5 4 3 4 fffttt
121111fft	01023221ffft	1 2 1 1 2 3 2 4 5 4 4 3 ffffft
121111fft	01023221fftf	1 2 1 1 2 3 2 5 5 3 4 5 ffffft
121111fft	01023221fftt	1 2 1 1 2 3 2 4 5 4 4 3 fffftt
121111fft	01023221fttf	1 2 1 1 2 4 5 4 2 5 3 5 fffftt
121111fft	01023221fttt	1 2 1 1 2 3 2 4 5 4 4 3 fffttt
121111fft	01023222ffft	1 2 1 1 2 3 2 4 5 4 4 4 ffffft
121111fft	01023222fftf	1 2 1 1 2 3 2 5 5 5 4 5 ffffft
121111fft	01023222fttf	1 2 1 1 2 4 5 5 2 5 3 5 fffftt
121111fft	01023231ffft	1 2 1 1 2 3 2 4 5 4 5 3 ffffft
121111fft	01023231fftt	1 2 1 1 2 3 2 4 5 4 5 3 fffftt
121111fft	01023231fttt	1 2 1 1 2 3 2 4 5 4 5 3 fffttt
121111fft	01023232ffft	1 2 1 1 2 3 2 4 5 4 5 4 ffffft
121111fft	01023232fftf	1 2 1 1 2 3 2 5 4 5 4 5 ffffft
121111fft	01023233ffft	1 2 1 1 2 3 2 4 5 4 5 5 ffffft
121111fft	01023333ffft	1 2 1 1 2 3 2 4 5 5 5 5 ffffft
121111fft	01121313ffft	1 2 1 1 2 3 3 4 3 5 3 5 ffffft
121111fft	01121323ffft	1 2 1 1 2 3 3 4 3 5 4 5 ffffft
121111fft	01121323fftt	1 2 1 1 2 3 3 4 3 5 4 5 fffftt
121111fft	01121333ffft	1 2 1 1 2 3 3 4 3 5 5 5 ffffft
121111fft	01121333fftt	1 2 1 1 2 3 3 4 3 5 5 5 fffftt
121111fft	01122323ffft	1 2 1 1 2 3 3 4 4 5 4 5 ffffft
121111fft	01122333ffft	1 2 1 1 2 3 3 4 4 5 5 5 ffffft
121111fft	01123212ffft	1 2 1 1 2 3 3 4 5 4 3 4 ffffft
121111fft	01123212fftt	1 2 1 1 2 3 3 4 5 4 3 4 fffftt
121111fft	01123222ffft	1 2 1 1 2 3 3 4 5 4 4 4 ffffft
121111fft	01123222fftf	1 2 1 1 2 3 3 5 5 5 4 5 ffffft
121111fft	01123232ffft	1 2 1 1 2 3 3 4 5 4 5 4 ffffft
121111fft	01123233ffft	1 2 1 1 2 3 3 4 5 4 5 5 ffffft
121111fft	01123333ffft	1 2 1 1 2 3 3 4 5 5 5 5 ffffft
121111fft	01210321ffft	1 2 1 1 2 3 4 3 2 5 4 3 ffffft
121111fft	01210321fftt	1 2 1 1 2 3 4 3 2 5 4 3 fffftt
121111fft	01210323ffft	1 2 1 1 2 3 4 3 2 5 4 5 ffffft
121111fft	01210323fftt	1 2 1 1 2 3 4 3 2 5 4 5 fffftt
121111fft	01210333ffft	1 2 1 1 2 3 4 3 2 5 5 5 ffffft
121111fft	01210333fftt	1 2 1 1 2 3 4 3 2 5 5 5 fffftt
121111fft	01210333ftft	1 2 1 1 2 4 2 5 3 4 5 5 fffftt
121111fft	01210333fttt	1 2 1 1 2 3 5 3 4 4 2 4 fffttt
121111fft	01211321ffft	1 2 1 1 2 3 4 3 3 5 4 3 ffffft
121111fft	01211321fftt	1 2 1 1 2 3 4 3 3 5 4 3 fffftt
121111fft	01211323ffft	1 2 1 1 2 3 4 3 3 5 4 5 ffffft
121111fft	01211323fftt	1 2 1 1 2 3 4 3 3 5 4 5 fffftt
121111fft	01211333ffft	1 2 1 1 2 3 4 3 3 5 5 5 ffffft
121111fft	01211333fftt	1 2 1 1 2 3 4 3 3 5 5 5 fffftt
121111fft	01211333ftft	1 2 1 1 2 4 4 5 3 4 5 5 fffftt
121111fft	01212321ffft	1 2 1 1 2 3 4 3 4 5 4 3 ffffft
121111fft	01212321fftt	1 2 1 1 2 3 4 3 4 5 4 3 fffftt
121111fft	01212322ffft	1 2 1 1 2 3 4 3 4 5 4 4 ffffft
121111fft	01212322fftf	1 2 1 1 2 3 5 3 5 5 5 4 ffffft
121111fft	01212323ffft	1 2 1 1 2 3 4 3 4 5 4 5 ffffft
121111fft	01212333ffft	1 2 1 1 2 3 4 3 4 5 5 5 ffffft
121111fft	01212333ftft	1 2 1 1 2 4 3 5 3 4 5 5 fffftt
121111fft	01213101ffft	1 2 1 1 2 3 4 3 5 3 2 3 ffffft
121111fft	01213101fftt	1 2 1 1 2 3 4 3 5 3 2 3 fffftt
121111fft	01213101ftft	1 2 1 1 2 4 5 4 3 4 2 4 fffftt
121111fft	01213101fttt	1 2 1 1 2 3 4 3 5 3 2 3 fffttt
121111fft	01213111ffft	1 2 1 1 2 3 4 3 5 3 3 3 ffffft
121111fft	01213111fftf	1 2 1 1 2 4 4 4 5 4 3 4 ffffft
121111fft	01213111fftt	1 2 1 1 2 3 4 3 5 3 3 3 fffftt
121111fft	01213111ftff	1 2 1 1 2 5 4 5 5 5 3 5 ffffft
121111fft	01213111ftft	1 2 1 1 2 4 5 4 3 4 4 4 fffftt
121111fft	01213111fttf	1 2 1 1 2 4 4 4 5 4 3 4 fffftt
121111fft	01213121ffft	1 2 1 1 2 3 4 3 5 3 4 3 ffffft
121111fft	01213121fttf	1 2 1 1 2 4 5 4 5 4 3 4 fffftt
121111fft	01213123ffft	1 2 1 1 2 3 4 3 5 3 4 5 ffffft
121111fft	01213123fftt	1 2 1 1 2 3 4 3 5 3 4 5 fffftt
121111fft	01213131ffft	1 2 1 1 2 3 4 3 5 3 5 3 ffffft
121111fft	01213131ftft	1 2 1 1 2 4 5 4 3 4 5 4 fffftt
121111fft	01213132ffft	1 2 1 1 2 3 4 3 5 3 5 4 ffffft
121111fft	01213132fftt	1 2 1 1 2 3 4 3 5 3 5 4 fffftt
121111fft	01213133ffft	1 2 1 1 2 3 4 3 5 3 5 5 ffffft
121111fft	01213133fftt	1 2 1 1 2 3 4 3 5 3 5 5 fffftt
121111fft	01213133ftft	1 2 1 1 2 4 5 4 3 4 5 5 fffftt
121111fft	01213232ffft	1 2 1 1 2 3 4 3 5 4 5 4 ffffft
121111fft	01213233ffft	1 2 1 1 2 3 4 3 5 4 5 5 ffffft
121111fft	01213321ffft	1 2 1 1 2 3 4 3 5 5 4 3 ffffft
121111fft	01213321fftt	1 2 1 1 2 3 4 3 5 5 4 3 fffftt
121111fft	01213323ffft	1 2 1 1 2 3 4 3 5 5 4 5 ffffft
121111fft	01213333ffft	1 2 1 1 2 3 4 3 5 5 5 5 ffffft
121111fft	01213333ftft	1 2 1 1 2 4 5 5 3 4 5 5 fffftt
121111fft	01222323ffft	1 2 1 1 2 3 4 4 4 5 4 5 ffffft
121111fft	01222333ffft	1 2 1 1 2 3 4 4 4 5 5 5 ffffft
121111fft	01223232ffft	1 2 1 1 2 3 4 4 5 4 5 4 ffffft
121111fft	01223233ffft	1 2 1 1 2 3 4 4 5 4 5 5 ffffft
121111fft	01223333ffft	1 2 1 1 2 3 4 4 5 5 5 5 ffffft
121111fft	01230113fttt	1 2 1 1 2 3 5 4 3 4 2 3 fffttt
121111fft	01230123fftt	1 2 1 1 2 3 4 5 2 3 4 5 fffftt
121111fft	01230133fftt	1 2 1 1 2 3 4 5 2 3 5 5 fffftt
121111fft	01230133fttt	1 2 1 1 2 3 5 4 4 4 2 3 fffttt
121111fft	01230313ffft	1 2 1 1 2 3 4 5 2 5 3 5 ffffft
121111fft	01230313ftft	1 2 1 1 2 4 2 5 3 5 4 5 fffftt
121111fft	01230313fttt	1 2 1 1 2 3 5 4 3 4 2 4 fffttt
121111fft	01230323ffft	1 2 1 1 2 3 4 5 2 5 4 5 ffffft
121111fft	01230323fftt	1 2 1 1 2 3 4 5 2 5 4 5 fffftt
121111fft	01230333ffft	1 2 1 1 2 3 4 5 2 5 5 5 ffffft
121111fft	01230333fftt	1 2 1 1 2 3 4 5 2 5 5 5 fffftt
121111fft	01230333ftft	1 2 1 1 2 4 2 5 3 5 5 5 fffftt
121111fft	01230333fttt	1 2 1 1 2 3 5 4 4 4 2 4 fffttt
121111fft	01231123ffft	1 2 1 1 2 4 4 4 3 5 3 5 ffffft
121111fft	01231123fftt	1 2 1 1 2 3 4 5 3 3 4 5 fffftt
121111fft	01231133ffft	1 2 1 1 2 4 4 4 3 5 5 5 ffffft
121111fft	01231133fftt	1 2 1 1 2 3 4 5 3 3 5 5 fffftt
121111fft	01231133ftft	1 2 1 1 2 4 4 4 3 5 5 5 fffftt
121111fft	01231323fftt	1 2 1 1 2 3 4 5 3 5 4 5 fffftt
121111fft	01231333fftt	1 2 1 1 2 3 4 5 3 5 5 5 fffftt
121111fft	01231333ftft	1 2 1 1 2 4 4 5 3 5 5 5 fffftt
121111fft	01232123fftt	1 2 1 1 2 3 4 5 4 3 4 5 fffftt
121111fft	01232133fftt	1 2 1 1 2 3 4 5 4 3 5 5 fffftt
121111fft	01232222fftf	1 2 1 1 2 3 5 4 5 5 5 5 ffffft
121111fft	01232313ftft	1 2 1 1 2 4 3 5 3 5 4 5 fffftt
121111fft	01232333ftft	1 2 1 1 2 4 3 5 3 5 5 5 fffftt
121111fft	01233123ffft	1 2 1 1 2 3 4 5 5 3 4 5 ffffft
121111fft	01233123fftt	1 2 1 1 2 3 4 5 5 3 4 5 fffftt
121111fft	01233133ffft	1 2 1 1 2 3 4 5 5 3 5 5 ffffft
121111fft	01233133fftt	1 2 1 1 2 3 4 5 5 3 5 5 fffftt
121111fft	01233133ftft	1 2 1 1 2 4 5 4 3 5 5 5 fffftt
121111fft	01233323ffft	1 2 1 1 2 3 4 5 5 5 4 5 ffffft
121111fft	01233333ffft	1 2 1 1 2 3 4 5 5 5 5 5 ffffft
121111fft	01233333ftft	1 2 1 1 2 4 5 5 3 5 5 5 fffftt
121111fft	11121313ffft	1 2 1 1 3 3 3 4 3 5 3 5 ffffft
121111fft	11121323ffft	1 2 1 1 3 3 3 4 3 5 4 5 ffffft
121111fft	11121323fftt	1 2 1 1 3 3 3 4 3 5 4 5 fffftt
121111fft	11121333ffft	1 2 1 1 3 3 3 4 3 5 5 5 ffffft
121111fft	11121333fftt	1 2 1 1 3 3 3 4 3 5 5 5 fffftt
121111fft	11122323ffft	1 2 1 1 3 3 3 4 4 5 4 5 ffffft
121111fft	11122333ffft	1 2 1 1 3 3 3 4 4 5 5 5 ffffft
121111fft	11123212ffft	1 2 1 1 3 3 3 4 5 4 3 4 ffffft
121111fft	11123212fftt	1 2 1 1 3 3 3 4 5 4 3 4 fffftt
121111fft	11123222ffft	1 2 1 1 3 3 3 4 5 4 4 4 ffffft
121111fft	11123222fftf	1 2 1 1 3 3 3 5 5 5 4 5 ffffft
121111fft	11123232ffft	1 2 1 1 3 3 3 4 5 4 5 4 ffffft
121111fft	11123233ffft	1 2 1 1 3 3 3 4 5 4 5 5 ffffft
121111fft	11123333ffft	1 2 1 1 3 3 3 4 5 5 5 5 ffffft
121111fft	11222323ffft	1 2 1 1 3 3 4 4 4 5 4 5 ffffft
121111fft	11222333ffft	1 2 1 1 3 3 4 4 4 5 5 5 ffffft
121111fft	11223333ffft	1 2 1 1 3 3 4 4 5 5 5 5 ffffft
121111fft	11232222fftf	1 2 1 1 3 3 5 4 5 5 5 5 ffffft
121111fft	12111311ftff	1 2 1 1 5 3 5 4 5 5 5 5 ffffft
121111fft	12121313ftft	1 2 1 1 4 3 4 5 4 3 4 5 fffftt
121111fft	12121333ftft	1 2 1 1 4 3 4 5 4 3 5 5 fffftt
121111fft	12123233ftft	1 2 1 1 4 3 5 3 4 3 5 5 fffftt
121111fft	12123333ftft	1 2 1 1 4 3 5 5 4 3 5 5 fffftt
121111fft	12131113ffft	1 2 1 1 4 3 4 4 4 5 4 5 ffffft
121111fft	12131133ffft	1 2 1 1 4 3 4 4 4 5 5 5 ffffft
121111fft	12131323fftt	1 2 1 1 3 4 3 5 3 5 4 5 fffftt
121111fft	12131333fftt	1 2 1 1 3 4 3 5 3 5 5 5 fffftt
121111fft	12133233ffft	1 2 1 1 3 4 3 5 5 4 5 5 ffffft
121111fft	12133333ffft	1 2 1 1 3 4 3 5 5 5 5 5 ffffft
121111fft	12222323ffft	1 2 1 1 3 4 4 4 4 5 4 5 ffffft
121111fft	12222333ffft	1 2 1 1 3 4 4 4 4 5 5 5 ffffft
121111fft	12223333ffft	1 2 1 1 3 4 4 4 5 5 5 5 ffffft
121111fft	12233333ffft	1 2 1 1 3 4 4 5 5 5 5 5 ffffft
121111fft	12321333ffft	1 2 1 1 3 4 5 4 3 5 5 5 ffffft
121111fft	12321333fftt	1 2 1 1 3 4 5 4 3 5 5 5 fffftt
121111fft	12323333ffft	1 2 1 1 3 4 5 4 5 5 5 5 ffffft
121111fft	12323333ftft	1 2 1 1 4 3 5 5 5 3 5 5 fffftt
121121fft	01020303ffft	1 2 1 1 2 3 2 4 2 5 2 5 ffffft
121121fft	01020313ffft	1 2 1 1 2 3 2 4 2 5 3 5 ffffft
121121fft	01020313fftt	1 2 1 1 2 3 2 4 2 5 3 5 fffftt
121121fft	01020313fttt	1 2 1 1 2 3 2 4 2 5 3 5 fffttt
121121fft	01020323ffft	1 2 1 1 2 3 2 4 2 5 4 5 ffffft
121121fft	01020323fftt	1 2 1 1 2 3 2 4 2 5 4 5 fffftt
121121fft	01020323fttt	1 2 1 1 2 3 2 4 2 5 4 5 fffttt
121121fft	01020333ffft	1 2 1 1 2 3 2 4 2 5 5 5 ffffft
121121fft	01020333fftt	1 2 1 1 2 3 2 4 2 5 5 5 fffftt
121121fft	01020333fttt	1 2 1 1 2 3 2 4 2 5 5 5 fffttt
121121fft	01021313ffft	1 2 1 1 2 3 2 4 3 5 3 5 ffffft
121121fft	01021323ffft	1 2 1 1 2 3 2 4 3 5 4 5 ffffft
121121fft	01021323fftt	1 2 1 1 2 3 2 4 3 5 4 5 fffftt
121121fft	01021323fttt	1 2 1 1 2 3 2 4 3 5 4 5 fffttt
121121fft	01021333ffft	1 2 1 1 2 3 2 4 3 5 5 5 ffffft
121121fft	01021333fftt	1 2 1 1 2 3 2 4 3 5 5 5 fffftt
121121fft	01021333fttt	1 2 1 1 2 3 2 4 3 5 5 5 fffttt
121121fft	01022323ffft	1 2 1 1 2 3 2 4 4 5 4 5 ffffft
121121fft	01022333ffft	1 2 1 1 2 3 2 4 4 5 5 5 ffffft
121121fft	01023201ffft	1 2 1 1 2 3 2 4 5 4 2 3 ffffft
121121fft	01023201fftt	1 2 1 1 2 3 2 4 5 4 2 3 fffftt
121121fft	01023201fttt	1 2 1 1 2 3 2 5 2 3 4 5 fffttt
121121fft	01023202ffft	1 2 1 1 2 3 2 4 5 4 2 4 ffffft
121121fft	01023202fftt	1 2 1 1 2 3 2 4 5 4 2 4 fffftt
121121fft	01023211ffft	1 2 1 1 2 3 2 4 5 4 3 3 ffffft
121121fft	01023211fftf	1 2 1 1 2 4 4 4 2 5 3 5 ffffft
121121fft	01023211fftt	1 2 1 1 2 3 2 4 5 4 3 3 fffftt
121121fft	01023211fttf	1 2 1 1 2 4 4 4 2 5 3 5 fffftt
121121fft	01023211fttt	1 2 1 1 2 3 2 4 5 4 3 3 fffttt
121121fft	01023212ffft	1 2 1 1 2 3 2 4 5 4 3 4 ffffft
121121fft	01023212fftf	1 2 1 1 2 3 2 5 3 5 4 5 ffffft
121121fft	01023212fftt	1 2 1 1 2 3 2 4 5 4 3 4 fffftt
121121fft	01023212fttf	1 2 1 1 2 4 4 5 2 5 3 5 fffftt
121121fft	01023212fttt	1 2 1 1 2 3 2 4 5 4 3 4 fffttt
121121fft	01023221ffft	1 2 1 1 2 3 2 4 5 4 4 3 ffffft
121121fft	01023221fftf	1 2 1 1 2 3 2 5 5 3 4 5 ffffft
121121fft	01023221fftt	1 2 1 1 2 3 2 4 5 4 4 3 fffftt
121121fft	01023221fttf	1 2 1 1 2 4 5 4 2 5 3 5 fffftt
121121fft	01023221fttt	1 2 1 1 2 3 2 4 5 4 4 3 fffttt
121121fft	01023222ffft	1 2 1 1 2 3 2 4 5 4 4 4 ffffft
121121fft	01023222fftf	1 2 1 1 2 3 2 5 5 5 4 5 ffffft
121121fft	01023222fttf	1 2 1 1 2 4 5 5 2 5 3 5 fffftt
121121fft	01023231ffft	1 2 1 1 2 3 2 4 5 4 5 3 ffffft
121121fft	01023231fftt	1 2 1 1 2 3 2 4 5 4 5 3 fffftt
121121fft	01023231fttt	1 2 1 1 2 3 2 4 5 4 5 3 fffttt
121121fft	01023232ffft	1 2 1 1 2 3 2 4 5 4 5 4 ffffft
121121fft	01023232fftf	1 2 1 1 2 3 2 5 4 5 4 5 ffffft
121121fft	01023233ffft	1 2 1 1 2 3 2 4 5 4 5 5 ffffft
121121fft	01023333ffft	1 2 1 1 2 3 2 4 5 5 5 5 ffffft
121121fft	01121313ffft	1 2 1 1 2 3 3 4 3 5 3 5 ffffft
121121fft	01121323ffft	1 2 1 1 2 3 3 4 3 5 4 5 ffffft
121121fft	01121323fftt	1 2 1 1 2 3 3 4 3 5 4 5 fffftt
121121fft	01121333ffft	1 2 1 1 2 3 3 4 3 5 5 5 ffffft
121121fft	01121333fftt	1 2 1 1 2 3 3 4 3 5 5 5 fffftt
121121fft	01122323ffft	1 2 1 1 2 3 3 4 4 5 4 5 ffffft
121121fft	01122333ffft	1 2 1 1 2 3 3 4 4 5 5 5 ffffft
121121fft	01123212ffft	1 2 1 1 2 3 3 4 5 4 3 4 ffffft
121121fft	01123212fftt	1 2 1 1 2 3 3 4 5 4 3 4 fffftt
121121fft	01123222ffft	1 2 1 1 2 3 3 4 5 4 4 4 ffffft
121121fft	01123222fftf	1 2 1 1 2 3 3 5 5 5 4 5 ffffft
121121fft	01123232ffft	1 2 1 1 2 3 3 4 5 4 5 4 ffffft
121121fft	01123233ffft	1 2 1 1 2 3 3 4 5 4 5 5 ffffft
121121fft	01123333ffft	1 2 1 1 2 3 3 4 5 5 5 5 ffffft
121121fft	01210321ffft	1 2 1 1 2 3 4 3 2 5 4 3 ffffft
121121fft	01210321fftt	1 2 1 1 2 3 4 3 2 5 4 3 fffftt
121121fft	01210323ffft	1 2 1 1 2 3 4 3 2 5 4 5 ffffft
121121fft	01210323fftt	1 2 1 1 2 3 4 3 2 5 4 5 fffftt
121121fft	01210333ffft	1 2 1 1 2 3 4 3 2 5 5 5 ffffft
121121fft	01210333fftt	1 2 1 1 2 3 4 3 2 5 5 5 fffftt
121121fft	01210333ftft	1 2 1 1 2 4 2 5 3 4 5 5 fffftt
121121fft	01210333fttt	1 2 1 1 2 3 5 3 4 4 2 4 fffttt
121121fft	01211321ffft	1 2 1 1 2 3 4 3 3 5 4 3 ffffft
121121fft	01211321fftt	1 2 1 1 2 3 4 3 3 5 4 3 fffftt
121121fft	01211323ffft	1 2 1 1 2 3 4 3 3 5 4 5 ffffft
121121fft	01211323fftt	1 2 1 1 2 3 4 3 3 5 4 5 fffftt
121121fft	01211333ffft	1 2 1 1 2 3 4 3 3 5 5 5 ffffft
121121fft	01211333fftt	1 2 1 1 2 3 4 3 3 5 5 5 fffftt
121121fft	01211333ftft	1 2 1 1 2 4 4 5 3 4 5 5 fffftt
121121fft	01212321ffft	1 2 1 1 2 3 4 3 4 5 4 3 ffffft
121121fft	01212321fftt	1 2 1 1 2 3 4 3 4 5 4 3 fffftt
121121fft	01212322ffft	1 2 1 1 2 3 4 3 4 5 4 4 ffffft
121121fft	01212322fftf	1 2 1 1 2 3 5 3 5 5 5 4 ffffft
121121fft	01212323ffft	1 2 1 1 2 3 4 3 4 5 4 5 ffffft
121121fft	01212333ffft	1 2 1 1 2 3 4 3 4 5 5 5 ffffft
121121fft	01212333ftft	1 2 1 1 2 4 3 5 3 4 5 5 fffftt
121121fft	01213101ffft	1 2 1 1 2 3 4 3 5 3 2 3 ffffft
121121fft	01213101fftt	1 2 1 1 2 3 4 3 5 3 2 3 fffftt
121121fft	01213101ftft	1 2 1 1 2 4 5 4 3 4 2 4 fffftt
121121fft	01213101fttt	1 2 1 1 2 3 4 3 5 3 2 3 fffttt
121121fft	01213111ffft	1 2 1 1 2 3 4 3 5 3 3 3 ffffft
121121fft	01213111fftf	1 2 1 1 2 4 4 4 5 4 3 4 ffffft
121121fft	01213111fftt	1 2 1 1 2 3 4 3 5 3 3 3 fffftt
121121fft	01213111ftff	1 2 1 1 2 5 4 5 5 5 3 5 ffffft
121121fft	01213111ftft	1 2 1 1 2 4 5 4 3 4 4 4 fffftt
121121fft	01213111fttf	1 2 1 1 2 4 4 4 5 4 3 4 fffftt
121121fft	01213121ffft	1 2 1 1 2 3 4 3 5 3 4 3 ffffft
121121fft	01213121fttf	1 2 1 1 2 4 5 4 5 4 3 4 fffftt
121121fft	01213123ffft	1 2 1 1 2 3 4 3 5 3 4 5 ffffft
121121fft	01213123fftt	1 2 1 1 2 3 4 3 5 3 4 5 fffftt
121121fft	01213131ffft	1 2 1 1 2 3 4 3 5 3 5 3 ffffft
121121fft	01213131ftft	1 2 1 1 2 4 5 4 3 4 5 4 fffftt
121121fft	01213132ffft	1 2 1 1 2 3 4 3 5 3 5 4 ffffft
121121fft	01213132fftt	1 2 1 1 2 3 4 3 5 3 5 4 fffftt
121121fft	01213133ffft	1 2 1 1 2 3 4 3 5 3 5 5 ffffft
121121fft	01213133fftt	1 2 1 1 2 3 4 3 5 3 5 5 fffftt
121121fft	01213133ftft	1 2 1 1 2 4 5 4 3 4 5 5 fffftt
121121fft	01213232ffft	1 2 1 1 2 3 4 3 5 4 5 4 ffffft
121121fft	01213233ffft	1 2 1 1 2 3 4 3 5 4 5 5 ffffft
121121fft	01213321ffft	1 2 1 1 2 3 4 3 5 5 4 3 ffffft
121121fft	01213321fftt	1 2 1 1 2 3 4 3 5 5 4 3 fffftt
121121fft	01213323ffft	1 2 1 1 2 3 4 3 5 5 4 5 ffffft
121121fft	01213333ffft	1 2 1 1 2 3 4 3 5 5 5 5 ffffft
121121fft	01213333ftft	1 2 1 1 2 4 5 5 3 4 5 5 fffftt
121121fft	01222323ffft	1 2 1 1 2 3 4 4 4 5 4 5 ffffft
121121fft	01222333ffft	1 2 1 1 2 3 4 4 4 5 5 5 ffffft
121121fft	01223232ffft	1 2 1 1 2 3 4 4 5 4 5 4 ffffft
121121fft	01223233ffft	1 2 1 1 2 3 4 4 5 4 5 5 ffffft
121121fft	01223333ffft	1 2 1 1 2 3 4 4 5 5 5 5 ffffft
121121fft	01230113fttt	1 2 1 1 2 3 5 4 3 4 2 3 fffttt
121121fft	01230123fftt	1 2 1 1 2 3 4 5 2 3 4 5 fffftt
121121fft	01230133fftt	1 2 1 1 2 3 4 5 2 3 5 5 fffftt
121121fft	01230133fttt	1 2 1 1 2 3 5 4 4 4 2 3 fffttt
121121fft	01230313ffft	1 2 1 1 2 3 4 5 2 5 3 5 ffffft
121121fft	01230313ftft	1 2 1 1 2 4 2 5 3 5 4 5 fffftt
121121fft	01230313fttt	1 2 1 1 2 3 5 4 3 4 2 4 fffttt
121121fft	01230323ffft	1 2 1 1 2 3 4 5 2 5 4 5 ffffft
121121fft	01230323fftt	1 2 1 1 2 3 4 5 2 5 4 5 fffftt
121121fft	01230333ffft	1 2 1 1 2 3 4 5 2 5 5 5 ffffft
121121fft	01230333fftt	1 2 1 1 2 3 4 5 2 5 5 5 fffftt
121121fft	01230333ftft	1 2 1 1 2 4 2 5 3 5 5 5 fffftt
121121fft	01230333fttt	1 2 1 1 2 3 5 4 4 4 2 4 fffttt
121121fft	01231123ffft	1 2 1 1 2 4 4 4 3 5 3 5 ffffft
121121fft	01231123fftt	1 2 1 1 2 3 4 5 3 3 4 5 fffftt
121121fft	01231133ffft	1 2 1 1 2 4 4 4 3 5 5 5 ffffft
121121fft	01231133fftt	1 2 1 1 2 3 4 5 3 3 5 5 fffftt
121121fft	01231133ftft	1 2 1 1 2 4 4 4 3 5 5 5 fffftt
121121fft	01231323fftt	1 2 1 1 2 3 4 5 3 5 4 5 fffftt
121121fft	01231333fftt	1 2 1 1 2 3 4 5 3 5 5 5 fffftt
121121fft	01231333ftft	1 2 1 1 2 4 4 5 3 5 5 5 fffftt
121121fft	01232123fftt	1 2 1 1 2 3 4 5 4 3 4 5 fffftt
121121fft	01232133fftt	1 2 1 1 2 3 4 5 4 3 5 5 fffftt
121121fft	01232222fftf	1 2 1 1 2 3 5 4 5 5 5 5 ffffft
121121fft	01232313ftft	1 2 1 1 2 4 3 5 3 5 4 5 fffftt
121121fft	01232333ftft	1 2 1 1 2 4 3 5 3 5 5 5 fffftt
121121fft	01233123ffft	1 2 1 1 2 3 4 5 5 3 4 5 ffffft
121121fft	01233123fftt	1 2 1 1 2 3 4 5 5 3 4 5 fffftt
121121fft	01233133ffft	1 2 1 1 2 3 4 5 5 3 5 5 ffffft
121121fft	01233133fftt	1 2 1 1 2 3 4 5 5 3 5 5 fffftt
121121fft	01233133ftft	1 2 1 1 2 4 5 4 3 5 5 5 fffftt
121121fft	01233323ffft	1 2 1 1 2 3 4 5 5 5 4 5 ffffft
121121fft	01233333ffft	1 2 1 1 2 3 4 5 5 5 5 5 ffffft
121121fft	01233333ftft	1 2 1 1 2 4 5 5 3 5 5 5 fffftt
121121fft	11121313ffft	1 2 1 1 2 3 3 4 3 5 3 5 ffffft
121121fft	11121323ffft	1 2 1 1 2 3 3 4 3 5 4 5 ffffft
121121fft	11121323fftt	1 2 1 1 2 3 3 4 3 5 4 5 fffftt
121121fft	11121333ffft	1 2 1 1 2 3 3 4 3 5 5 5 ffffft
121121fft	11121333fftt	1 2 1 1 2 3 3 4 3 5 5 5 fffftt
121121fft	11122323ffft	1 2 1 1 2 3 3 4 4 5 4 5 ffffft
121121fft	11122333ffft	1 2 1 1 2 3 3 4 4 5 5 5 ffffft
121121fft	11123212ffft	1 2 1 1 2 3 3 4 5 4 3 4 ffffft
121121fft	11123212fftt	1 2 1 1 2 3 3 4 5 4 3 4 fffftt
121121fft	11123222ffft	1 2 1 1 2 3 3 4 5 4 4 4 ffffft
121121fft	11123222fftf	1 2 1 1 2 3 3 5 5 5 4 5 ffffft
121121fft	11123232ffft	1 2 1 1 2 3 3 4 5 4 5 4 ffffft
121121fft	11123233ffft	1 2 1 1 2 3 3 4 5 4 5 5 ffffft
121121fft	11123333ffft	1 2 1 1 2 3 3 4 5 5 5 5 ffffft
121121fft	11222323ffft	1 2 1 1 2 3 4 4 4 5 4 5 ffffft
121121fft	11222333ffft	1 2 1 1 2 3 4 4 4 5 5 5 ffffft
121121fft	11223333ffft	1 2 1 1 2 3 4 4 5 5 5 5 ffffft
121121fft	11232222fftf	1 2 1 1 2 3 5 4 5 5 5 5 ffffft
121121fft	12111311ftff	1 2 1 1 2 3 5 4 5 5 5 5 ffffft
121121fft	12121313ftft	1 2 1 1 2 3 4 5 4 3 4 5 fffftt
121121fft	12121333ftft	1 2 1 1 2 3 4 5 4 3 5 5 fffftt
121121fft	12131113ffft	1 2 1 1 2 3 4 4 4 5 4 5 ffffft
121121fft	12131133ffft	1 2 1 1 2 3 4 4 4 5 5 5 ffffft
121121fft	12131323fftt	1 2 1 1 2 4 3 5 3 5 4 5 fffftt
121121fft	12131333fftt	1 2 1 1 2 4 3 5 3 5 5 5 fffftt
121121fft	12321333ffft	1 2 1 1 2 4 5 4 3 5 5 5 ffffft
121121fft	12321333fftt	1 2 1 1 2 4 5 4 3 5 5 5 fffftt
