0111tf	1102034444ffftf	0 3 3 3 2 2 1 4 1 5 2 2 ffffft
0111tf	1102134444ffftf	0 3 3 3 2 2 1 4 3 5 2 2 ffffft
0111tf	1102234444ffftf	0 3 3 3 2 2 1 4 4 5 2 2 ffffft
0111tf	1102304444ffftf	0 3 3 3 2 2 1 4 5 1 2 2 ffffft
0111tf	1102314444ffftf	0 3 3 3 2 2 1 4 5 3 2 2 ffffft
0111tf	1102324444ffftf	0 3 3 3 2 2 1 4 5 4 2 2 ffffft
0111tf	1102334444ffftf	0 3 3 3 2 2 1 4 5 5 2 2 ffffft
0111tf	1102343333fffft	0 3 3 3 2 2 1 4 2 5 2 2 ffffft
0111tf	1102344444ffftf	0 3 3 3 2 2 1 4 5 2 2 2 ffffft
0111tf	1112034444ffftf	0 3 3 3 2 2 3 4 1 5 2 2 ffffft
0111tf	1112304444ffftf	0 3 3 3 2 2 3 4 5 1 2 2 ffffft
0111tf	1122034444ffftf	0 3 3 3 2 2 4 4 1 5 2 2 ffffft
0111tf	1123004444ffftf	0 4 4 4 1 1 3 3 2 5 3 3 ffffft
0111tf	1123014444ffftf	0 4 2 4 4 4 3 3 1 5 3 3 ffffft
0111tf	1123024444ffftf	0 4 4 4 1 2 3 3 2 5 3 3 ffffft
0111tf	1123034444ffftf	0 3 3 3 2 2 4 5 1 5 2 2 ffffft
0111tf	1123043333fffft	0 3 3 3 2 2 4 2 1 5 2 2 ffffft
0111tf	1123044444ffftf	0 4 4 4 1 3 3 3 2 5 3 3 ffffft
0111tf	1123104444ffftf	0 4 4 4 4 1 3 3 2 5 3 3 ffffft
0111tf	1123204444ffftf	0 4 4 4 2 1 3 3 2 5 3 3 ffffft
0111tf	1123220422fffft	0 3 3 3 2 2 2 4 1 5 2 2 ffffft
0111tf	1123304444ffftf	0 3 3 3 2 2 4 5 5 1 2 2 ffffft
0111tf	1123404444ffftf	0 4 4 4 3 1 3 3 2 5 3 3 ffffft
0111tf	1200034444ffftf	0 4 2 4 1 1 3 3 1 5 3 3 ffffft
0111tf	1200134444ffftf	0 4 2 4 1 1 3 3 2 5 3 3 ffffft
0111tf	1200304444ffftf	0 4 2 4 1 1 3 3 5 1 3 3 ffffft
0111tf	1200314444ffftf	0 4 2 4 1 1 3 3 5 2 3 3 ffffft
0111tf	1201034444ffftf	0 4 2 4 1 2 3 3 1 5 3 3 ffffft
0111tf	1201134444ffftf	0 4 2 4 1 2 3 3 2 5 3 3 ffffft
0111tf	1201304444ffftf	0 4 2 4 1 2 3 3 5 1 3 3 ffffft
0111tf	1201314444ffftf	0 4 2 4 1 2 3 3 5 2 3 3 ffffft
0111tf	1203014444ffftf	0 3 1 1 4 3 2 4 2 5 1 1 ffffft
0111tf	1203024444ffftf	0 2 1 1 3 2 4 2 3 5 1 1 ffffft
0111tf	1203043333fffft	0 4 2 4 1 3 3 3 1 5 3 3 ffffft
0111tf	1203044444ffftf	0 2 1 1 3 1 4 2 3 5 1 1 ffffft
0111tf	1203114444ffftf	0 3 1 1 4 3 4 4 2 5 1 1 ffffft
0111tf	1203134444ffftf	0 4 3 4 2 2 1 5 3 5 2 2 ffffft
0111tf	1203143333fffft	0 4 2 4 1 3 3 3 2 5 3 3 ffffft
0111tf	1203144444ffftf	0 3 1 1 4 3 4 1 2 5 1 1 ffffft
0111tf	1203214444ffftf	0 3 1 1 4 3 3 4 2 5 1 1 ffffft
0111tf	1203304444ffftf	0 4 3 4 2 2 1 5 5 1 2 2 ffffft
0111tf	1203314444ffftf	0 4 3 4 2 2 1 5 5 3 2 2 ffffft
0111tf	1203403333fffft	0 4 2 4 1 3 3 3 5 1 3 3 ffffft
0111tf	1203413333fffft	0 4 2 4 1 3 3 3 5 2 3 3 ffffft
0111tf	1203414444ffftf	0 3 1 1 4 3 1 4 2 5 1 1 ffffft
0111tf	1210034444ffftf	0 4 2 4 2 1 3 3 1 5 3 3 ffffft
0111tf	1210134444ffftf	0 4 2 4 2 1 3 3 2 5 3 3 ffffft
0111tf	1210314444ffftf	0 4 2 4 2 1 3 3 5 2 3 3 ffffft
0111tf	1211030411fffft	0 3 2 3 2 2 1 4 1 5 2 2 ffffft
0111tf	1211031411fffft	0 3 2 3 2 2 1 4 2 5 2 2 ffffft
0111tf	1211032411fffft	0 3 2 3 2 2 1 4 3 5 2 2 ffffft
0111tf	1211033411fffft	0 3 2 3 2 2 1 4 4 5 2 2 ffffft
0111tf	1211034011fffft	0 3 2 3 2 2 1 4 5 1 2 2 ffffft
0111tf	1211034111fffft	0 3 2 3 2 2 1 4 5 2 2 2 ffffft
0111tf	1211034211fffft	0 3 2 3 2 2 1 4 5 3 2 2 ffffft
0111tf	1211034311fffft	0 3 2 3 2 2 1 4 5 4 2 2 ffffft
0111tf	1211034411fffft	0 3 2 3 2 2 1 4 5 5 2 2 ffffft
0111tf	1211130411fffft	0 3 2 3 2 2 2 4 1 5 2 2 ffffft
0111tf	1211134011fffft	0 3 2 3 2 2 2 4 5 1 2 2 ffffft
0111tf	1211230411fffft	0 3 2 3 2 2 3 4 1 5 2 2 ffffft
0111tf	1211234011fffft	0 3 2 3 2 2 3 4 5 1 2 2 ffffft
0111tf	1211310411fffft	0 3 2 3 2 2 4 2 1 5 2 2 ffffft
0111tf	1211314011fffft	0 3 2 3 2 2 4 2 5 1 2 2 ffffft
0111tf	1211320411fffft	0 3 2 3 2 2 4 3 1 5 2 2 ffffft
0111tf	1211324011fffft	0 3 2 3 2 2 4 3 5 1 2 2 ffffft
0111tf	1211330411fffft	0 3 2 3 2 2 4 4 1 5 2 2 ffffft
0111tf	1211334011fffft	0 3 2 3 2 2 4 4 5 1 2 2 ffffft
0111tf	1211340011fffft	0 4 2 4 2 2 1 1 3 5 2 2 ffffft
0111tf	1211340111fffft	0 4 2 4 2 2 1 2 3 5 2 2 ffffft
0111tf	1211340211fffft	0 4 2 4 3 4 3 3 1 5 3 3 ffffft
0111tf	1211340311fffft	0 4 2 4 2 2 1 3 3 5 2 2 ffffft
0111tf	1211340411fffft	0 3 2 3 2 2 4 5 1 5 2 2 ffffft
0111tf	1211341011fffft	0 4 2 4 2 2 2 1 3 5 2 2 ffffft
0111tf	1211341100ffftf	0 4 2 4 2 2 1 1 5 3 2 2 ffffft
0111tf	1211341101ffftf	0 4 2 4 2 2 1 2 5 3 2 2 ffffft
0111tf	1211341102ffftf	0 4 2 4 3 4 3 3 5 1 3 3 ffffft
0111tf	1211341103ffftf	0 3 2 3 2 2 5 4 1 5 2 2 ffffft
0111tf	1211341104ffftf	0 4 2 4 2 2 1 3 5 3 2 2 ffffft
0111tf	1211341110ffftf	0 4 2 4 2 2 2 1 5 3 2 2 ffffft
0111tf	1211341120ffftf	0 4 2 4 2 2 4 1 5 3 2 2 ffffft
0111tf	1211341130ffftf	0 3 2 3 2 2 5 4 5 1 2 2 ffffft
0111tf	1211341140ffftf	0 4 2 4 2 2 3 1 5 3 2 2 ffffft
0111tf	1211342011fffft	0 4 2 4 2 2 4 1 3 5 2 2 ffffft
0111tf	1211343011fffft	0 4 2 4 2 2 3 1 3 5 2 2 ffffft
0111tf	1211344011fffft	0 3 2 3 2 2 4 5 5 1 2 2 ffffft
0111tf	1213014444ffftf	0 3 1 1 4 3 2 4 4 5 1 1 ffffft
0111tf	1213034444ffftf	0 4 3 4 2 2 3 5 1 5 2 2 ffffft
0111tf	1213044444ffftf	0 2 1 1 3 1 4 2 4 5 1 1 ffffft
0111tf	1220034444ffftf	0 4 2 4 4 1 3 3 1 5 3 3 ffffft
0111tf	1220134444ffftf	0 4 2 4 4 1 3 3 2 5 3 3 ffffft
0111tf	1220314444ffftf	0 4 2 4 4 1 3 3 5 2 3 3 ffffft
0111tf	1221034444ffftf	0 4 2 4 4 2 3 3 1 5 3 3 ffffft
0111tf	1222034444ffftf	0 4 2 4 4 4 3 3 1 5 3 3 ffffft
0111tf	1223034444ffftf	0 4 3 4 2 2 4 5 1 5 2 2 ffffft
0111tf	1223043333fffft	0 4 2 4 4 3 3 3 1 5 3 3 ffffft
0111tf	1223044444ffftf	0 2 1 1 3 1 4 2 2 5 1 1 ffffft
0111tf	1230034444ffftf	0 4 3 4 2 2 5 1 1 5 2 2 ffffft
0111tf	1230043333fffft	0 4 2 4 3 1 3 3 1 5 3 3 ffffft
0111tf	1230134444ffftf	0 4 3 4 2 2 5 1 3 5 2 2 ffffft
0111tf	1230143333fffft	0 4 2 4 3 1 3 3 2 5 3 3 ffffft
0111tf	1230144444ffftf	0 3 1 1 4 3 4 1 5 2 1 1 ffffft
0111tf	1233343300ftfff	0 2 1 1 1 3 4 4 5 2 1 1 ffffft
0111tf	1233343301ftfff	0 2 1 1 1 4 5 2 3 5 1 1 ffffft
0111tf	1233343302ftfff	0 2 1 1 1 3 4 2 5 2 1 1 ffffft
0111tf	1233343303ftfff	0 2 1 1 1 3 4 1 5 2 1 1 ffffft
0111tf	1233343304ftfff	0 2 1 1 1 3 4 3 5 2 1 1 ffffft
0111tf	1233343310ftfff	0 2 1 1 1 4 5 2 5 3 1 1 ffffft
0111tf	1233343320ftfff	0 2 1 1 1 3 2 4 5 2 1 1 ffffft
0111tf	1233343330ftfff	0 2 1 1 1 3 1 4 5 2 1 1 ffffft
0111tf	1233343340ftfff	0 2 1 1 1 3 3 4 5 2 1 1 ffffft
0111tf	1233433300ftfff	0 2 1 1 3 1 4 4 5 2 1 1 ffffft
0111tf	1233433301ftfff	0 2 1 1 4 1 5 2 3 5 1 1 ffffft
0111tf	1233433302ftfff	0 2 1 1 3 1 4 2 5 2 1 1 ffffft
0111tf	1233433303ftfff	0 2 1 1 3 1 4 1 5 2 1 1 ffffft
0111tf	1233433304ftfff	0 2 1 1 3 1 4 3 5 2 1 1 ffffft
0111tf	1233433310ftfff	0 2 1 1 4 1 5 2 5 3 1 1 ffffft
0111tf	1233433320ftfff	0 2 1 1 3 1 2 4 5 2 1 1 ffffft
0111tf	1233433330ftfff	0 2 1 1 3 1 1 4 5 2 1 1 ffffft
0111tf	1233433340ftfff	0 2 1 1 3 1 3 4 5 2 1 1 ffffft
0111tf	1233443303ftfff	0 2 1 1 3 3 4 1 5 2 1 1 ffffft
