01021323tfff	0120324444ffftf	0 5 0 2 1 3 2 3 0 8 0 6 4 9 6 9 10 7 11 7 0 11 13 12 14 12 0 2 1 3 ffffffffffffftt
01021323tfff	0120334444ffftf	0 4 0 2 1 3 2 3 0 6 0 8 5 9 6 9 10 7 11 7 0 13 12 14 0 2 1 3 2 3 ffffffffffffttt
01021323tfff	0122304444ffftf	0 8 0 9 1 10 2 10 0 2 0 6 5 7 6 7 0 11 4 12 11 12 13 3 14 3 0 6 5 7 ffffffffffffftt
01021323tfff	0123443044fftff	0 4 0 2 1 3 2 3 0 6 0 9 5 10 6 10 0 11 8 12 9 12 13 7 14 7 0 2 1 3 ffffffffffffftt
01021323tfff	1200314444ffftf	0 4 0 2 1 3 2 3 0 6 0 9 8 10 9 10 0 11 5 12 6 12 13 7 14 7 0 2 1 3 ffffffffffffftt
01021323tfff	1201304444ffftf	0 7 0 5 0 3 2 4 3 4 8 6 9 6 0 9 0 11 1 12 5 12 13 10 14 10 0 3 2 4 ffffffffffffftt
01021323tfff	1203304444ffftf	0 4 0 2 1 3 2 3 0 6 0 10 8 11 9 11 0 13 5 14 12 7 13 7 0 2 1 3 2 3 ffffffffffffttt
01021323tfff	1203314444ffftf	0 6 0 2 1 3 2 3 0 10 7 11 0 8 0 13 4 14 5 14 12 9 13 9 0 2 1 3 2 3 ffffffffffffttt
01021333tfff	0120324444ffftf	0 5 0 2 1 3 3 3 0 8 0 6 4 9 7 9 10 7 12 7 0 11 13 12 14 12 0 2 3 3 ffffffffffffftt
01021333tfff	0123443044fftff	0 4 0 2 1 3 3 3 0 6 0 9 5 10 7 10 0 11 8 12 10 12 13 7 14 7 0 2 3 3 ffffffffffffftt
01021333tfff	1201304444ffftf	0 7 0 5 0 3 2 4 4 4 8 6 10 6 0 9 0 11 1 12 6 12 13 10 14 10 0 3 4 4 ffffffffffffftt
