0102132434tffff	0120324444ffftf	0 6 0 2 1 3 2 4 3 4 0 10 0 7 5 11 7 12 8 12 13 8 14 9 15 9 0 14 17 15 18 16 19 16 0 2 1 3 2 4 fffffffffffffffffttt
0102132434tffff	0120334444ffftf	0 5 0 2 1 3 2 4 3 4 0 7 0 10 6 11 7 12 8 12 13 8 14 9 15 9 0 17 16 18 17 19 0 2 1 3 2 4 3 4 fffffffffffffffftttt
0102132434tffff	0122304444ffftf	0 10 0 11 0 3 2 4 3 5 4 5 0 7 1 12 7 13 8 13 0 14 6 15 14 16 15 16 17 8 18 9 19 9 0 3 2 4 3 5 fffffffffffffffffttt
0102132434tffff	0123443044fftff	0 5 0 2 1 3 2 4 3 4 0 7 0 11 6 12 7 13 8 13 0 14 10 15 11 16 12 16 17 8 18 9 19 9 0 2 1 3 2 4 fffffffffffffffffttt
0102132434tffff	1200314444ffftf	0 5 0 2 1 3 2 4 3 4 0 7 0 11 10 12 11 13 12 13 0 14 6 15 7 16 8 16 17 8 18 9 19 9 0 2 1 3 2 4 fffffffffffffffffttt
0102132434tffff	1201304444ffftf	0 9 0 2 1 3 2 4 3 4 0 6 10 7 11 8 12 8 0 11 0 14 5 15 6 16 7 16 17 12 18 13 19 13 0 2 1 3 2 4 fffffffffffffffffttt
0102132434tffff	1203314444ffftf	0 8 0 2 1 3 2 4 3 4 0 13 9 14 10 15 0 10 0 17 5 18 6 19 7 19 16 11 17 12 18 12 0 2 1 3 2 4 3 4 fffffffffffffffftttt
0102132444tffff	0120324444ffftf	0 6 0 2 1 3 2 4 4 4 0 10 0 7 5 11 7 12 9 12 13 8 14 9 16 9 0 14 17 15 18 16 19 16 0 2 1 3 4 4 fffffffffffffffffttt
0102132444tffff	0120334444ffftf	0 5 0 2 1 3 2 4 4 4 0 7 0 10 6 11 7 12 9 12 13 8 14 9 15 9 0 17 16 18 19 19 0 2 1 3 2 4 4 4 fffffffffffffffftttt
0102132444tffff	0122304444ffftf	0 10 0 11 0 3 2 4 3 5 5 5 0 7 1 12 7 13 9 13 0 14 6 15 14 16 16 16 17 8 18 9 19 9 0 3 2 4 5 5 fffffffffffffffffttt
0102132444tffff	0123443044fftff	0 5 0 2 1 3 2 4 4 4 0 7 0 11 6 12 7 13 9 13 0 14 10 15 11 16 13 16 17 8 18 9 19 9 0 2 1 3 4 4 fffffffffffffffffttt
0102132444tffff	1200314444ffftf	0 5 0 2 1 3 2 4 4 4 0 7 0 11 10 12 11 13 13 13 0 14 6 15 7 16 9 16 17 8 18 9 19 9 0 2 1 3 4 4 fffffffffffffffffttt
0102132444tffff	1201304444ffftf	0 9 0 2 1 3 2 4 4 4 0 6 10 7 11 8 13 8 0 11 0 14 5 15 6 16 8 16 17 12 18 13 19 13 0 2 1 3 4 4 fffffffffffffffffttt
0102132444tffff	1203314444ffftf	0 8 0 2 1 3 2 4 4 4 0 13 9 14 12 15 0 10 0 17 5 18 6 19 7 19 16 11 17 12 19 12 0 2 1 3 2 4 4 4 fffffffffffffffftttt
