0111tf	0102030444ttttf	2 0 1 1 2 3 2 4 2 5 2 1 tftttt
0111tf	0102031444ttttf	2 0 1 1 2 3 2 4 2 5 3 1 tftttt
0111tf	0102032444ttttf	2 0 1 1 2 3 2 4 2 5 4 1 tftttt
0111tf	0102033444ttttf	2 0 1 1 2 3 2 4 2 5 5 1 tftttt
0111tf	0102034344ttttf	2 0 1 1 2 3 2 4 2 5 1 5 tftttt
0111tf	0102034444ttttf	2 0 1 1 2 3 2 4 2 5 1 1 tftttt
0111tf	0102131444ttttf	2 0 1 1 2 3 2 4 3 5 3 1 tftttt
0111tf	0102132444ttttf	2 0 1 1 2 3 2 4 3 5 4 1 tftttt
0111tf	0102133444ttttf	2 0 1 1 2 3 2 4 3 5 5 1 tftttt
0111tf	0102134344ttttf	2 0 1 1 2 3 2 4 3 5 1 5 tftttt
0111tf	0102134444ttttf	2 0 1 1 2 3 2 4 3 5 1 1 tftttt
0111tf	0102232444ttttf	2 0 1 1 2 3 2 4 4 5 4 1 tftttt
0111tf	0102233444ttttf	2 0 1 1 2 3 2 4 4 5 5 1 tftttt
0111tf	0102234344ttttf	2 0 1 1 2 3 2 4 4 5 1 5 tftttt
0111tf	0102234444ttttf	2 0 1 1 2 3 2 4 4 5 1 1 tftttt
0111tf	0102320444ttttf	2 0 1 1 2 3 2 4 5 4 2 1 tftttt
0111tf	0102321444ttttf	2 0 1 1 2 3 2 4 5 4 3 1 tftttt
0111tf	0102322444ttttf	2 0 1 1 2 3 2 4 5 4 4 1 tftttt
0111tf	0102323444ttttf	2 0 1 1 2 3 2 4 5 4 5 1 tftttt
0111tf	0102324144ttttf	2 0 1 1 2 3 2 4 5 4 1 3 tftttt
0111tf	0102324244ttttf	2 0 1 1 2 3 2 4 5 4 1 4 tftttt
0111tf	0102324344ttttf	2 0 1 1 2 3 2 4 5 4 1 5 tftttt
0111tf	0102324444ttttf	2 0 1 1 2 3 2 4 5 4 1 1 tftttt
0111tf	0102333444ttttf	2 0 1 1 2 3 2 4 5 5 5 1 tftttt
0111tf	0102334344ttttf	2 0 1 1 2 3 2 4 5 5 1 5 tftttt
0111tf	0102334444ttttf	2 0 1 1 2 3 2 4 5 5 1 1 tftttt
0111tf	0102340444ttttf	2 0 1 1 2 3 2 4 5 1 2 1 tftttt
0111tf	0102341144ttttf	2 0 1 1 2 4 4 4 2 5 3 1 tftttt
0111tf	0102341244ttttf	2 0 1 1 2 3 2 5 3 5 4 1 tftttt
0111tf	0102341444ttttf	2 0 1 1 2 3 2 4 5 1 3 1 tftttt
0111tf	0102342144ttttf	2 0 1 1 2 3 2 5 5 3 4 1 tftttt
0111tf	0102342244ttttf	2 0 1 1 2 3 2 5 5 5 4 1 tftttt
0111tf	0102343244ttttf	2 0 1 1 2 3 2 5 4 5 4 1 tftttt
0111tf	0102343333tttft	2 0 1 1 2 3 2 4 1 5 1 1 tftttt
0111tf	0102344144ttttf	2 0 1 1 2 3 2 4 5 1 1 3 tftttt
0111tf	0102344244ttttf	2 0 1 1 2 3 2 4 5 1 1 4 tftttt
0111tf	0102344444ttttf	2 0 1 1 2 3 2 4 5 1 1 1 tftttt
0111tf	0112131444ttttf	2 0 1 1 2 3 3 4 3 5 3 1 tftttt
0111tf	0112132444ttttf	2 0 1 1 2 3 3 4 3 5 4 1 tftttt
0111tf	0112133444ttttf	2 0 1 1 2 3 3 4 3 5 5 1 tftttt
0111tf	0112134344ttttf	2 0 1 1 2 3 3 4 3 5 1 5 tftttt
0111tf	0112134444ttttf	2 0 1 1 2 3 3 4 3 5 1 1 tftttt
0111tf	0112232444ttttf	2 0 1 1 2 3 3 4 4 5 4 1 tftttt
0111tf	0112233444ttttf	2 0 1 1 2 3 3 4 4 5 5 1 tftttt
0111tf	0112234344ttttf	2 0 1 1 2 3 3 4 4 5 1 5 tftttt
0111tf	0112234444ttttf	2 0 1 1 2 3 3 4 4 5 1 1 tftttt
0111tf	0112321444ttttf	2 0 1 1 2 3 3 4 5 4 3 1 tftttt
0111tf	0112322444ttttf	2 0 1 1 2 3 3 4 5 4 4 1 tftttt
0111tf	0112323444ttttf	2 0 1 1 2 3 3 4 5 4 5 1 tftttt
0111tf	0112324244ttttf	2 0 1 1 2 3 3 4 5 4 1 4 tftttt
0111tf	0112324344ttttf	2 0 1 1 2 3 3 4 5 4 1 5 tftttt
0111tf	0112324444ttttf	2 0 1 1 2 3 3 4 5 4 1 1 tftttt
0111tf	0112333444ttttf	2 0 1 1 2 3 3 4 5 5 5 1 tftttt
0111tf	0112334344ttttf	2 0 1 1 2 3 3 4 5 5 1 5 tftttt
0111tf	0112334444ttttf	2 0 1 1 2 3 3 4 5 5 1 1 tftttt
0111tf	0112341444ttttf	2 0 1 1 2 3 3 4 5 1 3 1 tftttt
0111tf	0112342244ttttf	2 0 1 1 2 3 3 5 5 5 4 1 tftttt
0111tf	0112343333tttft	2 0 1 1 2 3 3 4 1 5 1 1 tftttt
0111tf	0112344244ttttf	2 0 1 1 2 3 3 4 5 1 1 4 tftttt
0111tf	0112344444ttttf	2 0 1 1 2 3 3 4 5 1 1 1 tftttt
0111tf	0121032444ttttf	2 0 1 1 2 3 4 3 2 5 4 1 tftttt
0111tf	0121033444ttttf	2 0 1 1 2 3 4 3 2 5 5 1 tftttt
0111tf	0121034144ttttf	2 0 1 1 2 3 4 3 2 5 1 3 tftttt
0111tf	0121034344ttttf	2 0 1 1 2 3 4 3 2 5 1 5 tftttt
0111tf	0121034444ttttf	2 0 1 1 2 3 4 3 2 5 1 1 tftttt
0111tf	0121132444ttttf	2 0 1 1 2 3 4 3 3 5 4 1 tftttt
0111tf	0121133444ttttf	2 0 1 1 2 3 4 3 3 5 5 1 tftttt
0111tf	0121134144ttttf	2 0 1 1 2 3 4 3 3 5 1 3 tftttt
0111tf	0121134344ttttf	2 0 1 1 2 3 4 3 3 5 1 5 tftttt
0111tf	0121134444ttttf	2 0 1 1 2 3 4 3 3 5 1 1 tftttt
0111tf	0121232444ttttf	2 0 1 1 2 3 4 3 4 5 4 1 tftttt
0111tf	0121233444ttttf	2 0 1 1 2 3 4 3 4 5 5 1 tftttt
0111tf	0121234144ttttf	2 0 1 1 2 3 4 3 4 5 1 3 tftttt
0111tf	0121234244ttttf	2 0 1 1 2 3 4 3 4 5 1 4 tftttt
0111tf	0121234344ttttf	2 0 1 1 2 3 4 3 4 5 1 5 tftttt
0111tf	0121234444ttttf	2 0 1 1 2 3 4 3 4 5 1 1 tftttt
0111tf	0121310444ttttf	2 0 1 1 2 3 4 3 5 3 2 1 tftttt
0111tf	0121311444ttttf	2 0 1 1 2 3 4 3 5 3 3 1 tftttt
0111tf	0121312444ttttf	2 0 1 1 2 3 4 3 5 3 4 1 tftttt
0111tf	0121313444ttttf	2 0 1 1 2 3 4 3 5 3 5 1 tftttt
0111tf	0121314144ttttf	2 0 1 1 2 3 4 3 5 3 1 3 tftttt
0111tf	0121314244ttttf	2 0 1 1 2 3 4 3 5 3 1 4 tftttt
0111tf	0121314344ttttf	2 0 1 1 2 3 4 3 5 3 1 5 tftttt
0111tf	0121314444ttttf	2 0 1 1 2 3 4 3 5 3 1 1 tftttt
0111tf	0121323444ttttf	2 0 1 1 2 3 4 3 5 4 5 1 tftttt
0111tf	0121324244ttttf	2 0 1 1 2 3 4 3 5 4 1 4 tftttt
0111tf	0121324344ttttf	2 0 1 1 2 3 4 3 5 4 1 5 tftttt
0111tf	0121324444ttttf	2 0 1 1 2 3 4 3 5 4 1 1 tftttt
0111tf	0121332444ttttf	2 0 1 1 2 3 4 3 5 5 4 1 tftttt
0111tf	0121333444ttttf	2 0 1 1 2 3 4 3 5 5 5 1 tftttt
0111tf	0121334144ttttf	2 0 1 1 2 3 4 3 5 5 1 3 tftttt
0111tf	0121334344ttttf	2 0 1 1 2 3 4 3 5 5 1 5 tftttt
0111tf	0121334444ttttf	2 0 1 1 2 3 4 3 5 5 1 1 tftttt
0111tf	0121340444ttttf	2 0 1 1 2 3 4 3 5 1 2 1 tftttt
0111tf	0121341144ttttf	2 0 1 1 2 4 4 4 5 4 3 1 tftttt
0111tf	0121341444ttttf	2 0 1 1 2 3 4 3 5 1 3 1 tftttt
0111tf	0121343322tttft	2 0 1 1 2 3 5 3 5 5 1 4 tftttt
0111tf	0121343323tttft	2 0 1 1 2 3 4 3 1 5 4 1 tftttt
0111tf	0121343331tttft	2 0 1 1 2 3 4 3 1 5 1 3 tftttt
0111tf	0121343333tttft	2 0 1 1 2 3 4 3 1 5 1 1 tftttt
0111tf	0121344144ttttf	2 0 1 1 2 3 4 3 5 1 1 3 tftttt
0111tf	0121344344ttttf	2 0 1 1 2 3 4 3 5 1 1 5 tftttt
0111tf	0121344444ttttf	2 0 1 1 2 3 4 3 5 1 1 1 tftttt
0111tf	0122232444ttttf	2 0 1 1 2 3 4 4 4 5 4 1 tftttt
0111tf	0122233444ttttf	2 0 1 1 2 3 4 4 4 5 5 1 tftttt
0111tf	0122234344ttttf	2 0 1 1 2 3 4 4 4 5 1 5 tftttt
0111tf	0122234444ttttf	2 0 1 1 2 3 4 4 4 5 1 1 tftttt
0111tf	0122323444ttttf	2 0 1 1 2 3 4 4 5 4 5 1 tftttt
0111tf	0122324244ttttf	2 0 1 1 2 3 4 4 5 4 1 4 tftttt
0111tf	0122324344ttttf	2 0 1 1 2 3 4 4 5 4 1 5 tftttt
0111tf	0122324444ttttf	2 0 1 1 2 3 4 4 5 4 1 1 tftttt
0111tf	0122333444ttttf	2 0 1 1 2 3 4 4 5 5 5 1 tftttt
0111tf	0122334344ttttf	2 0 1 1 2 3 4 4 5 5 1 5 tftttt
0111tf	0122334444ttttf	2 0 1 1 2 3 4 4 5 5 1 1 tftttt
0111tf	0122343333tttft	2 0 1 1 2 3 4 4 1 5 1 1 tftttt
0111tf	0122344444ttttf	2 0 1 1 2 3 4 4 5 1 1 1 tftttt
0111tf	0123031444ttttf	2 0 1 1 2 3 4 5 2 5 3 1 tftttt
0111tf	0123032444ttttf	2 0 1 1 2 3 4 5 2 5 4 1 tftttt
0111tf	0123033444ttttf	2 0 1 1 2 3 4 5 2 5 5 1 tftttt
0111tf	0123034344ttttf	2 0 1 1 2 3 4 5 2 5 1 5 tftttt
0111tf	0123034444ttttf	2 0 1 1 2 3 4 5 2 5 1 1 tftttt
0111tf	0123042444ttttf	2 0 1 1 2 3 4 5 2 1 4 1 tftttt
0111tf	0123043313tttft	2 0 1 1 2 4 2 5 3 1 4 1 tftttt
0111tf	0123043333tttft	2 0 1 1 2 4 2 5 3 1 1 1 tftttt
0111tf	0123043343tttft	2 0 1 1 2 4 2 5 3 1 5 1 tftttt
0111tf	0123043444ttttf	2 0 1 1 2 3 4 5 2 1 5 1 tftttt
0111tf	0123044344ttttf	2 0 1 1 2 3 4 5 2 1 1 5 tftttt
0111tf	0123044444ttttf	2 0 1 1 2 3 4 5 2 1 1 1 tftttt
0111tf	0123112444ttttf	2 0 1 1 2 4 4 4 3 5 3 1 tftttt
0111tf	0123113444ttttf	2 0 1 1 2 4 4 4 3 5 5 1 tftttt
0111tf	0123114344ttttf	2 0 1 1 2 4 4 4 3 5 1 5 tftttt
0111tf	0123114444ttttf	2 0 1 1 2 4 4 4 3 5 1 1 tftttt
0111tf	0123142444ttttf	2 0 1 1 2 3 4 5 3 1 4 1 tftttt
0111tf	0123143333tttft	2 0 1 1 2 4 4 5 3 1 1 1 tftttt
0111tf	0123143343tttft	2 0 1 1 2 4 4 5 3 1 5 1 tftttt
0111tf	0123143444ttttf	2 0 1 1 2 3 4 5 3 1 5 1 tftttt
0111tf	0123144344ttttf	2 0 1 1 2 3 4 5 3 1 1 5 tftttt
0111tf	0123144444ttttf	2 0 1 1 2 3 4 5 3 1 1 1 tftttt
0111tf	0123222422ttftt	2 0 1 1 2 3 1 4 1 5 1 1 tftttt
0111tf	0123242244ttttf	2 0 1 1 2 3 5 4 5 5 5 1 tftttt
0111tf	0123243313tttft	2 0 1 1 2 4 3 5 3 1 4 1 tftttt
0111tf	0123243333tttft	2 0 1 1 2 4 3 5 3 1 1 1 tftttt
0111tf	0123243343tttft	2 0 1 1 2 4 3 5 3 1 5 1 tftttt
0111tf	0123244344ttttf	2 0 1 1 2 3 4 5 4 1 1 5 tftttt
0111tf	0123244444ttttf	2 0 1 1 2 3 4 5 4 1 1 1 tftttt
0111tf	0123312444ttttf	2 0 1 1 2 3 4 5 5 3 4 1 tftttt
0111tf	0123313444ttttf	2 0 1 1 2 3 4 5 5 3 5 1 tftttt
0111tf	0123314344ttttf	2 0 1 1 2 3 4 5 5 3 1 5 tftttt
0111tf	0123314444ttttf	2 0 1 1 2 3 4 5 5 3 1 1 tftttt
0111tf	0123332444ttttf	2 0 1 1 2 3 4 5 5 5 4 1 tftttt
0111tf	0123333444ttttf	2 0 1 1 2 3 4 5 5 5 5 1 tftttt
0111tf	0123334344ttttf	2 0 1 1 2 3 4 5 5 5 1 5 tftttt
0111tf	0123334444ttttf	2 0 1 1 2 3 4 5 5 5 1 1 tftttt
0111tf	0123343333tttft	2 0 1 1 2 3 4 1 1 5 1 1 tftttt
0111tf	0123344344ttttf	2 0 1 1 2 3 4 5 5 1 1 5 tftttt
0111tf	0123344444ttttf	2 0 1 1 2 3 4 5 5 1 1 1 tftttt
0111tf	0123412444ttttf	2 0 1 1 2 3 4 5 1 3 4 1 tftttt
0111tf	0123413303tttft	2 0 1 1 2 4 5 4 3 1 2 1 tftttt
0111tf	0123413311tttft	2 0 1 1 2 5 4 5 5 5 3 1 tftttt
0111tf	0123413313tttft	2 0 1 1 2 4 5 4 3 1 4 1 tftttt
0111tf	0123413331tttft	2 0 1 1 2 4 5 4 3 1 1 4 tftttt
0111tf	0123413333tttft	2 0 1 1 2 4 5 4 3 1 1 1 tftttt
0111tf	0123413343tttft	2 0 1 1 2 4 5 4 3 1 5 1 tftttt
0111tf	0123414344ttttf	2 0 1 1 2 3 4 5 1 3 1 5 tftttt
0111tf	0123414444ttttf	2 0 1 1 2 3 4 5 1 3 1 1 tftttt
0111tf	0123422244ttttf	2 0 1 1 2 3 5 4 5 5 1 5 tftttt
0111tf	0123432444ttttf	2 0 1 1 2 3 4 5 1 5 4 1 tftttt
0111tf	0123433303tttft	2 0 1 1 2 3 4 1 5 1 2 1 tftttt
0111tf	0123433311tttft	2 0 1 1 2 4 4 4 5 1 3 1 tftttt
0111tf	0123433321tttft	2 0 1 1 2 4 5 4 5 1 3 1 tftttt
0111tf	0123433331tttft	2 0 1 1 2 3 4 1 5 1 1 3 tftttt
0111tf	0123433333tttft	2 0 1 1 2 3 4 1 5 1 1 1 tftttt
0111tf	0123434444ttttf	2 0 1 1 2 3 4 5 1 5 1 1 tftttt
0111tf	0123442244ttttf	2 0 1 1 2 3 5 4 5 5 1 1 tftttt
0111tf	0123442444ttttf	2 0 1 1 2 3 4 5 1 1 4 1 tftttt
0111tf	0123443333tttft	2 0 1 1 2 4 5 5 3 1 1 1 tftttt
0111tf	0123443343tttft	2 0 1 1 2 4 5 5 3 1 5 1 tftttt
0111tf	0123444244ttttf	2 0 1 1 2 3 4 5 1 1 1 4 tftttt
0111tf	0123444344ttttf	2 0 1 1 2 3 4 5 1 1 1 5 tftttt
