0111tf	01020333tttf	2 0 1 1 2 3 2 4 2 1 tfttt
0111tf	01021333tttf	2 0 1 1 2 3 2 4 3 1 tfttt
0111tf	01022333tttf	2 0 1 1 2 3 2 4 4 1 tfttt
0111tf	01023233tttf	2 0 1 1 2 3 2 4 1 4 tfttt
0111tf	01023333tttf	2 0 1 1 2 3 2 4 1 1 tfttt
0111tf	01121333tttf	2 0 1 1 2 3 3 4 3 1 tfttt
0111tf	01122333tttf	2 0 1 1 2 3 3 4 4 1 tfttt
0111tf	01123233tttf	2 0 1 1 2 3 3 4 1 4 tfttt
0111tf	01123333tttf	2 0 1 1 2 3 3 4 1 1 tfttt
0111tf	01210333tttf	2 0 1 1 2 3 4 3 2 1 tfttt
0111tf	01211333tttf	2 0 1 1 2 3 4 3 3 1 tfttt
0111tf	01212333tttf	2 0 1 1 2 3 4 3 4 1 tfttt
0111tf	01213133tttf	2 0 1 1 2 3 4 3 1 3 tfttt
0111tf	01213233tttf	2 0 1 1 2 3 4 3 1 4 tfttt
0111tf	01213333tttf	2 0 1 1 2 3 4 3 1 1 tfttt
0111tf	01222333tttf	2 0 1 1 2 3 4 4 4 1 tfttt
0111tf	01223233tttf	2 0 1 1 2 3 4 4 1 4 tfttt
0111tf	01223333tttf	2 0 1 1 2 3 4 4 1 1 tfttt
0111tf	01230333tttf	2 0 1 1 2 3 4 1 2 1 tfttt
0111tf	01231133tttf	2 0 1 1 2 4 4 4 3 1 tfttt
0111tf	01232222ttft	2 0 1 1 2 3 1 4 1 1 tfttt
0111tf	01233133tttf	2 0 1 1 2 3 4 1 1 3 tfttt
0111tf	01233333tttf	2 0 1 1 2 3 4 1 1 1 tfttt
