1111tf	01020333tttf	0 2 1 1 0 3 0 1 tftt
1111tf	01021333tttf	0 2 1 1 0 3 2 1 tftt
1111tf	01022333tttf	0 2 1 1 0 3 3 1 tftt
1111tf	01023033tttf	0 2 1 1 0 3 1 0 tftt
1111tf	01023133tttf	0 2 1 1 0 3 1 2 tftt
1111tf	01023233tttf	0 2 1 1 0 3 1 3 tftt
1111tf	01023333tttf	0 2 1 1 0 3 1 1 tftt
1111tf	01120333tttf	0 2 1 1 2 3 0 1 tftt
1111tf	01121333tttf	0 2 1 1 2 3 2 1 tftt
1111tf	01122333tttf	0 2 1 1 2 3 3 1 tftt
1111tf	01123033tttf	0 2 1 1 2 3 1 0 tftt
1111tf	01123133tttf	0 2 1 1 2 3 1 2 tftt
1111tf	01123233tttf	0 2 1 1 2 3 1 3 tftt
1111tf	01123333tttf	0 2 1 1 2 3 1 1 tftt
1111tf	01200333tttf	0 2 1 1 3 0 0 1 tftt
1111tf	01201333tttf	0 2 1 1 3 0 2 1 tftt
1111tf	01202333tttf	0 2 1 1 3 0 3 1 tftt
1111tf	01203033tttf	0 2 1 1 3 0 1 0 tftt
1111tf	01203133tttf	0 2 1 1 3 0 1 2 tftt
1111tf	01203233tttf	0 2 1 1 3 0 1 3 tftt
1111tf	01203333tttf	0 2 1 1 3 0 1 1 tftt
1111tf	01210333tttf	0 2 1 1 3 2 0 1 tftt
1111tf	01211333tttf	0 2 1 1 3 2 2 1 tftt
1111tf	01212333tttf	0 2 1 1 3 2 3 1 tftt
1111tf	01213033tttf	0 2 1 1 3 2 1 0 tftt
1111tf	01213133tttf	0 2 1 1 3 2 1 2 tftt
1111tf	01213233tttf	0 2 1 1 3 2 1 3 tftt
1111tf	01213333tttf	0 2 1 1 3 2 1 1 tftt
1111tf	01220333tttf	0 2 1 1 3 3 0 1 tftt
1111tf	01221333tttf	0 2 1 1 3 3 2 1 tftt
1111tf	01222333tttf	0 2 1 1 3 3 3 1 tftt
1111tf	01223033tttf	0 2 1 1 3 3 1 0 tftt
1111tf	01223133tttf	0 2 1 1 3 3 1 2 tftt
1111tf	01223233tttf	0 2 1 1 3 3 1 3 tftt
1111tf	01223333tttf	0 2 1 1 3 3 1 1 tftt
1111tf	01230033tttf	0 3 1 1 0 0 2 1 tftt
1111tf	01230233tttf	0 3 1 1 0 2 2 1 tftt
1111tf	01230333tttf	0 2 1 1 3 1 0 1 tftt
1111tf	01231033tttf	0 3 1 1 3 0 2 1 tftt
1111tf	01231133tttf	0 3 1 1 3 3 2 1 tftt
1111tf	01231233tttf	0 3 1 1 3 2 2 1 tftt
1111tf	01232033tttf	0 3 1 1 2 0 2 1 tftt
1111tf	01232200ttft	0 3 1 1 0 0 1 2 tftt
1111tf	01232202ttft	0 2 1 1 1 3 0 1 tftt
1111tf	01232203ttft	0 3 1 1 0 2 1 2 tftt
1111tf	01232210ttft	0 3 1 1 3 0 1 2 tftt
1111tf	01232211ttft	0 3 1 1 3 3 1 2 tftt
1111tf	01232212ttft	0 2 1 1 1 3 2 1 tftt
1111tf	01232213ttft	0 3 1 1 3 2 1 2 tftt
1111tf	01232220ttft	0 2 1 1 1 3 1 0 tftt
1111tf	01232222ttft	0 2 1 1 1 3 1 1 tftt
1111tf	01232230ttft	0 3 1 1 2 0 1 2 tftt
1111tf	01232232ttft	0 2 1 1 1 3 3 1 tftt
1111tf	01232233ttft	0 3 1 1 2 2 1 2 tftt
1111tf	01232233tttf	0 3 1 1 2 2 2 1 tftt
1111tf	01233033tttf	0 2 1 1 3 1 1 0 tftt
1111tf	01233133tttf	0 2 1 1 3 1 1 2 tftt
1111tf	01233233tttf	0 2 1 1 3 1 1 3 tftt
1111tf	01233333tttf	0 2 1 1 3 1 1 1 tftt
1111tf	11020333tttf	2 2 1 1 0 3 0 1 tftt
1111tf	11021333tttf	2 2 1 1 0 3 2 1 tftt
1111tf	11022333tttf	2 2 1 1 0 3 3 1 tftt
1111tf	11023033tttf	2 2 1 1 0 3 1 0 tftt
1111tf	11023133tttf	2 2 1 1 0 3 1 2 tftt
1111tf	11023233tttf	2 2 1 1 0 3 1 3 tftt
1111tf	11023333tttf	2 2 1 1 0 3 1 1 tftt
1111tf	11120333tttf	2 2 1 1 2 3 0 1 tftt
1111tf	11121333tttf	2 2 1 1 2 3 2 1 tftt
1111tf	11122333tttf	2 2 1 1 2 3 3 1 tftt
1111tf	11123033tttf	2 2 1 1 2 3 1 0 tftt
1111tf	11123133tttf	2 2 1 1 2 3 1 2 tftt
1111tf	11123233tttf	2 2 1 1 2 3 1 3 tftt
1111tf	11123333tttf	2 2 1 1 2 3 1 1 tftt
1111tf	11220333tttf	2 2 1 1 3 3 0 1 tftt
1111tf	11221333tttf	2 2 1 1 3 3 2 1 tftt
1111tf	11222333tttf	2 2 1 1 3 3 3 1 tftt
1111tf	11223333tttf	2 2 1 1 3 3 1 1 tftt
1111tf	11230033tttf	3 3 1 1 0 0 2 1 tftt
1111tf	11230133tttf	3 3 1 1 0 3 2 1 tftt
1111tf	11230233tttf	3 3 1 1 0 2 2 1 tftt
1111tf	11230333tttf	2 2 1 1 3 1 0 1 tftt
1111tf	11231033tttf	3 3 1 1 3 0 2 1 tftt
1111tf	11231233tttf	3 3 1 1 3 2 2 1 tftt
1111tf	11232033tttf	3 3 1 1 2 0 2 1 tftt
1111tf	11232133tttf	3 3 1 1 2 3 2 1 tftt
1111tf	11232202ttft	2 2 1 1 1 3 0 1 tftt
1111tf	11232212ttft	2 2 1 1 1 3 2 1 tftt
1111tf	11232222ttft	2 2 1 1 1 3 1 1 tftt
1111tf	11232232ttft	2 2 1 1 1 3 3 1 tftt
1111tf	11232233ttft	3 3 1 1 2 2 1 2 tftt
1111tf	12000333tttf	2 3 1 1 0 0 0 1 tftt
1111tf	12001333tttf	2 3 1 1 0 0 2 1 tftt
1111tf	12002333tttf	2 3 1 1 0 0 3 1 tftt
1111tf	12003033tttf	2 3 1 1 0 0 1 0 tftt
1111tf	12003133tttf	2 3 1 1 0 0 1 2 tftt
1111tf	12003233tttf	2 3 1 1 0 0 1 3 tftt
1111tf	12003333tttf	2 3 1 1 0 0 1 1 tftt
1111tf	12010333tttf	2 3 1 1 0 2 0 1 tftt
1111tf	12011333tttf	2 3 1 1 0 2 2 1 tftt
1111tf	12012333tttf	2 3 1 1 0 2 3 1 tftt
1111tf	12013033tttf	2 3 1 1 0 2 1 0 tftt
1111tf	12013133tttf	2 3 1 1 0 2 1 2 tftt
1111tf	12013233tttf	2 3 1 1 0 2 1 3 tftt
1111tf	12013333tttf	2 3 1 1 0 2 1 1 tftt
1111tf	12030133tttf	3 2 1 1 0 3 0 1 tftt
1111tf	12030233tttf	3 2 1 1 0 2 0 1 tftt
1111tf	12031133tttf	3 2 1 1 3 3 0 1 tftt
1111tf	12031333tttf	2 3 1 1 0 1 2 1 tftt
1111tf	12032133tttf	3 2 1 1 2 3 0 1 tftt
1111tf	12032200ttft	2 1 1 1 0 3 0 0 tftt
1111tf	12032202ttft	3 1 1 1 0 1 0 2 tftt
1111tf	12032210ttft	2 1 1 1 0 3 2 0 tftt
1111tf	12032211ttft	2 1 1 1 0 3 2 2 tftt
1111tf	12032213ttft	2 1 1 1 0 3 2 3 tftt
1111tf	12032220ttft	2 1 1 1 0 3 1 0 tftt
1111tf	12032221ttft	2 1 1 1 0 3 1 2 tftt
1111tf	12032222ttft	2 1 1 1 0 3 1 1 tftt
1111tf	12032223ttft	2 1 1 1 0 3 1 3 tftt
1111tf	12032230ttft	2 1 1 1 0 3 3 0 tftt
1111tf	12032231ttft	2 1 1 1 0 3 3 2 tftt
1111tf	12032232ttft	3 1 1 1 2 1 0 2 tftt
1111tf	12032233ttft	2 1 1 1 0 3 3 3 tftt
1111tf	12032233tttf	3 2 1 1 2 2 0 1 tftt
1111tf	12032333tttf	2 3 1 1 0 1 3 1 tftt
1111tf	12033033tttf	2 3 1 1 0 1 1 0 tftt
1111tf	12033133tttf	2 3 1 1 0 1 1 2 tftt
1111tf	12033233tttf	2 3 1 1 0 1 1 3 tftt
1111tf	12033333tttf	2 3 1 1 0 1 1 1 tftt
1111tf	12100333tttf	2 3 1 1 2 0 0 1 tftt
1111tf	12101333tttf	2 3 1 1 2 0 2 1 tftt
1111tf	12102333tttf	2 3 1 1 2 0 3 1 tftt
1111tf	12103133tttf	2 3 1 1 2 0 1 2 tftt
1111tf	12103233tttf	2 3 1 1 2 0 1 3 tftt
1111tf	12103333tttf	2 3 1 1 2 0 1 1 tftt
1111tf	12110300tftt	1 2 1 1 0 3 0 0 tftt
1111tf	12110301tftt	1 2 1 1 0 3 0 1 tftt
1111tf	12110310tftt	1 3 1 1 1 0 0 2 tftt
1111tf	12110311tftt	1 2 1 1 0 3 1 1 tftt
1111tf	12110313tftt	1 3 1 1 1 2 0 2 tftt
1111tf	12110320tftt	1 2 1 1 0 3 2 0 tftt
1111tf	12110321tftt	1 2 1 1 0 3 2 1 tftt
1111tf	12110322tftt	1 2 1 1 0 3 2 2 tftt
1111tf	12110323tftt	1 2 1 1 0 3 2 3 tftt
1111tf	12110330tftt	1 2 1 1 0 3 3 0 tftt
1111tf	12110331tftt	1 2 1 1 0 3 3 1 tftt
1111tf	12110332tftt	1 2 1 1 0 3 3 2 tftt
1111tf	12110333tftt	1 2 1 1 0 3 3 3 tftt
1111tf	12110333tttf	2 3 1 1 2 2 0 1 tftt
1111tf	12111300tftt	1 2 1 1 1 3 0 0 tftt
1111tf	12111301tftt	1 2 1 1 1 3 0 1 tftt
1111tf	12111302tftt	1 2 1 1 1 3 0 2 tftt
1111tf	12111303tftt	1 2 1 1 1 3 0 3 tftt
1111tf	12111311tftt	1 2 1 1 1 3 1 1 tftt
1111tf	12111320tftt	1 2 1 1 1 3 2 0 tftt
1111tf	12111321tftt	1 2 1 1 1 3 2 1 tftt
1111tf	12111322tftt	1 2 1 1 1 3 2 2 tftt
1111tf	12111323tftt	1 2 1 1 1 3 2 3 tftt
1111tf	12111330tftt	1 2 1 1 1 3 3 0 tftt
1111tf	12111331tftt	1 2 1 1 1 3 3 1 tftt
1111tf	12111332tftt	1 2 1 1 1 3 3 2 tftt
1111tf	12111333tftt	1 2 1 1 1 3 3 3 tftt
1111tf	12111333tttf	2 3 1 1 2 2 2 1 tftt
1111tf	12112300tftt	1 2 1 1 2 3 0 0 tftt
1111tf	12112301tftt	1 2 1 1 2 3 0 1 tftt
1111tf	12112302tftt	1 2 1 1 2 3 0 2 tftt
1111tf	12112303tftt	1 2 1 1 2 3 0 3 tftt
1111tf	12112310tftt	1 3 1 1 1 0 3 2 tftt
1111tf	12112311tftt	1 2 1 1 2 3 1 1 tftt
1111tf	12112313tftt	1 3 1 1 1 2 3 2 tftt
1111tf	12112320tftt	1 2 1 1 2 3 2 0 tftt
1111tf	12112321tftt	1 2 1 1 2 3 2 1 tftt
1111tf	12112330tftt	1 2 1 1 2 3 3 0 tftt
1111tf	12112331tftt	1 2 1 1 2 3 3 1 tftt
1111tf	12112333tttf	2 3 1 1 2 2 3 1 tftt
1111tf	12113100tftt	1 2 1 1 3 1 0 0 tftt
1111tf	12113101tftt	1 2 1 1 3 1 0 1 tftt
1111tf	12113102tftt	1 2 1 1 3 1 0 2 tftt
1111tf	12113103tftt	1 2 1 1 3 1 0 3 tftt
1111tf	12113110tftt	1 3 1 1 1 0 2 1 tftt
1111tf	12113111tftt	1 2 1 1 3 1 1 1 tftt
1111tf	12113113tftt	1 3 1 1 1 2 2 1 tftt
1111tf	12113120tftt	1 2 1 1 3 1 2 0 tftt
1111tf	12113122tftt	1 2 1 1 3 1 2 2 tftt
1111tf	12113123tftt	1 2 1 1 3 1 2 3 tftt
1111tf	12113130tftt	1 2 1 1 3 1 3 0 tftt
1111tf	12113132tftt	1 2 1 1 3 1 3 2 tftt
1111tf	12113133tftt	1 2 1 1 3 1 3 3 tftt
1111tf	12113133tttf	2 3 1 1 2 2 1 2 tftt
1111tf	12113200tftt	1 2 1 1 3 2 0 0 tftt
1111tf	12113201tftt	1 2 1 1 3 2 0 1 tftt
1111tf	12113202tftt	1 2 1 1 3 2 0 2 tftt
1111tf	12113203tftt	1 2 1 1 3 2 0 3 tftt
1111tf	12113210tftt	1 3 1 1 1 0 2 3 tftt
1111tf	12113211tftt	1 2 1 1 3 2 1 1 tftt
1111tf	12113213tftt	1 3 1 1 1 2 2 3 tftt
1111tf	12113220tftt	1 2 1 1 3 2 2 0 tftt
1111tf	12113221tftt	1 2 1 1 3 2 2 1 tftt
1111tf	12113230tftt	1 2 1 1 3 2 3 0 tftt
1111tf	12113231tftt	1 2 1 1 3 2 3 1 tftt
1111tf	12113233tttf	2 3 1 1 2 2 1 3 tftt
1111tf	12113300tftt	1 2 1 1 3 3 0 0 tftt
1111tf	12113301tftt	1 2 1 1 3 3 0 1 tftt
1111tf	12113302tftt	1 2 1 1 3 3 0 2 tftt
1111tf	12113303tftt	1 2 1 1 3 3 0 3 tftt
1111tf	12113310tftt	1 3 1 1 1 0 2 2 tftt
1111tf	12113311tftt	1 2 1 1 3 3 1 1 tftt
1111tf	12113313tftt	1 3 1 1 1 2 2 2 tftt
1111tf	12113320tftt	1 2 1 1 3 3 2 0 tftt
1111tf	12113321tftt	1 2 1 1 3 3 2 1 tftt
1111tf	12113330tftt	1 2 1 1 3 3 3 0 tftt
1111tf	12113331tftt	1 2 1 1 3 3 3 1 tftt
1111tf	12113333tttf	2 3 1 1 2 2 1 1 tftt
1111tf	12130133tttf	3 2 1 1 0 3 3 1 tftt
1111tf	12130333tttf	2 3 1 1 2 1 0 1 tftt
1111tf	12131133tttf	3 2 1 1 3 3 3 1 tftt
1111tf	12132133tttf	3 2 1 1 2 3 3 1 tftt
1111tf	12133133tttf	2 3 1 1 2 1 1 2 tftt
1111tf	12133233tttf	2 3 1 1 2 1 1 3 tftt
1111tf	12133333tttf	2 3 1 1 2 1 1 1 tftt
1111tf	12200333tttf	2 3 1 1 3 0 0 1 tftt
1111tf	12201333tttf	2 3 1 1 3 0 2 1 tftt
1111tf	12202333tttf	2 3 1 1 3 0 3 1 tftt
1111tf	12203133tttf	2 3 1 1 3 0 1 2 tftt
1111tf	12203333tttf	2 3 1 1 3 0 1 1 tftt
1111tf	12210333tttf	2 3 1 1 3 2 0 1 tftt
1111tf	12211333tttf	2 3 1 1 3 2 2 1 tftt
1111tf	12212333tttf	2 3 1 1 3 2 3 1 tftt
1111tf	12213133tttf	2 3 1 1 3 2 1 2 tftt
1111tf	12213333tttf	2 3 1 1 3 2 1 1 tftt
1111tf	12220333tttf	2 3 1 1 3 3 0 1 tftt
1111tf	12221333tttf	2 3 1 1 3 3 2 1 tftt
1111tf	12222333tttf	2 3 1 1 3 3 3 1 tftt
1111tf	12223133tttf	2 3 1 1 3 3 1 2 tftt
1111tf	12223333tttf	2 3 1 1 3 3 1 1 tftt
1111tf	12230333tttf	2 3 1 1 3 1 0 1 tftt
1111tf	12233133tttf	2 3 1 1 3 1 1 2 tftt
1111tf	12233333tttf	2 3 1 1 3 1 1 1 tftt
1111tf	12300333tttf	2 3 1 1 1 0 0 1 tftt
1111tf	12301333tttf	2 3 1 1 1 0 2 1 tftt
1111tf	12302333tttf	2 3 1 1 1 0 3 1 tftt
1111tf	12303333tttf	2 3 1 1 1 0 1 1 tftt
1111tf	12311333tttf	2 3 1 1 1 2 2 1 tftt
1111tf	12312333tttf	2 3 1 1 1 2 3 1 tftt
1111tf	12313333tttf	2 3 1 1 1 2 1 1 tftt
1111tf	12321333tttf	2 3 1 1 1 3 2 1 tftt
1111tf	12323333tttf	2 3 1 1 1 3 1 1 tftt
