121121fft	11020333tttf	1 3 1 1 4 4 3 4 2 5 2 1 fftttt
121121fft	11021333tttf	1 3 1 1 4 4 3 4 2 5 4 1 fftttt
121121fft	11022333tttf	1 3 1 1 4 4 3 4 2 5 5 1 fftttt
121121fft	11023033tttf	1 3 1 1 4 4 3 4 2 5 1 2 fftttt
121121fft	11023133tttf	1 3 1 1 4 4 3 4 2 5 1 4 fftttt
121121fft	11023233tttf	1 3 1 1 4 4 3 4 2 5 1 5 fftttt
121121fft	11023333tttf	1 3 1 1 4 4 3 4 2 5 1 1 fftttt
121121fft	11120333tttf	1 3 1 1 4 4 3 4 4 5 2 1 fftttt
121121fft	11123033tttf	1 3 1 1 4 4 3 4 4 5 1 2 fftttt
121121fft	11220333tttf	1 3 1 1 4 4 3 4 5 5 2 1 fftttt
121121fft	11230033tttf	1 3 1 1 5 5 3 5 2 2 4 1 fftttt
121121fft	11230133tttf	1 3 1 1 5 5 3 5 2 5 4 1 fftttt
121121fft	11230233tttf	1 3 1 1 5 5 3 5 2 4 4 1 fftttt
121121fft	11230333tttf	1 3 1 1 4 4 3 4 5 1 2 1 fftttt
121121fft	11231033tttf	1 3 1 1 5 5 3 5 5 2 4 1 fftttt
121121fft	11232033tttf	1 3 1 1 5 5 3 5 4 2 4 1 fftttt
121121fft	11232202ttft	1 3 1 1 4 4 3 4 1 5 2 1 fftttt
121121fft	12000333tttf	1 3 1 1 4 5 3 5 2 2 2 1 fftttt
121121fft	12001333tttf	1 3 1 1 4 5 3 5 2 2 4 1 fftttt
121121fft	12003033tttf	1 3 1 1 4 5 3 5 2 2 1 2 fftttt
121121fft	12003133tttf	1 3 1 1 4 5 3 5 2 2 1 4 fftttt
121121fft	12010333tttf	1 3 1 1 4 5 3 5 2 4 2 1 fftttt
121121fft	12011333tttf	1 3 1 1 4 5 3 5 2 4 4 1 fftttt
121121fft	12013033tttf	1 3 1 1 4 5 3 5 2 4 1 2 fftttt
121121fft	12013133tttf	1 3 1 1 4 5 3 5 2 4 1 4 fftttt
121121fft	12030133tttf	1 3 1 1 5 4 3 4 2 5 2 1 fftttt
121121fft	12030233tttf	1 3 1 1 5 4 3 4 2 4 2 1 fftttt
121121fft	12031133tttf	1 3 1 1 5 4 3 4 5 5 2 1 fftttt
121121fft	12031333tttf	1 3 1 1 4 5 3 5 2 1 4 1 fftttt
121121fft	12032133tttf	1 3 1 1 5 4 3 4 4 5 2 1 fftttt
121121fft	12033033tttf	1 3 1 1 4 5 3 5 2 1 1 2 fftttt
121121fft	12033133tttf	1 3 1 1 4 5 3 5 2 1 1 4 fftttt
121121fft	12100333tttf	1 3 1 1 4 5 3 5 4 2 2 1 fftttt
121121fft	12101333tttf	1 3 1 1 4 5 3 5 4 2 4 1 fftttt
121121fft	12103133tttf	1 3 1 1 4 5 3 5 4 2 1 4 fftttt
121121fft	12110300tftt	1 3 1 1 1 4 3 4 2 5 2 2 fftttt
121121fft	12110301tftt	1 3 1 1 1 4 3 4 2 5 2 1 fftttt
121121fft	12110310tftt	1 4 1 1 1 5 1 2 4 5 2 3 fftttt
121121fft	12110311tftt	1 3 1 1 1 4 3 4 2 5 1 1 fftttt
121121fft	12110313tftt	1 4 1 1 1 5 1 3 4 5 2 3 fftttt
121121fft	12110320tftt	1 3 1 1 1 4 3 4 2 5 4 2 fftttt
121121fft	12110321tftt	1 3 1 1 1 4 3 4 2 5 4 1 fftttt
121121fft	12110322tftt	1 3 1 1 1 5 3 5 5 5 2 4 fftttt
121121fft	12110323tftt	1 3 1 1 1 5 3 5 5 4 2 4 fftttt
121121fft	12110330tftt	1 3 1 1 1 4 3 4 2 5 5 2 fftttt
121121fft	12110331tftt	1 3 1 1 1 4 3 4 2 5 5 1 fftttt
121121fft	12110333tftt	1 3 1 1 1 5 3 5 4 4 2 4 fftttt
121121fft	12110333tttf	1 3 1 1 4 5 3 5 4 4 2 1 fftttt
121121fft	12111300tftt	1 4 1 1 1 3 1 5 4 3 2 2 fftttt
121121fft	12111301tftt	1 4 1 1 1 3 1 5 4 3 2 1 fftttt
121121fft	12111302tftt	1 4 1 1 1 3 1 5 4 3 2 3 fftttt
121121fft	12111303tftt	1 4 1 1 1 3 1 5 4 3 2 5 fftttt
121121fft	12111320tftt	1 4 1 1 1 3 1 5 4 3 3 2 fftttt
121121fft	12111330tftt	1 4 1 1 1 3 1 5 4 3 5 2 fftttt
121121fft	12112300tftt	1 3 1 1 1 4 3 4 4 5 2 2 fftttt
121121fft	12112301tftt	1 3 1 1 1 4 3 4 4 5 2 1 fftttt
121121fft	12112302tftt	1 3 1 1 1 4 3 4 4 5 2 4 fftttt
121121fft	12112303tftt	1 3 1 1 1 4 3 4 4 5 2 5 fftttt
121121fft	12112310tftt	1 4 1 1 1 5 1 2 4 5 5 3 fftttt
121121fft	12112320tftt	1 3 1 1 1 4 3 4 4 5 4 2 fftttt
121121fft	12112330tftt	1 3 1 1 1 4 3 4 4 5 5 2 fftttt
121121fft	12113100tftt	1 3 1 1 1 5 3 5 2 2 4 1 fftttt
121121fft	12113101tftt	1 3 1 1 1 4 3 4 5 1 2 1 fftttt
121121fft	12113102tftt	1 3 1 1 1 5 3 5 2 5 4 1 fftttt
121121fft	12113103tftt	1 3 1 1 1 5 3 5 2 4 4 1 fftttt
121121fft	12113110tftt	1 4 1 1 1 5 1 2 4 5 3 1 fftttt
121121fft	12113120tftt	1 3 1 1 1 5 3 5 5 2 4 1 fftttt
121121fft	12113130tftt	1 3 1 1 1 5 3 5 4 2 4 1 fftttt
121121fft	12113200tftt	1 3 1 1 1 4 3 4 5 4 2 2 fftttt
121121fft	12113201tftt	1 3 1 1 1 4 3 4 5 4 2 1 fftttt
121121fft	12113202tftt	1 3 1 1 1 4 3 4 5 4 2 4 fftttt
121121fft	12113203tftt	1 3 1 1 1 4 3 4 5 4 2 5 fftttt
121121fft	12113210tftt	1 4 1 1 1 5 1 2 4 5 3 5 fftttt
121121fft	12113220tftt	1 3 1 1 1 4 3 4 5 4 4 2 fftttt
121121fft	12113230tftt	1 3 1 1 1 4 3 4 5 4 5 2 fftttt
121121fft	12113300tftt	1 3 1 1 1 4 3 4 5 5 2 2 fftttt
121121fft	12113301tftt	1 3 1 1 1 4 3 4 5 5 2 1 fftttt
121121fft	12113302tftt	1 3 1 1 1 4 3 4 5 5 2 4 fftttt
121121fft	12113303tftt	1 3 1 1 1 4 3 4 5 5 2 5 fftttt
121121fft	12113310tftt	1 4 1 1 1 5 1 2 4 5 3 3 fftttt
121121fft	12113320tftt	1 3 1 1 1 4 3 4 5 5 4 2 fftttt
121121fft	12113330tftt	1 3 1 1 1 4 3 4 5 5 5 2 fftttt
121121fft	12130133tttf	1 3 1 1 5 4 3 4 2 5 5 1 fftttt
121121fft	12130333tttf	1 3 1 1 4 5 3 5 4 1 2 1 fftttt
121121fft	12200333tttf	1 3 1 1 4 5 3 5 5 2 2 1 fftttt
121121fft	12201333tttf	1 3 1 1 4 5 3 5 5 2 4 1 fftttt
121121fft	12203133tttf	1 3 1 1 4 5 3 5 5 2 1 4 fftttt
121121fft	12210333tttf	1 3 1 1 4 5 3 5 5 4 2 1 fftttt
121121fft	12220333tttf	1 3 1 1 4 5 3 5 5 5 2 1 fftttt
121121fft	12230333tttf	1 3 1 1 4 5 3 5 5 1 2 1 fftttt
121121fft	12300333tttf	1 3 1 1 4 5 3 5 1 2 2 1 fftttt
121121fft	12301333tttf	1 3 1 1 4 5 3 5 1 2 4 1 fftttt
