12113123fftf	0102030444ttttf	1 4 1 1 4 2 3 6 5 6 4 7 3 8 4 9 3 10 4 11 3 1 4 2 fffttttttttt
12113123fftf	0102031444ttttf	1 4 1 1 4 2 3 6 5 6 4 7 3 8 4 9 3 10 4 11 6 1 4 2 fffttttttttt
12113123fftf	0102032444ttttf	1 4 1 1 4 2 3 6 5 6 4 7 3 8 4 9 3 10 4 11 8 1 4 2 fffttttttttt
12113123fftf	0102033444ttttf	1 4 1 1 4 2 3 6 5 6 4 7 3 8 4 9 3 10 4 11 10 1 4 2 fffttttttttt
12113123fftf	0102034444ttttf	1 4 1 1 4 2 3 6 5 6 4 7 3 8 4 9 3 10 4 11 1 1 4 2 fffttttttttt
12113123fftf	0102130444ttttf	1 4 1 1 4 2 3 6 5 6 4 7 3 8 4 9 6 10 4 11 3 1 4 2 fffttttttttt
12113123fftf	0102131444ttttf	1 4 1 1 4 2 3 6 5 6 4 7 3 8 4 9 6 10 4 11 6 1 4 2 fffttttttttt
12113123fftf	0102132444ttttf	1 4 1 1 4 2 3 6 5 6 4 7 3 8 4 9 6 10 4 11 8 1 4 2 fffttttttttt
12113123fftf	0102133444ttttf	1 4 1 1 4 2 3 6 5 6 4 7 3 8 4 9 6 10 4 11 10 1 4 2 fffttttttttt
12113123fftf	0102134444ttttf	1 4 1 1 4 2 3 6 5 6 4 7 3 8 4 9 6 10 4 11 1 1 4 2 fffttttttttt
12113123fftf	0102230444ttttf	1 4 1 1 4 2 3 6 5 6 4 7 3 8 4 9 8 10 4 11 3 1 4 2 fffttttttttt
12113123fftf	0102231444ttttf	1 4 1 1 4 2 3 6 5 6 4 7 3 8 4 9 8 10 4 11 6 1 4 2 fffttttttttt
12113123fftf	0102232444ttttf	1 4 1 1 4 2 3 6 5 6 4 7 3 8 4 9 8 10 4 11 8 1 4 2 fffttttttttt
12113123fftf	0102233444ttttf	1 4 1 1 4 2 3 6 5 6 4 7 3 8 4 9 8 10 4 11 10 1 4 2 fffttttttttt
12113123fftf	0102234444ttttf	1 4 1 1 4 2 3 6 5 6 4 7 3 8 4 9 8 10 4 11 1 1 4 2 fffttttttttt
12113123fftf	0102330444ttttf	1 4 1 1 4 2 3 6 5 6 4 7 3 8 4 9 10 10 4 11 3 1 4 2 fffttttttttt
12113123fftf	0102331444ttttf	1 4 1 1 4 2 3 6 5 6 4 7 3 8 4 9 10 10 4 11 6 1 4 2 fffttttttttt
12113123fftf	0102332444ttttf	1 4 1 1 4 2 3 6 5 6 4 7 3 8 4 9 10 10 4 11 8 1 4 2 fffttttttttt
12113123fftf	0102333444ttttf	1 4 1 1 4 2 3 6 5 6 4 7 3 8 4 9 10 10 4 11 10 1 4 2 fffttttttttt
12113123fftf	0102334444ttttf	1 4 1 1 4 2 3 6 5 6 4 7 3 8 4 9 10 10 4 11 1 1 4 2 fffttttttttt
12113123fftf	0102343303tttft	1 4 1 1 4 2 3 7 5 7 4 6 4 8 3 9 4 11 1 10 3 1 4 2 fffttttttttt
12113123fftf	0102343313tttft	1 4 1 1 4 2 3 7 5 7 4 6 4 8 3 9 4 11 1 10 7 1 4 2 fffttttttttt
12113123fftf	0102343323tttft	1 4 1 1 4 2 3 7 5 7 4 6 4 8 3 9 4 11 1 10 9 1 4 2 fffttttttttt
12113123fftf	0102343333tttft	1 4 1 1 4 2 3 7 5 7 4 6 4 8 3 9 4 11 1 10 1 1 4 2 fffttttttttt
12113123fftf	0102343343tttft	1 4 1 1 4 2 3 7 5 7 4 6 4 8 3 9 4 11 1 10 10 1 4 2 fffttttttttt
12113123fftf	0112030444ttttf	1 4 1 1 4 2 3 6 5 6 4 7 6 8 4 9 3 10 4 11 3 1 4 2 fffttttttttt
12113123fftf	0112031444ttttf	1 4 1 1 4 2 3 6 5 6 4 7 6 8 4 9 3 10 4 11 6 1 4 2 fffttttttttt
12113123fftf	0112032444ttttf	1 4 1 1 4 2 3 6 5 6 4 7 6 8 4 9 3 10 4 11 8 1 4 2 fffttttttttt
12113123fftf	0112033444ttttf	1 4 1 1 4 2 3 6 5 6 4 7 6 8 4 9 3 10 4 11 10 1 4 2 fffttttttttt
12113123fftf	0112034444ttttf	1 4 1 1 4 2 3 6 5 6 4 7 6 8 4 9 3 10 4 11 1 1 4 2 fffttttttttt
12113123fftf	0112130444ttttf	1 4 1 1 4 2 3 6 5 6 4 7 6 8 4 9 6 10 4 11 3 1 4 2 fffttttttttt
12113123fftf	0112230444ttttf	1 4 1 1 4 2 3 6 5 6 4 7 6 8 4 9 8 10 4 11 3 1 4 2 fffttttttttt
12113123fftf	0112330444ttttf	1 4 1 1 4 2 3 6 5 6 4 7 6 8 4 9 10 10 4 11 3 1 4 2 fffttttttttt
12113123fftf	0112343303tttft	1 4 1 1 4 2 3 7 5 7 4 6 4 8 7 9 4 11 1 10 3 1 4 2 fffttttttttt
12113123fftf	0122030444ttttf	1 4 1 1 4 2 3 6 5 6 4 7 8 8 4 9 3 10 4 11 3 1 4 2 fffttttttttt
12113123fftf	0122031444ttttf	1 4 1 1 4 2 3 6 5 6 4 7 8 8 4 9 3 10 4 11 6 1 4 2 fffttttttttt
12113123fftf	0122032444ttttf	1 4 1 1 4 2 3 6 5 6 4 7 8 8 4 9 3 10 4 11 8 1 4 2 fffttttttttt
12113123fftf	0122033444ttttf	1 4 1 1 4 2 3 6 5 6 4 7 8 8 4 9 3 10 4 11 10 1 4 2 fffttttttttt
12113123fftf	0122034444ttttf	1 4 1 1 4 2 3 6 5 6 4 7 8 8 4 9 3 10 4 11 1 1 4 2 fffttttttttt
12113123fftf	0122130444ttttf	1 4 1 1 4 2 3 6 5 6 4 7 8 8 4 9 6 10 4 11 3 1 4 2 fffttttttttt
12113123fftf	0122230444ttttf	1 4 1 1 4 2 3 6 5 6 4 7 8 8 4 9 8 10 4 11 3 1 4 2 fffttttttttt
12113123fftf	0122330444ttttf	1 4 1 1 4 2 3 6 5 6 4 7 8 8 4 9 10 10 4 11 3 1 4 2 fffttttttttt
12113123fftf	0122343303tttft	1 4 1 1 4 2 3 7 5 7 4 6 4 8 9 9 4 11 1 10 3 1 4 2 fffttttttttt
12113123fftf	0123040244ttttf	1 4 1 1 4 2 3 7 5 7 4 6 4 9 10 8 3 10 4 11 3 1 4 2 fffttttttttt
12113123fftf	0123041244ttttf	1 4 1 1 4 2 3 7 5 7 4 6 4 9 10 8 7 10 4 11 3 1 4 2 fffttttttttt
12113123fftf	0123042244ttttf	1 4 1 1 4 2 3 7 5 7 4 6 4 9 10 8 10 10 4 11 3 1 4 2 fffttttttttt
12113123fftf	0123043244ttttf	1 4 1 1 4 2 3 7 5 7 4 6 4 9 10 8 8 10 4 11 3 1 4 2 fffttttttttt
12113123fftf	0123044244ttttf	1 4 1 1 4 2 3 7 5 7 4 6 4 8 9 11 4 10 3 1 4 2 1 9 fffttttttttt
12113123fftf	0123140244ttttf	1 4 1 1 4 2 3 7 5 7 4 6 4 9 10 8 3 10 4 11 7 1 4 2 fffttttttttt
12113123fftf	0123220402ttftt	1 4 1 1 4 2 3 9 5 9 4 6 4 8 3 10 4 11 1 7 3 1 4 2 fffttttttttt
12113123fftf	0123220412ttftt	1 4 1 1 4 2 3 9 5 9 4 6 4 8 3 10 4 11 1 7 9 1 4 2 fffttttttttt
12113123fftf	0123220422ttftt	1 4 1 1 4 2 3 9 5 9 4 6 4 8 3 10 4 11 1 7 1 1 4 2 fffttttttttt
12113123fftf	0123220432ttftt	1 4 1 1 4 2 3 9 5 9 4 6 4 8 3 10 4 11 1 7 7 1 4 2 fffttttttttt
12113123fftf	0123220442ttftt	1 4 1 1 4 2 3 9 5 9 4 6 4 8 3 10 4 11 1 7 10 1 4 2 fffttttttttt
12113123fftf	0123221402ttftt	1 4 1 1 4 2 3 9 5 9 4 6 4 8 9 10 4 11 1 7 3 1 4 2 fffttttttttt
12113123fftf	0123222402ttftt	1 4 1 1 4 2 3 8 5 8 4 6 4 7 4 11 1 9 1 10 3 1 4 2 fffttttttttt
12113123fftf	0123223402ttftt	1 4 1 1 4 2 3 9 5 9 4 6 4 8 7 10 4 11 1 7 3 1 4 2 fffttttttttt
12113123fftf	0123224402ttftt	1 4 1 1 4 2 3 9 5 9 4 6 4 8 10 10 4 11 1 7 3 1 4 2 fffttttttttt
12113123fftf	0123240244ttttf	1 4 1 1 4 2 3 7 5 7 4 6 4 9 10 8 3 10 4 11 10 1 4 2 fffttttttttt
12113123fftf	0123340244ttttf	1 4 1 1 4 2 3 7 5 7 4 6 4 9 10 8 3 10 4 11 8 1 4 2 fffttttttttt
12113123fftf	0123440244ttttf	1 4 1 1 4 2 3 7 5 7 4 6 4 9 10 8 3 10 4 11 1 1 4 2 fffttttttttt
12113123fftf	1200030444ttttf	1 4 1 1 4 2 6 8 7 8 4 9 3 3 4 5 3 10 4 11 3 1 4 2 fffttttttttt
12113123fftf	1200031444ttttf	1 4 1 1 4 2 6 8 7 8 4 9 3 3 4 5 3 10 4 11 6 1 4 2 fffttttttttt
12113123fftf	1200032444ttttf	1 4 1 1 4 2 6 8 7 8 4 9 3 3 4 5 3 10 4 11 8 1 4 2 fffttttttttt
12113123fftf	1200033444ttttf	1 4 1 1 4 2 6 8 7 8 4 9 3 3 4 5 3 10 4 11 10 1 4 2 fffttttttttt
12113123fftf	1200034444ttttf	1 4 1 1 4 2 6 8 7 8 4 9 3 3 4 5 3 10 4 11 1 1 4 2 fffttttttttt
12113123fftf	1200130444ttttf	1 4 1 1 4 2 6 8 7 8 4 9 3 3 4 5 6 10 4 11 3 1 4 2 fffttttttttt
12113123fftf	1200131444ttttf	1 4 1 1 4 2 6 8 7 8 4 9 3 3 4 5 6 10 4 11 6 1 4 2 fffttttttttt
12113123fftf	1200132444ttttf	1 4 1 1 4 2 6 8 7 8 4 9 3 3 4 5 6 10 4 11 8 1 4 2 fffttttttttt
12113123fftf	1200133444ttttf	1 4 1 1 4 2 6 8 7 8 4 9 3 3 4 5 6 10 4 11 10 1 4 2 fffttttttttt
12113123fftf	1200134444ttttf	1 4 1 1 4 2 6 8 7 8 4 9 3 3 4 5 6 10 4 11 1 1 4 2 fffttttttttt
12113123fftf	1200230444ttttf	1 4 1 1 4 2 6 8 7 8 4 9 3 3 4 5 8 10 4 11 3 1 4 2 fffttttttttt
12113123fftf	1200231444ttttf	1 4 1 1 4 2 6 8 7 8 4 9 3 3 4 5 8 10 4 11 6 1 4 2 fffttttttttt
12113123fftf	1200330444ttttf	1 4 1 1 4 2 6 8 7 8 4 9 3 3 4 5 10 10 4 11 3 1 4 2 fffttttttttt
12113123fftf	1200331444ttttf	1 4 1 1 4 2 6 8 7 8 4 9 3 3 4 5 10 10 4 11 6 1 4 2 fffttttttttt
12113123fftf	1200343303tttft	1 4 1 1 4 2 6 9 7 9 4 8 3 3 4 5 4 11 1 10 3 1 4 2 fffttttttttt
12113123fftf	1200343313tttft	1 4 1 1 4 2 6 9 7 9 4 8 3 3 4 5 4 11 1 10 6 1 4 2 fffttttttttt
12113123fftf	1203040044ttttf	1 4 1 1 4 2 6 10 7 10 4 11 3 8 4 9 3 3 4 5 3 1 4 2 fffttttttttt
12113123fftf	1203041044ttttf	1 4 1 1 4 2 6 10 7 10 4 11 3 8 4 9 6 3 4 5 3 1 4 2 fffttttttttt
12113123fftf	1203042044ttttf	1 4 1 1 4 2 6 10 7 10 4 11 3 9 4 8 4 5 10 3 3 1 4 2 fffttttttttt
12113123fftf	1203043044ttttf	1 4 1 1 4 2 6 10 7 10 4 11 3 8 4 9 8 3 4 5 3 1 4 2 fffttttttttt
12113123fftf	1203044044ttttf	1 4 1 1 4 2 6 9 7 9 4 10 3 11 4 8 4 5 3 1 4 2 1 3 fffttttttttt
12113123fftf	1203140044ttttf	1 4 1 1 4 2 6 10 7 10 4 11 3 8 4 9 3 3 4 5 6 1 4 2 fffttttttttt
12113123fftf	1203141044ttttf	1 4 1 1 4 2 6 10 7 10 4 11 3 8 4 9 6 3 4 5 6 1 4 2 fffttttttttt
12113123fftf	1203142044ttttf	1 4 1 1 4 2 6 10 7 10 4 11 3 9 4 8 4 5 10 3 6 1 4 2 fffttttttttt
12113123fftf	1203143044ttttf	1 4 1 1 4 2 6 10 7 10 4 11 3 8 4 9 8 3 4 5 6 1 4 2 fffttttttttt
12113123fftf	1203144044ttttf	1 4 1 1 4 2 6 9 7 9 4 10 3 11 4 8 4 5 6 1 4 2 1 3 fffttttttttt
12113123fftf	1203340044ttttf	1 4 1 1 4 2 6 10 7 10 4 11 3 8 4 9 3 3 4 5 8 1 4 2 fffttttttttt
12113123fftf	1203341044ttttf	1 4 1 1 4 2 6 10 7 10 4 11 3 8 4 9 6 3 4 5 8 1 4 2 fffttttttttt
12113123fftf	1203342044ttttf	1 4 1 1 4 2 6 10 7 10 4 11 3 9 4 8 4 5 10 3 9 1 4 2 fffttttttttt
12113123fftf	1203343044ttttf	1 4 1 1 4 2 6 10 7 10 4 11 3 8 4 9 8 3 4 5 8 1 4 2 fffttttttttt
12113123fftf	1203344044ttttf	1 4 1 1 4 2 6 9 7 9 4 10 3 11 4 8 4 5 11 1 4 2 1 3 fffttttttttt
12113123fftf	1210030444ttttf	1 4 1 1 4 2 6 8 7 8 4 9 6 3 4 5 3 10 4 11 3 1 4 2 fffttttttttt
12113123fftf	1210031444ttttf	1 4 1 1 4 2 6 8 7 8 4 9 6 3 4 5 3 10 4 11 6 1 4 2 fffttttttttt
12113123fftf	1210032444ttttf	1 4 1 1 4 2 6 8 7 8 4 9 6 3 4 5 3 10 4 11 8 1 4 2 fffttttttttt
12113123fftf	1210033444ttttf	1 4 1 1 4 2 6 8 7 8 4 9 6 3 4 5 3 10 4 11 10 1 4 2 fffttttttttt
12113123fftf	1210034444ttttf	1 4 1 1 4 2 6 8 7 8 4 9 6 3 4 5 3 10 4 11 1 1 4 2 fffttttttttt
12113123fftf	1210130444ttttf	1 4 1 1 4 2 6 8 7 8 4 9 6 3 4 5 6 10 4 11 3 1 4 2 fffttttttttt
12113123fftf	1210131444ttttf	1 4 1 1 4 2 6 8 7 8 4 9 6 3 4 5 6 10 4 11 6 1 4 2 fffttttttttt
12113123fftf	1210132444ttttf	1 4 1 1 4 2 6 8 7 8 4 9 6 3 4 5 6 10 4 11 8 1 4 2 fffttttttttt
12113123fftf	1210133444ttttf	1 4 1 1 4 2 6 8 7 8 4 9 6 3 4 5 6 10 4 11 10 1 4 2 fffttttttttt
12113123fftf	1210134444ttttf	1 4 1 1 4 2 6 8 7 8 4 9 6 3 4 5 6 10 4 11 1 1 4 2 fffttttttttt
12113123fftf	1210230444ttttf	1 4 1 1 4 2 6 8 7 8 4 9 6 3 4 5 8 10 4 11 3 1 4 2 fffttttttttt
12113123fftf	1210231444ttttf	1 4 1 1 4 2 6 8 7 8 4 9 6 3 4 5 8 10 4 11 6 1 4 2 fffttttttttt
12113123fftf	1210330444ttttf	1 4 1 1 4 2 6 8 7 8 4 9 6 3 4 5 10 10 4 11 3 1 4 2 fffttttttttt
12113123fftf	1210331444ttttf	1 4 1 1 4 2 6 8 7 8 4 9 6 3 4 5 10 10 4 11 6 1 4 2 fffttttttttt
12113123fftf	1210343303tttft	1 4 1 1 4 2 6 9 7 9 4 8 6 3 4 5 4 11 1 10 3 1 4 2 fffttttttttt
12113123fftf	1210343313tttft	1 4 1 1 4 2 6 9 7 9 4 8 6 3 4 5 4 11 1 10 6 1 4 2 fffttttttttt
12113123fftf	1213040044ttttf	1 4 1 1 4 2 6 10 7 10 4 11 6 8 4 9 3 3 4 5 3 1 4 2 fffttttttttt
12113123fftf	1213041044ttttf	1 4 1 1 4 2 6 10 7 10 4 11 6 8 4 9 6 3 4 5 3 1 4 2 fffttttttttt
12113123fftf	1213042044ttttf	1 4 1 1 4 2 6 10 7 10 4 11 6 9 4 8 4 5 10 3 3 1 4 2 fffttttttttt
12113123fftf	1213043044ttttf	1 4 1 1 4 2 6 10 7 10 4 11 6 8 4 9 8 3 4 5 3 1 4 2 fffttttttttt
12113123fftf	1213044044ttttf	1 4 1 1 4 2 6 9 7 9 4 10 6 11 4 8 4 5 3 1 4 2 1 3 fffttttttttt
12113123fftf	1213140044ttttf	1 4 1 1 4 2 6 10 7 10 4 11 6 8 4 9 3 3 4 5 6 1 4 2 fffttttttttt
12113123fftf	1213141044ttttf	1 4 1 1 4 2 6 10 7 10 4 11 6 8 4 9 6 3 4 5 6 1 4 2 fffttttttttt
12113123fftf	1213142044ttttf	1 4 1 1 4 2 6 10 7 10 4 11 6 9 4 8 4 5 10 3 6 1 4 2 fffttttttttt
12113123fftf	1213143044ttttf	1 4 1 1 4 2 6 10 7 10 4 11 6 8 4 9 8 3 4 5 6 1 4 2 fffttttttttt
12113123fftf	1213144044ttttf	1 4 1 1 4 2 6 9 7 9 4 10 6 11 4 8 4 5 6 1 4 2 1 3 fffttttttttt
12113123fftf	1213340044ttttf	1 4 1 1 4 2 6 10 7 10 4 11 6 8 4 9 3 3 4 5 8 1 4 2 fffttttttttt
12113123fftf	1213341044ttttf	1 4 1 1 4 2 6 10 7 10 4 11 6 8 4 9 6 3 4 5 8 1 4 2 fffttttttttt
12113123fftf	1213342044ttttf	1 4 1 1 4 2 6 10 7 10 4 11 6 9 4 8 4 5 10 3 9 1 4 2 fffttttttttt
12113123fftf	1213343044ttttf	1 4 1 1 4 2 6 10 7 10 4 11 6 8 4 9 8 3 4 5 8 1 4 2 fffttttttttt
12113123fftf	1213344044ttttf	1 4 1 1 4 2 6 9 7 9 4 10 6 11 4 8 4 5 11 1 4 2 1 3 fffttttttttt
12113123fftf	1220030444ttttf	1 4 1 1 4 2 6 8 7 8 4 9 8 3 4 5 3 10 4 11 3 1 4 2 fffttttttttt
12113123fftf	1220031444ttttf	1 4 1 1 4 2 6 8 7 8 4 9 8 3 4 5 3 10 4 11 6 1 4 2 fffttttttttt
12113123fftf	1220032444ttttf	1 4 1 1 4 2 6 8 7 8 4 9 8 3 4 5 3 10 4 11 8 1 4 2 fffttttttttt
12113123fftf	1220033444ttttf	1 4 1 1 4 2 6 8 7 8 4 9 8 3 4 5 3 10 4 11 10 1 4 2 fffttttttttt
12113123fftf	1220034444ttttf	1 4 1 1 4 2 6 8 7 8 4 9 8 3 4 5 3 10 4 11 1 1 4 2 fffttttttttt
12113123fftf	1220130444ttttf	1 4 1 1 4 2 6 8 7 8 4 9 8 3 4 5 6 10 4 11 3 1 4 2 fffttttttttt
12113123fftf	1220131444ttttf	1 4 1 1 4 2 6 8 7 8 4 9 8 3 4 5 6 10 4 11 6 1 4 2 fffttttttttt
12113123fftf	1220132444ttttf	1 4 1 1 4 2 6 8 7 8 4 9 8 3 4 5 6 10 4 11 8 1 4 2 fffttttttttt
12113123fftf	1220133444ttttf	1 4 1 1 4 2 6 8 7 8 4 9 8 3 4 5 6 10 4 11 10 1 4 2 fffttttttttt
12113123fftf	1220134444ttttf	1 4 1 1 4 2 6 8 7 8 4 9 8 3 4 5 6 10 4 11 1 1 4 2 fffttttttttt
12113123fftf	1220230444ttttf	1 4 1 1 4 2 6 8 7 8 4 9 8 3 4 5 8 10 4 11 3 1 4 2 fffttttttttt
12113123fftf	1220231444ttttf	1 4 1 1 4 2 6 8 7 8 4 9 8 3 4 5 8 10 4 11 6 1 4 2 fffttttttttt
12113123fftf	1220330444ttttf	1 4 1 1 4 2 6 8 7 8 4 9 8 3 4 5 10 10 4 11 3 1 4 2 fffttttttttt
12113123fftf	1220331444ttttf	1 4 1 1 4 2 6 8 7 8 4 9 8 3 4 5 10 10 4 11 6 1 4 2 fffttttttttt
12113123fftf	1220343303tttft	1 4 1 1 4 2 7 9 6 9 4 8 4 5 9 3 4 11 1 10 3 1 4 2 fffttttttttt
12113123fftf	1220343313tttft	1 4 1 1 4 2 7 9 6 9 4 8 4 5 9 3 4 11 1 10 7 1 4 2 fffttttttttt
12113123fftf	1223040044ttttf	1 4 1 1 4 2 6 10 7 10 4 11 10 8 4 9 3 3 4 5 3 1 4 2 fffttttttttt
12113123fftf	1223041044ttttf	1 4 1 1 4 2 6 10 7 10 4 11 10 8 4 9 6 3 4 5 3 1 4 2 fffttttttttt
12113123fftf	1223042044ttttf	1 4 1 1 4 2 6 10 8 10 4 11 10 7 10 3 4 9 4 5 3 1 4 2 fffttttttttt
12113123fftf	1223043044ttttf	1 4 1 1 4 2 6 10 7 10 4 11 10 8 4 9 8 3 4 5 3 1 4 2 fffttttttttt
12113123fftf	1223044044ttttf	1 4 1 1 4 2 6 9 7 9 4 10 9 11 4 8 4 5 3 1 4 2 1 3 fffttttttttt
12113123fftf	1223140044ttttf	1 4 1 1 4 2 6 10 7 10 4 11 10 8 4 9 3 3 4 5 6 1 4 2 fffttttttttt
12113123fftf	1223141044ttttf	1 4 1 1 4 2 6 10 7 10 4 11 10 8 4 9 6 3 4 5 6 1 4 2 fffttttttttt
12113123fftf	1223142044ttttf	1 4 1 1 4 2 6 10 8 10 4 11 10 7 10 3 4 9 4 5 6 1 4 2 fffttttttttt
12113123fftf	1223143044ttttf	1 4 1 1 4 2 6 10 7 10 4 11 10 8 4 9 8 3 4 5 6 1 4 2 fffttttttttt
12113123fftf	1223144044ttttf	1 4 1 1 4 2 6 9 7 9 4 10 9 11 4 8 4 5 6 1 4 2 1 3 fffttttttttt
12113123fftf	1223340044ttttf	1 4 1 1 4 2 6 10 7 10 4 11 10 8 4 9 3 3 4 5 8 1 4 2 fffttttttttt
12113123fftf	1223341044ttttf	1 4 1 1 4 2 6 10 7 10 4 11 10 8 4 9 6 3 4 5 8 1 4 2 fffttttttttt
12113123fftf	1223342044ttttf	1 4 1 1 4 2 6 10 8 10 4 11 10 7 10 3 4 9 4 5 7 1 4 2 fffttttttttt
12113123fftf	1223343044ttttf	1 4 1 1 4 2 6 10 7 10 4 11 10 8 4 9 8 3 4 5 8 1 4 2 fffttttttttt
12113123fftf	1223344044ttttf	1 4 1 1 4 2 6 9 7 9 4 10 9 11 4 8 4 5 11 1 4 2 1 3 fffttttttttt
12113123fftf	1230030444ttttf	1 4 1 1 4 2 7 8 6 8 4 9 4 5 10 3 3 10 4 11 3 1 4 2 fffttttttttt
12113123fftf	1230031444ttttf	1 4 1 1 4 2 7 8 6 8 4 9 4 5 10 3 3 10 4 11 7 1 4 2 fffttttttttt
12113123fftf	1230032444ttttf	1 4 1 1 4 2 7 8 6 8 4 9 4 5 10 3 3 10 4 11 8 1 4 2 fffttttttttt
12113123fftf	1230033444ttttf	1 4 1 1 4 2 7 8 6 8 4 9 4 5 10 3 3 10 4 11 10 1 4 2 fffttttttttt
12113123fftf	1230034444ttttf	1 4 1 1 4 2 7 8 6 8 4 9 4 5 10 3 3 10 4 11 1 1 4 2 fffttttttttt
12113123fftf	1230043303tttft	1 4 1 1 4 2 9 7 6 7 4 8 4 5 3 10 4 11 1 3 3 1 4 2 fffttttttttt
12113123fftf	1230043313tttft	1 4 1 1 4 2 9 7 6 7 4 8 4 5 3 10 4 11 1 3 9 1 4 2 fffttttttttt
12113123fftf	1230043323tttft	1 4 1 1 4 2 9 7 6 7 4 8 4 5 3 10 4 11 1 3 7 1 4 2 fffttttttttt
12113123fftf	1230043333tttft	1 4 1 1 4 2 9 7 6 7 4 8 4 5 3 10 4 11 1 3 1 1 4 2 fffttttttttt
12113123fftf	1230043343tttft	1 4 1 1 4 2 9 7 6 7 4 8 4 5 3 10 4 11 1 3 10 1 4 2 fffttttttttt
12113123fftf	1230130444ttttf	1 4 1 1 4 2 7 8 6 8 4 9 4 5 10 3 7 10 4 11 3 1 4 2 fffttttttttt
12113123fftf	1230131444ttttf	1 4 1 1 4 2 7 8 6 8 4 9 4 5 10 3 7 10 4 11 7 1 4 2 fffttttttttt
12113123fftf	1230132444ttttf	1 4 1 1 4 2 7 8 6 8 4 9 4 5 10 3 7 10 4 11 8 1 4 2 fffttttttttt
12113123fftf	1230133444ttttf	1 4 1 1 4 2 7 8 6 8 4 9 4 5 10 3 7 10 4 11 10 1 4 2 fffttttttttt
12113123fftf	1230134444ttttf	1 4 1 1 4 2 7 8 6 8 4 9 4 5 10 3 7 10 4 11 1 1 4 2 fffttttttttt
12113123fftf	1230143303tttft	1 4 1 1 4 2 9 7 6 7 4 8 4 5 9 10 4 11 1 3 3 1 4 2 fffttttttttt
12113123fftf	1230143313tttft	1 4 1 1 4 2 9 7 6 7 4 8 4 5 9 10 4 11 1 3 9 1 4 2 fffttttttttt
12113123fftf	1230143323tttft	1 4 1 1 4 2 9 7 6 7 4 8 4 5 9 10 4 11 1 3 7 1 4 2 fffttttttttt
12113123fftf	1230143333tttft	1 4 1 1 4 2 9 7 6 7 4 8 4 5 9 10 4 11 1 3 1 1 4 2 fffttttttttt
12113123fftf	1230143343tttft	1 4 1 1 4 2 9 7 6 7 4 8 4 5 9 10 4 11 1 3 10 1 4 2 fffttttttttt
12113123fftf	1230230444ttttf	1 4 1 1 4 2 7 8 6 8 4 9 4 5 10 3 8 10 4 11 3 1 4 2 fffttttttttt
12113123fftf	1230231444ttttf	1 4 1 1 4 2 7 8 6 8 4 9 4 5 10 3 8 10 4 11 7 1 4 2 fffttttttttt
12113123fftf	1230243303tttft	1 4 1 1 4 2 9 7 6 7 4 8 4 5 7 10 4 11 1 3 3 1 4 2 fffttttttttt
12113123fftf	1230243313tttft	1 4 1 1 4 2 9 7 6 7 4 8 4 5 7 10 4 11 1 3 9 1 4 2 fffttttttttt
12113123fftf	1230330444ttttf	1 4 1 1 4 2 7 8 6 8 4 9 4 5 10 3 10 10 4 11 3 1 4 2 fffttttttttt
12113123fftf	1230331444ttttf	1 4 1 1 4 2 7 8 6 8 4 9 4 5 10 3 10 10 4 11 7 1 4 2 fffttttttttt
12113123fftf	1230343303tttft	1 4 1 1 4 2 8 9 6 9 4 7 4 5 4 11 1 3 1 10 3 1 4 2 fffttttttttt
12113123fftf	1230343313tttft	1 4 1 1 4 2 8 9 6 9 4 7 4 5 4 11 1 3 1 10 8 1 4 2 fffttttttttt
12113123fftf	1230430444ttttf	1 4 1 1 4 2 7 9 6 9 4 8 4 5 10 3 4 11 1 10 3 1 4 2 fffttttttttt
12113123fftf	1230431444ttttf	1 4 1 1 4 2 7 9 6 9 4 8 4 5 10 3 4 11 1 10 7 1 4 2 fffttttttttt
12113123fftf	1230443303tttft	1 4 1 1 4 2 9 7 6 7 4 8 4 5 10 10 4 11 1 3 3 1 4 2 fffttttttttt
12113123fftf	1230443313tttft	1 4 1 1 4 2 9 7 6 7 4 8 4 5 10 10 4 11 1 3 9 1 4 2 fffttttttttt
12113123fftf	1233340044ttttf	1 4 1 1 4 2 6 10 7 10 4 11 8 8 4 9 3 3 4 5 8 1 4 2 fffttttttttt
12113123fftf	1233341044ttttf	1 4 1 1 4 2 6 10 7 10 4 11 8 8 4 9 6 3 4 5 8 1 4 2 fffttttttttt
12113123fftf	1233342044ttttf	1 4 1 1 4 2 6 10 7 10 4 11 9 9 4 8 4 5 10 3 9 1 4 2 fffttttttttt
12113123fftf	1233343044ttttf	1 4 1 1 4 2 6 10 7 10 4 11 8 8 4 9 8 3 4 5 8 1 4 2 fffttttttttt
12113123fftf	1233344044ttttf	1 4 1 1 4 2 6 9 7 9 4 10 11 11 4 8 4 5 11 1 4 2 1 3 fffttttttttt
12113123fftf	1234433300tttft	1 4 1 1 4 2 9 10 6 10 4 11 4 8 3 3 4 5 1 7 7 1 4 2 fffttttttttt
