12113123fftf	01020333tttf	1 4 1 1 4 2 3 6 5 6 4 7 3 8 4 9 3 1 4 2 fffttttttt
12113123fftf	01021333tttf	1 4 1 1 4 2 3 6 5 6 4 7 3 8 4 9 6 1 4 2 fffttttttt
12113123fftf	01022333tttf	1 4 1 1 4 2 3 6 5 6 4 7 3 8 4 9 8 1 4 2 fffttttttt
12113123fftf	01023333tttf	1 4 1 1 4 2 3 6 5 6 4 7 3 8 4 9 1 1 4 2 fffttttttt
12113123fftf	01120333tttf	1 4 1 1 4 2 3 6 5 6 4 7 6 8 4 9 3 1 4 2 fffttttttt
12113123fftf	01220333tttf	1 4 1 1 4 2 3 6 5 6 4 7 8 8 4 9 3 1 4 2 fffttttttt
12113123fftf	01232202ttft	1 4 1 1 4 2 3 7 5 7 4 6 4 9 1 8 3 1 4 2 fffttttttt
12113123fftf	12000333tttf	1 4 1 1 4 2 6 8 7 8 4 9 3 3 4 5 3 1 4 2 fffttttttt
12113123fftf	12001333tttf	1 4 1 1 4 2 6 8 7 8 4 9 3 3 4 5 6 1 4 2 fffttttttt
12113123fftf	12100333tttf	1 4 1 1 4 2 6 8 7 8 4 9 6 3 4 5 3 1 4 2 fffttttttt
12113123fftf	12101333tttf	1 4 1 1 4 2 6 8 7 8 4 9 6 3 4 5 6 1 4 2 fffttttttt
12113123fftf	12200333tttf	1 4 1 1 4 2 6 8 7 8 4 9 8 3 4 5 3 1 4 2 fffttttttt
12113123fftf	12201333tttf	1 4 1 1 4 2 6 8 7 8 4 9 8 3 4 5 6 1 4 2 fffttttttt
12113123fftf	12300333tttf	1 4 1 1 4 2 7 8 6 8 4 9 4 5 1 3 3 1 4 2 fffttttttt
12113123fftf	12301333tttf	1 4 1 1 4 2 7 8 6 8 4 9 4 5 1 3 7 1 4 2 fffttttttt
