1211132431fffft	01122333tttf	1 2 1 1 1 3 2 5 4 10 7 10 4 8 6 5 9 5 10 11 10 12 13 5 12 1 12 3 fffftttttttttt
1211132431fffft	01231233tttf	1 2 1 1 1 3 2 5 4 12 7 12 4 8 6 5 10 5 12 9 12 11 13 5 9 1 9 3 fffftttttttttt
1211132431fftff	01203233tttf	1 6 1 1 3 1 6 2 4 10 7 10 4 8 6 9 6 5 11 4 12 4 6 13 1 12 3 12 fffftttttttttt
1211132431fftff	01232230ttft	1 7 1 1 3 1 7 2 4 12 6 12 7 13 4 8 7 10 9 4 11 4 7 5 1 9 3 9 fffftttttttttt
1211132431fftff	12013033tttf	1 7 1 1 3 1 7 2 9 12 8 12 7 13 9 11 7 10 4 9 6 9 7 5 1 4 3 4 fffftttttttttt
1211132431fftff	12113300tftt	1 5 1 1 3 1 5 2 1 9 1 8 3 9 5 10 5 13 11 11 12 11 4 4 5 6 7 4 fffftttttttttt
1211133421fftff	12113300tftt	1 5 1 1 2 3 5 1 1 10 1 11 2 8 5 10 5 12 6 7 12 12 9 13 4 4 5 4 fffftttttttttt
1211134124ffftf	01122333tttf	1 3 1 1 3 2 1 5 4 9 6 9 7 10 4 5 9 5 9 12 8 13 12 5 12 1 11 2 fffftttttttttt
1211134124ffftf	01221333tttf	1 3 1 1 3 2 1 5 4 9 7 9 4 5 6 11 9 5 12 12 12 5 8 13 9 1 10 2 fffftttttttttt
1211134124ffftf	12002333tttf	1 3 1 1 3 2 1 5 9 12 8 12 10 13 9 5 7 6 4 4 4 5 12 5 12 1 11 2 fffftttttttttt
1211134124ffftf	12032230ttft	1 3 1 1 3 2 1 5 11 1 13 1 12 2 11 5 8 4 8 5 9 6 4 8 4 5 7 10 fffftttttttttt
1211134124ffftf	12200333tttf	1 3 1 1 3 2 1 6 10 12 11 13 8 12 10 6 9 5 4 6 12 4 12 6 4 1 7 2 fffftttttttttt
1211312413fffft	11220333tttf	1 2 1 1 3 1 2 7 9 9 11 9 10 7 9 11 5 7 12 12 8 12 13 7 4 1 6 1 fffftttttttttt
1211312413fffft	11230033tttf	1 2 1 1 3 1 2 7 12 12 8 12 13 7 12 8 10 7 4 4 6 4 5 7 9 1 11 1 fffftttttttttt
1211312413fffft	11230133tttf	1 2 1 1 3 1 2 9 12 12 10 12 4 12 8 12 13 9 12 10 7 9 5 9 6 1 11 1 fffftttttttttt
1211312413fffft	11230233tttf	1 2 1 1 3 1 2 7 12 12 8 12 13 7 12 8 10 7 4 9 6 9 5 7 9 1 11 1 fffftttttttttt
1211312413fffft	11230333tttf	1 2 1 1 3 1 2 8 10 10 7 10 11 8 13 8 10 7 5 8 12 1 9 1 4 1 6 1 fffftttttttttt
1211312413fffft	12200333tttf	1 2 1 1 3 1 2 7 10 12 11 12 8 7 10 9 9 4 5 7 12 4 13 7 4 1 6 1 fffftttttttttt
1211312413fffft	12210333tttf	1 2 1 1 3 1 2 7 10 12 11 12 8 7 10 9 9 10 5 7 12 10 13 7 4 1 6 1 fffftttttttttt
1211312413fffft	12220333tttf	1 2 1 1 3 1 2 9 10 12 11 12 8 12 6 9 5 9 10 8 12 12 13 9 4 1 7 1 fffftttttttttt
1211312413fffft	12230333tttf	1 2 1 1 3 1 2 8 10 12 7 12 11 8 13 8 10 9 5 8 12 1 9 1 4 1 6 1 fffftttttttttt
1211312421fffft	11220333tttf	1 2 1 1 3 1 2 7 9 9 11 9 10 7 10 9 5 7 12 12 8 12 13 7 4 1 6 1 fffftttttttttt
1211312421fffft	11230033tttf	1 2 1 1 3 1 2 5 12 12 13 12 8 12 13 5 10 5 4 4 7 4 6 5 9 1 11 1 fffftttttttttt
1211312421fffft	11230133tttf	1 2 1 1 3 1 2 5 12 12 13 12 10 12 4 12 9 12 13 5 8 5 6 5 7 1 11 1 fffftttttttttt
1211312421fffft	11230233tttf	1 2 1 1 3 1 2 5 12 12 13 12 8 12 13 5 10 5 4 9 7 9 6 5 9 1 11 1 fffftttttttttt
1211312421fffft	11230333tttf	1 2 1 1 3 1 2 5 10 10 11 10 8 10 11 5 13 5 6 5 12 1 9 1 4 1 7 1 fffftttttttttt
1211312421fffft	12200333tttf	1 2 1 1 3 1 2 6 10 12 11 12 8 12 8 6 9 4 5 6 12 4 13 6 4 1 7 1 fffftttttttttt
1211312421fffft	12210333tttf	1 2 1 1 3 1 2 6 10 12 11 12 8 12 8 6 9 10 5 6 12 10 13 6 4 1 7 1 fffftttttttttt
1211312421fffft	12220333tttf	1 2 1 1 3 1 2 6 10 12 11 12 7 12 9 12 7 6 5 6 12 12 13 6 4 1 8 1 fffftttttttttt
1211312421fffft	12230333tttf	1 2 1 1 3 1 2 5 10 12 11 12 8 12 11 5 13 5 6 5 12 1 9 1 4 1 7 1 fffftttttttttt
1211312423fffft	11220333tttf	1 2 1 1 3 1 2 7 9 9 11 9 10 7 10 11 5 7 12 12 8 12 13 7 4 1 6 1 fffftttttttttt
1211312423fffft	11230033tttf	1 2 1 1 3 1 2 7 12 12 8 12 13 7 13 8 10 7 4 4 6 4 5 7 9 1 11 1 fffftttttttttt
1211312423fffft	11230133tttf	1 2 1 1 3 1 2 9 12 12 10 12 4 12 8 12 13 9 13 10 7 9 5 9 6 1 11 1 fffftttttttttt
1211312423fffft	11230233tttf	1 2 1 1 3 1 2 7 12 12 8 12 13 7 13 8 10 7 4 9 6 9 5 7 9 1 11 1 fffftttttttttt
1211312423fffft	11230333tttf	1 2 1 1 3 1 2 7 10 10 8 10 11 7 11 8 13 7 5 7 12 1 9 1 4 1 6 1 fffftttttttttt
1211312423fffft	12200333tttf	1 2 1 1 3 1 2 7 10 12 11 12 8 7 8 9 9 4 5 7 12 4 13 7 4 1 6 1 fffftttttttttt
1211312423fffft	12210333tttf	1 2 1 1 3 1 2 7 10 12 11 12 8 7 8 9 9 10 5 7 12 10 13 7 4 1 6 1 fffftttttttttt
1211312423fffft	12220333tttf	1 2 1 1 3 1 2 8 10 12 11 12 9 12 6 8 6 9 5 8 12 12 13 8 4 1 7 1 fffftttttttttt
1211312423fffft	12230333tttf	1 2 1 1 3 1 2 8 10 12 7 12 11 8 13 8 11 9 5 8 12 1 9 1 4 1 6 1 fffftttttttttt
1211312443fffft	11220333tttf	1 2 1 1 3 1 2 7 9 9 11 9 10 7 7 11 5 7 12 12 8 12 13 7 4 1 6 1 fffftttttttttt
1211312443fffft	11230033tttf	1 2 1 1 3 1 2 7 12 12 8 12 13 7 7 8 10 7 4 4 6 4 5 7 9 1 11 1 fffftttttttttt
1211312443fffft	11230133tttf	1 2 1 1 3 1 2 9 12 12 10 12 4 12 8 12 13 9 9 10 7 9 5 9 6 1 11 1 fffftttttttttt
1211312443fffft	11230233tttf	1 2 1 1 3 1 2 7 12 12 8 12 13 7 7 8 10 7 4 9 6 9 5 7 9 1 11 1 fffftttttttttt
1211312443fffft	11230333tttf	1 2 1 1 3 1 2 8 10 10 7 10 11 8 13 8 8 7 5 8 12 1 9 1 4 1 6 1 fffftttttttttt
1211312443fffft	12200333tttf	1 2 1 1 3 1 2 7 10 12 11 12 8 7 7 9 9 4 5 7 12 4 13 7 4 1 6 1 fffftttttttttt
1211312443fffft	12210333tttf	1 2 1 1 3 1 2 7 10 12 11 12 8 7 7 9 9 10 5 7 12 10 13 7 4 1 6 1 fffftttttttttt
1211312443fffft	12220333tttf	1 2 1 1 3 1 2 9 10 12 11 12 8 12 6 9 5 9 9 8 12 12 13 9 4 1 7 1 fffftttttttttt
1211312443fffft	12230333tttf	1 2 1 1 3 1 2 8 10 12 7 12 11 8 13 8 8 9 5 8 12 1 9 1 4 1 6 1 fffftttttttttt
1211312443fftff	01020333tttf	1 5 1 1 2 3 5 2 4 8 6 8 5 9 7 10 4 11 7 12 5 13 4 1 5 2 7 3 fffftttttttttt
1211312443fftff	01021333tttf	1 5 1 1 2 3 5 2 4 8 6 8 5 9 7 10 4 11 7 12 5 13 8 1 5 2 9 3 fffftttttttttt
1211312443fftff	01022333tttf	1 5 1 1 2 3 5 2 4 8 6 8 5 10 7 9 4 11 5 13 7 12 11 1 5 2 13 3 fffftttttttttt
1211312443fftff	01023033tttf	1 6 1 1 2 3 6 2 4 10 5 11 7 10 6 8 5 9 6 5 4 12 6 13 1 4 2 7 fffftttttttttt
1211312443fftff	01023333tttf	1 5 1 1 2 3 5 2 4 8 7 8 6 9 5 10 4 11 5 12 6 13 1 1 2 3 5 2 fffftttttttttt
1211312443fftff	01123033tttf	1 5 1 1 2 3 5 2 4 10 7 10 6 11 5 8 8 9 5 6 10 12 5 13 1 4 2 7 fffftttttttttt
1211312443fftff	01220333tttf	1 5 1 1 2 3 5 2 4 8 6 8 5 9 7 10 11 11 13 12 5 13 4 1 5 2 7 3 fffftttttttttt
1211312443fftff	01223033tttf	1 5 1 1 2 3 5 2 4 9 6 9 5 11 7 10 5 7 12 12 5 13 13 8 1 4 2 6 fffftttttttttt
1211312443fftff	01230233tttf	1 5 1 1 2 3 5 2 4 11 7 11 6 12 5 13 4 8 5 10 6 9 8 1 5 2 10 3 fffftttttttttt
1211312443fftff	01232200ttft	1 5 1 1 2 3 5 2 4 12 6 12 5 13 7 8 5 11 5 7 4 4 7 6 1 10 2 9 fffftttttttttt
1211312443fftff	01232210ttft	1 5 1 1 2 3 5 2 4 12 6 12 5 13 7 8 5 11 5 7 12 4 13 6 1 10 2 9 fffftttttttttt
1211312443fftff	01232220ttft	1 5 1 1 2 3 5 2 4 10 6 10 5 11 5 13 8 7 5 8 1 12 2 9 1 4 2 6 fffftttttttttt
1211312443fftff	01232230ttft	1 5 1 1 2 3 5 2 4 12 6 12 5 13 7 8 5 11 5 7 10 4 11 6 1 10 2 9 fffftttttttttt
1211312443fftff	11023033tttf	1 5 1 1 2 3 5 2 10 10 11 10 5 7 9 8 5 9 7 11 4 12 5 13 1 4 2 6 fffftttttttttt
1211312443fftff	11123033tttf	1 5 1 1 2 3 5 2 10 10 11 10 5 7 7 8 5 9 7 11 10 12 5 13 1 4 2 6 fffftttttttttt
1211312443fftff	12000333tttf	1 5 1 1 2 3 5 2 8 11 9 11 10 12 5 13 4 4 5 6 6 7 4 1 5 2 6 3 fffftttttttttt
1211312443fftff	12001333tttf	1 5 1 1 2 3 5 2 8 11 9 11 10 12 5 13 4 4 5 6 6 7 8 1 5 2 10 3 fffftttttttttt
1211312443fftff	12003133tttf	1 5 1 1 2 3 5 2 8 12 9 12 5 13 11 10 4 4 5 7 5 11 7 6 1 8 2 9 fffftttttttttt
1211312443fftff	12100333tttf	1 5 1 1 2 3 5 2 8 11 10 11 9 12 5 13 8 4 9 7 5 6 4 1 5 2 6 3 fffftttttttttt
1211312443fftff	12101333tttf	1 5 1 1 2 3 5 2 8 11 10 11 9 12 5 13 8 4 9 7 5 6 8 1 5 2 9 3 fffftttttttttt
1211312443fftff	12103133tttf	1 5 1 1 2 3 5 2 8 12 10 12 5 13 9 11 8 4 9 6 5 7 5 9 1 8 2 10 fffftttttttttt
1211312443fftff	12200333tttf	1 6 1 1 2 3 6 2 8 11 9 12 10 11 6 13 11 4 13 7 6 5 4 1 6 2 5 3 fffftttttttttt
1211312443fftff	12201333tttf	1 6 1 1 2 3 6 2 8 11 9 12 10 11 6 13 11 4 13 7 6 5 8 1 6 2 9 3 fffftttttttttt
1211312443fftff	12203133tttf	1 5 1 1 2 3 5 2 10 12 8 12 5 13 11 9 5 7 5 11 12 4 13 6 1 10 2 8 fffftttttttttt
1211312443fftff	12300333tttf	1 6 1 1 2 3 6 2 9 11 10 12 8 11 6 13 6 5 1 4 2 7 4 1 6 2 5 3 fffftttttttttt
1211312443fftff	12301333tttf	1 6 1 1 2 3 6 2 9 11 10 12 8 11 6 13 6 5 1 4 2 7 9 1 6 2 10 3 fffftttttttttt
1211314124ffftf	12002333tttf	1 3 1 1 3 2 5 1 8 11 10 11 9 12 5 11 4 4 5 4 7 6 11 1 13 2 5 1 fffftttttttttt
1211314124ffftf	12032230ttft	1 3 1 1 3 2 5 1 8 1 10 1 9 2 5 1 4 11 5 11 7 12 11 4 13 6 5 4 fffftttttttttt
1211314124ffftf	12200333tttf	1 3 1 1 3 2 5 1 8 11 9 11 5 11 10 13 11 4 12 7 5 4 4 1 5 1 6 2 fffftttttttttt
1211314321fftff	12002333tttf	1 5 1 1 3 2 5 1 8 11 10 11 9 12 5 11 4 4 5 4 7 6 11 1 13 2 5 1 fffftttttttttt
1211314321fftff	12032230ttft	1 5 1 1 3 2 5 1 8 1 10 1 9 2 5 1 4 11 5 11 7 12 11 4 13 6 5 4 fffftttttttttt
1211314321fftff	12200333tttf	1 5 1 1 3 2 5 1 8 11 9 11 10 13 5 11 11 4 12 6 5 4 4 1 5 1 7 2 fffftttttttttt
1211314324ffftf	12002333tttf	1 3 1 1 3 2 7 1 8 11 7 11 10 12 9 7 4 4 5 6 7 4 11 1 13 2 7 1 fffftttttttttt
1211314324ffftf	12032230ttft	1 3 1 1 3 2 7 1 9 1 7 1 8 2 10 7 7 11 4 11 5 12 11 4 13 6 7 4 fffftttttttttt
1211314324ffftf	12200333tttf	1 3 1 1 3 2 7 1 9 11 7 11 8 13 10 7 7 4 11 4 12 6 4 1 7 1 5 2 fffftttttttttt
1211314324fftff	01020333tttf	1 5 1 1 3 2 5 3 4 8 6 8 7 9 5 10 4 11 7 12 5 13 4 1 7 2 5 3 fffftttttttttt
1211314324fftff	01021333tttf	1 5 1 1 3 2 5 3 4 8 6 8 7 9 5 10 4 11 7 12 5 13 8 1 10 2 5 3 fffftttttttttt
1211314324fftff	01022333tttf	1 5 1 1 3 2 5 3 4 8 6 8 7 9 5 10 4 11 7 12 5 13 11 1 13 2 5 3 fffftttttttttt
1211314324fftff	01023333tttf	1 5 1 1 3 2 5 3 4 8 6 8 7 9 5 10 4 11 7 12 5 13 1 1 3 2 5 3 fffftttttttttt
1211314324fftff	01120333tttf	1 5 1 1 3 2 5 3 4 8 6 8 7 9 5 10 8 11 10 12 5 13 4 1 7 2 5 3 fffftttttttttt
1211314324fftff	01220333tttf	1 5 1 1 3 2 5 3 4 8 6 8 7 9 5 10 11 11 13 12 5 13 4 1 7 2 5 3 fffftttttttttt
1211314324fftff	01232202ttft	1 5 1 1 3 2 5 3 4 9 6 9 7 10 5 8 5 13 1 11 3 12 4 1 7 2 5 3 fffftttttttttt
1211314324fftff	12000333tttf	1 5 1 1 3 2 5 3 8 11 9 11 10 12 5 13 4 4 7 6 5 7 4 1 7 2 5 3 fffftttttttttt
1211314324fftff	12001333tttf	1 5 1 1 3 2 5 3 8 11 9 11 10 12 5 13 4 4 7 6 5 7 8 1 10 2 5 3 fffftttttttttt
1211314324fftff	12100333tttf	1 5 1 1 3 2 5 3 8 11 9 11 10 12 5 13 8 4 10 6 5 7 4 1 7 2 5 3 fffftttttttttt
1211314324fftff	12101333tttf	1 5 1 1 3 2 5 3 8 11 9 11 10 12 5 13 8 4 10 6 5 7 8 1 10 2 5 3 fffftttttttttt
1211314324fftff	12200333tttf	1 5 1 1 3 2 5 3 8 11 9 11 10 12 5 13 11 4 13 6 5 7 4 1 7 2 5 3 fffftttttttttt
1211314324fftff	12201333tttf	1 5 1 1 3 2 5 3 8 11 9 11 10 12 5 13 11 4 13 6 5 7 8 1 10 2 5 3 fffftttttttttt
1211314324fftff	12300333tttf	1 5 1 1 3 2 5 3 9 11 10 11 8 12 5 13 5 7 1 4 3 6 4 1 7 2 5 3 fffftttttttttt
1211314324fftff	12301333tttf	1 5 1 1 3 2 5 3 9 11 10 11 8 12 5 13 5 7 1 4 3 6 9 1 8 2 5 3 fffftttttttttt
1211314423fftff	01020333tttf	1 5 1 1 3 3 5 2 4 8 7 8 5 9 6 10 4 11 6 12 5 13 4 1 5 2 6 3 fffftttttttttt
1211314423fftff	01021333tttf	1 5 1 1 3 3 5 2 4 8 7 8 5 9 6 10 4 11 6 12 5 13 8 1 5 2 10 3 fffftttttttttt
1211314423fftff	01022333tttf	1 5 1 1 3 3 5 2 4 8 6 8 7 10 5 9 4 11 7 13 5 12 11 1 13 3 5 2 fffftttttttttt
1211314423fftff	01023033tttf	1 5 1 1 3 3 5 2 4 10 6 10 7 11 5 8 7 9 5 6 4 12 5 13 1 4 3 7 fffftttttttttt
1211314423fftff	01023333tttf	1 5 1 1 3 3 5 2 4 8 6 8 7 9 5 10 4 11 5 12 7 13 1 1 3 3 5 2 fffftttttttttt
1211314423fftff	01120333tttf	1 5 1 1 3 3 5 2 4 8 7 8 5 9 6 10 8 11 10 12 5 13 4 1 5 2 6 3 fffftttttttttt
1211314423fftff	01123033tttf	1 5 1 1 3 3 5 2 4 10 6 10 7 11 5 9 5 6 11 8 10 12 5 13 1 4 3 7 fffftttttttttt
1211314423fftff	01203233tttf	1 5 1 1 3 3 5 2 4 10 6 10 7 8 5 9 5 6 11 7 12 4 5 13 1 12 3 11 fffftttttttttt
1211314423fftff	01220333tttf	1 6 1 1 3 3 6 2 4 8 6 9 7 8 5 10 11 11 12 12 6 13 4 1 6 2 5 3 fffftttttttttt
1211314423fftff	01223033tttf	1 5 1 1 3 3 5 2 4 10 6 10 7 11 5 8 9 9 5 6 12 12 5 13 1 4 3 7 fffftttttttttt
1211314423fftff	01230233tttf	1 5 1 1 3 3 5 2 4 11 6 11 7 12 5 13 4 8 5 10 7 9 8 1 5 2 9 3 fffftttttttttt
1211314423fftff	01232200ttft	1 5 1 1 3 3 5 2 4 12 7 12 5 13 6 8 5 11 5 7 4 4 6 6 1 10 3 9 fffftttttttttt
1211314423fftff	01232202ttft	1 5 1 1 3 3 5 2 4 9 7 9 5 10 6 8 5 13 1 11 3 12 4 1 5 2 6 3 fffftttttttttt
1211314423fftff	01232210ttft	1 5 1 1 3 3 5 2 4 12 7 12 5 13 6 8 5 10 5 7 8 6 12 4 1 11 3 9 fffftttttttttt
1211314423fftff	01232220ttft	1 5 1 1 3 3 5 2 4 10 8 10 5 11 5 12 6 7 5 8 1 13 3 9 3 6 1 4 fffftttttttttt
1211314423fftff	01232230ttft	1 5 1 1 3 3 5 2 4 12 7 12 5 13 6 8 5 11 5 7 10 4 9 6 1 10 3 9 fffftttttttttt
1211314423fftff	11023033tttf	1 6 1 1 3 3 6 2 10 10 11 11 8 10 6 8 7 9 6 5 4 12 6 13 1 4 3 7 fffftttttttttt
1211314423fftff	11123033tttf	1 6 1 1 3 3 6 2 10 10 11 11 9 10 6 9 6 5 11 8 10 12 6 13 1 4 3 7 fffftttttttttt
1211314423fftff	12001333tttf	1 5 1 1 3 3 5 2 8 11 10 11 9 12 5 13 4 4 5 6 7 7 8 1 5 2 9 3 fffftttttttttt
1211314423fftff	12003133tttf	1 5 1 1 3 3 5 2 8 12 9 12 5 13 10 11 4 4 6 6 5 7 5 9 1 8 3 10 fffftttttttttt
1211314423fftff	12100333tttf	1 5 1 1 3 3 5 2 8 11 9 11 10 12 5 13 8 4 10 7 5 6 4 1 5 2 7 3 fffftttttttttt
1211314423fftff	12101333tttf	1 5 1 1 3 3 5 2 8 11 9 11 10 12 5 13 8 4 10 7 5 6 8 1 5 2 10 3 fffftttttttttt
1211314423fftff	12103133tttf	1 5 1 1 3 3 5 2 8 12 9 12 5 13 10 11 8 4 10 6 5 7 5 9 1 8 3 10 fffftttttttttt
1211314423fftff	12201333tttf	1 5 1 1 3 3 5 2 8 11 9 11 10 12 5 13 11 4 12 7 5 6 8 1 5 2 10 3 fffftttttttttt
1211314423fftff	12203133tttf	1 5 1 1 3 3 5 2 11 12 8 12 5 13 9 10 10 6 5 7 5 8 12 4 1 11 3 9 fffftttttttttt
1211314423fftff	12301333tttf	1 5 1 1 3 3 5 2 9 11 10 11 8 13 5 12 5 6 1 4 3 7 9 1 8 3 5 2 fffftttttttttt
1211342113fffft	11220333tttf	1 3 1 1 3 1 2 7 9 9 11 7 10 9 9 11 6 7 12 12 13 7 8 12 4 1 5 1 fffftttttttttt
1211342113fffft	11230033tttf	1 3 1 1 3 1 2 5 12 12 12 13 13 5 8 12 11 5 4 4 7 5 6 4 9 1 10 1 fffftttttttttt
1211342113fffft	11230133tttf	1 3 1 1 3 1 2 5 12 12 12 13 13 5 10 12 4 12 6 12 9 5 7 5 8 1 11 1 fffftttttttttt
1211342113fffft	11230233tttf	1 3 1 1 3 1 2 5 12 12 12 13 13 5 8 12 11 5 4 9 7 5 6 9 9 1 10 1 fffftttttttttt
1211342113fffft	11230333tttf	1 3 1 1 3 1 2 5 10 10 10 11 11 5 13 5 7 10 8 5 12 1 9 1 4 1 6 1 fffftttttttttt
1211342113fffft	12200333tttf	1 3 1 1 3 1 2 6 10 12 11 12 10 13 8 6 9 4 5 6 12 4 13 6 4 1 7 1 fffftttttttttt
1211342113fffft	12210333tttf	1 3 1 1 3 1 2 6 10 12 11 12 10 13 8 6 9 10 5 6 12 10 13 6 4 1 7 1 fffftttttttttt
1211342113fffft	12220333tttf	1 3 1 1 3 1 2 5 10 12 10 13 11 12 9 12 7 5 6 5 12 12 13 5 4 1 8 1 fffftttttttttt
1211342113fffft	12230333tttf	1 3 1 1 3 1 2 5 10 12 10 13 11 5 13 5 7 12 8 5 12 1 9 1 4 1 6 1 fffftttttttttt
1211342143fffft	11220333tttf	1 3 1 1 3 1 2 7 9 9 11 7 10 9 7 11 6 7 12 12 13 7 8 12 4 1 5 1 fffftttttttttt
1211342143fffft	11230033tttf	1 3 1 1 3 1 2 7 12 12 13 7 8 12 7 13 11 7 4 4 6 7 5 4 9 1 10 1 fffftttttttttt
1211342143fffft	11230133tttf	1 3 1 1 3 1 2 7 12 12 13 7 10 12 7 13 4 12 5 12 9 7 6 7 8 1 11 1 fffftttttttttt
1211342143fffft	11230233tttf	1 3 1 1 3 1 2 7 12 12 13 7 8 12 7 13 11 7 4 9 6 7 5 9 9 1 10 1 fffftttttttttt
1211342143fffft	11230333tttf	1 3 1 1 3 1 2 8 10 10 11 8 13 8 6 10 8 11 7 8 12 1 9 1 4 1 5 1 fffftttttttttt
1211342143fffft	12200333tttf	1 3 1 1 3 1 2 6 10 12 11 12 6 13 8 6 9 4 5 6 12 4 13 6 4 1 7 1 fffftttttttttt
1211342143fffft	12210333tttf	1 3 1 1 3 1 2 6 10 12 11 12 6 13 8 6 9 10 5 6 12 10 13 6 4 1 7 1 fffftttttttttt
1211342143fffft	12220333tttf	1 3 1 1 3 1 2 6 10 12 11 12 6 13 9 12 7 6 5 6 12 12 13 6 4 1 8 1 fffftttttttttt
1211342143fffft	12230333tttf	1 3 1 1 3 1 2 8 10 12 11 8 13 8 6 12 8 13 7 8 12 1 9 1 4 1 5 1 fffftttttttttt
1211342143fftff	12113300tftt	1 6 1 1 2 3 6 1 1 10 2 8 3 11 6 10 6 12 5 7 12 12 9 13 4 4 6 4 fffftttttttttt
1211342143fftff	12300333tttf	1 6 1 1 2 3 6 1 9 11 10 12 8 13 6 11 6 4 1 4 2 7 4 1 6 1 5 3 fffftttttttttt
1211344123fftff	01022333tttf	1 7 1 1 3 1 7 2 4 8 6 8 7 9 5 10 4 11 6 11 7 12 11 1 13 1 7 2 fffftttttttttt
1211344123fftff	01203233tttf	1 6 1 1 3 1 6 2 4 10 7 10 5 8 6 9 6 5 11 4 12 4 6 13 1 12 3 12 fffftttttttttt
1211344123fftff	01220333tttf	1 7 1 1 3 1 7 2 4 8 6 8 7 9 5 10 11 11 13 11 7 12 4 1 6 1 7 2 fffftttttttttt
1211344123fftff	01223033tttf	1 6 1 1 3 1 6 2 4 9 7 9 5 11 6 10 6 5 12 12 8 12 6 13 1 4 3 4 fffftttttttttt
1211344123fftff	01230233tttf	1 7 1 1 3 1 7 2 4 11 6 11 7 12 5 13 4 8 6 8 7 9 8 1 10 1 7 2 fffftttttttttt
1211344123fftff	01232230ttft	1 7 1 1 3 1 7 2 4 12 6 12 7 13 5 8 7 10 9 4 11 4 7 5 1 9 3 9 fffftttttttttt
1211344123fftff	12001333tttf	1 6 1 1 3 1 6 2 8 11 9 11 10 13 6 12 4 4 6 5 7 4 8 1 9 1 6 2 fffftttttttttt
1211344123fftff	12013033tttf	1 7 1 1 3 1 7 2 9 12 8 12 7 13 10 11 7 10 4 9 6 9 7 5 1 4 3 4 fffftttttttttt
1211344123fftff	12033033tttf	1 6 1 1 3 1 6 2 9 12 11 12 10 8 6 13 6 5 4 1 7 1 6 2 1 4 3 4 fffftttttttttt
1211344123fftff	12113300tftt	1 5 1 1 3 1 5 2 1 9 2 8 3 9 5 10 5 13 11 11 12 11 4 4 5 6 7 4 fffftttttttttt
1211344321fftff	01022333tttf	1 6 1 1 3 2 6 1 4 8 6 8 7 9 5 10 4 11 6 11 5 12 11 1 13 2 6 1 fffftttttttttt
1211344321fftff	01220333tttf	1 7 1 1 3 2 7 1 4 8 6 9 7 8 5 10 11 11 12 13 7 11 4 1 7 1 6 2 fffftttttttttt
1211344321fftff	12000333tttf	1 5 1 1 3 2 5 1 8 11 10 12 9 13 5 11 4 4 5 4 7 6 4 1 5 1 7 2 fffftttttttttt
1211344321fftff	12001333tttf	1 5 1 1 3 2 5 1 8 11 10 13 9 12 5 11 4 4 5 4 7 6 8 1 9 2 5 1 fffftttttttttt
1211344321fftff	12002333tttf	1 6 1 1 3 2 6 1 8 11 10 12 9 13 6 11 4 4 7 5 6 4 11 1 13 2 6 1 fffftttttttttt
1211344321fftff	12003333tttf	1 7 1 1 3 2 7 1 8 11 10 12 7 11 9 13 4 4 6 5 7 4 1 1 3 2 7 1 fffftttttttttt
1211344321fftff	12032230ttft	1 6 1 1 3 2 6 1 8 1 10 2 9 3 6 1 4 11 7 12 6 11 11 4 13 5 6 4 fffftttttttttt
1211344321fftff	12100333tttf	1 5 1 1 3 2 5 1 8 11 9 12 10 13 5 11 8 4 10 6 5 4 4 1 5 1 7 2 fffftttttttttt
1211344321fftff	12200333tttf	1 5 1 1 3 2 5 1 8 11 9 12 10 13 5 11 11 4 12 6 5 4 4 1 5 1 7 2 fffftttttttttt
1211344321fftff	12300333tttf	1 5 1 1 3 2 5 1 9 11 10 12 8 13 5 11 5 4 1 4 3 6 4 1 5 1 7 2 fffftttttttttt
1223343341fftff	12113300tftt	1 11 11 2 2 2 3 1 11 7 11 10 13 4 10 10 6 9 11 12 12 12 2 8 2 7 3 5 fffftttttttttt
1223344144fftff	01023033tttf	1 7 7 2 3 1 3 3 7 5 8 6 7 9 9 11 8 11 8 10 7 12 8 13 3 4 3 8 fffftttttttttt
1223344144fftff	01123033tttf	1 6 6 2 3 1 3 3 6 9 6 8 8 11 7 11 7 10 11 5 6 12 11 13 3 4 3 7 fffftttttttttt
1223344144fftff	01223033tttf	1 5 5 2 3 1 3 3 5 10 7 11 6 11 6 9 5 7 5 12 13 8 13 13 3 4 3 6 fffftttttttttt
1223344144fftff	01232200ttft	1 6 6 2 3 1 3 3 6 12 5 13 7 13 5 8 6 10 6 7 5 4 5 5 3 9 3 11 fffftttttttttt
1223344144fftff	01232210ttft	1 6 6 2 3 1 3 3 6 12 5 13 7 13 5 9 6 7 6 10 13 4 13 5 3 8 3 11 fffftttttttttt
1223344144fftff	01232220ttft	1 6 6 2 3 1 3 3 6 10 6 11 8 13 7 13 7 5 6 8 3 9 3 4 3 7 3 12 fffftttttttttt
1223344144fftff	01232230ttft	1 6 6 2 3 1 3 3 6 12 5 13 7 13 5 8 6 10 6 7 11 4 11 5 3 9 3 11 fffftttttttttt
1223344144fftff	11023033tttf	1 7 7 2 3 1 3 3 7 5 9 6 7 8 5 11 11 10 11 11 7 12 9 13 3 4 3 9 fffftttttttttt
1223344144fftff	11123033tttf	1 6 6 2 3 1 3 3 6 9 6 7 9 11 11 10 11 11 11 5 6 12 11 13 3 4 3 8 fffftttttttttt
1223344144fftff	12003133tttf	1 5 5 2 3 1 3 3 5 12 10 13 11 13 11 9 5 7 5 10 6 4 6 6 3 8 3 11 fffftttttttttt
1223344144fftff	12103133tttf	1 5 5 2 3 1 3 3 5 12 10 13 11 13 11 9 5 7 5 10 11 4 11 6 3 8 3 11 fffftttttttttt
1223344144fftff	12203133tttf	1 5 5 2 3 1 3 3 5 12 10 13 11 13 11 9 5 7 5 10 13 4 13 6 3 8 3 11 fffftttttttttt
1234432144fftff	01203233tttf	2 6 1 1 3 1 6 2 7 10 5 10 5 8 6 9 6 4 11 5 13 5 6 12 3 13 1 13 fffftttttttttt
1234432144fftff	01232230ttft	1 7 3 2 2 2 7 1 4 10 6 10 7 9 10 8 7 5 11 13 10 13 7 12 3 4 2 4 fffftttttttttt
1234432144fftff	12013033tttf	2 7 1 1 3 1 7 2 8 13 10 13 7 12 10 11 7 9 6 10 5 10 7 4 3 5 1 5 fffftttttttttt
1234432144fftff	12113300tftt	1 12 3 2 2 2 12 1 13 13 12 11 12 8 12 10 5 4 4 4 6 13 3 9 2 7 2 9 fffftttttttttt
1234433321fftff	01023033tttf	1 6 2 3 2 2 6 1 5 11 5 10 7 10 6 8 5 9 6 4 5 13 6 12 2 7 2 5 fffftttttttttt
1234433321fftff	01123033tttf	1 5 2 3 2 2 5 1 6 11 7 10 6 10 5 9 5 4 10 8 10 13 5 12 2 7 2 6 fffftttttttttt
1234433321fftff	01223033tttf	1 5 2 3 2 2 5 1 6 11 7 10 6 10 5 9 5 4 13 8 13 13 5 12 2 7 2 6 fffftttttttttt
1234433321fftff	01232200ttft	1 9 2 3 2 2 9 1 10 6 9 4 9 7 10 11 10 10 11 13 10 13 9 12 2 5 2 8 fffftttttttttt
1234433321fftff	01232210ttft	1 7 2 3 2 2 7 1 8 6 7 4 7 10 9 13 8 13 7 12 13 9 13 8 2 5 2 11 fffftttttttttt
1234433321fftff	01232220ttft	1 6 2 3 2 2 6 1 7 9 6 4 8 13 7 13 6 10 6 11 2 5 2 8 2 7 2 12 fffftttttttttt
1234433321fftff	01232230ttft	1 9 2 3 2 2 9 1 10 6 9 4 9 7 8 11 8 10 11 13 10 13 9 12 2 5 2 8 fffftttttttttt
1234433321fftff	11023033tttf	1 5 2 3 2 2 5 1 10 11 11 10 10 10 5 8 6 9 5 4 6 13 5 12 2 7 2 6 fffftttttttttt
1234433321fftff	11123033tttf	1 5 2 3 2 2 5 1 10 11 11 10 10 10 5 9 5 4 10 8 10 13 5 12 2 7 2 6 fffftttttttttt
1234433321fftff	12003133tttf	1 9 2 3 2 2 9 1 6 8 10 11 10 10 9 4 9 5 7 13 6 13 9 12 2 7 2 6 fffftttttttttt
1234433321fftff	12103133tttf	1 9 2 3 2 2 9 1 6 8 6 11 6 10 9 4 9 5 7 13 6 13 9 12 2 7 2 6 fffftttttttttt
1234433321fftff	12203133tttf	1 7 2 3 2 2 7 1 11 6 7 4 7 10 5 13 11 13 7 12 13 9 13 8 2 5 2 11 fffftttttttttt
