1211132431fffft	011222ttf	1 2 1 1 1 3 2 5 4 9 7 9 4 8 6 5 10 5 9 1 9 3 ffffttttttt
1211132431fftff	012022ttf	1 7 1 1 3 1 7 2 4 9 6 9 7 10 4 8 7 5 1 4 3 4 ffffttttttt
1211134124ffftf	011222ttf	1 3 1 1 3 2 1 5 4 9 6 9 7 10 4 5 9 5 9 1 8 2 ffffttttttt
1211134124ffftf	120022ttf	1 3 1 1 3 2 1 5 9 1 8 1 10 2 9 5 7 6 4 4 4 5 ffffttttttt
1211312423fffft	110222ttf	1 2 1 1 3 1 2 7 9 9 8 9 10 7 10 8 5 7 4 1 6 1 ffffttttttt
1211312443fftff	010222ttf	1 5 1 1 2 3 5 2 4 8 7 8 6 9 5 10 4 1 5 2 6 3 ffffttttttt
1211314124ffftf	120022ttf	1 3 1 1 3 2 5 1 8 1 10 1 9 2 5 1 4 4 5 4 7 6 ffffttttttt
1211314321fftff	120022ttf	1 5 1 1 3 2 5 1 8 1 10 1 9 2 5 1 4 4 5 4 7 6 ffffttttttt
1211314324ffftf	120022ttf	1 3 1 1 3 2 7 1 8 1 7 1 10 2 9 7 4 4 5 6 7 4 ffffttttttt
1211314324fftff	010222ttf	1 5 1 1 3 2 5 3 4 8 6 8 7 9 5 10 4 1 7 2 5 3 ffffttttttt
1211314423fftff	010222ttf	1 5 1 1 3 3 5 2 4 8 6 8 7 9 5 10 4 1 5 2 7 3 ffffttttttt
1211314423fftff	012022ttf	1 5 1 1 3 3 5 2 4 9 7 9 5 10 6 8 5 7 1 4 3 6 ffffttttttt
1211344123fftff	010222ttf	1 7 1 1 3 1 7 2 4 8 6 8 7 9 5 10 4 1 6 1 7 2 ffffttttttt
1211344123fftff	012022ttf	1 7 1 1 3 1 7 2 4 9 6 9 7 10 5 8 7 5 1 4 3 4 ffffttttttt
1211344321fftff	010222ttf	1 6 1 1 3 2 6 1 4 8 6 8 7 9 5 10 4 1 6 1 5 2 ffffttttttt
1211344321fftff	120022ttf	1 6 1 1 3 2 6 1 8 1 10 2 9 3 6 1 4 4 7 5 6 4 ffffttttttt
1234432144fftff	012022ttf	1 7 3 2 2 2 7 1 6 10 5 10 7 9 5 8 7 4 3 5 2 5 ffffttttttt
