0111tf	01020333tttf	2 0 1 1 2 3 2 4 2 1 tfttt
0111tf	01021333tttf	2 0 1 1 2 3 2 4 3 1 tfttt
0111tf	01022333tttf	2 0 1 1 2 3 2 4 4 1 tfttt
0111tf	01023033tttf	2 0 1 1 2 3 2 4 1 2 tfttt
0111tf	01023133tttf	2 0 1 1 2 3 2 4 1 3 tfttt
0111tf	01023233tttf	2 0 1 1 2 3 2 4 1 4 tfttt
0111tf	01023333tttf	2 0 1 1 2 3 2 4 1 1 tfttt
0111tf	01120333tttf	2 0 1 1 2 3 3 4 2 1 tfttt
0111tf	01121333tttf	2 0 1 1 2 3 3 4 3 1 tfttt
0111tf	01122333tttf	2 0 1 1 2 3 3 4 4 1 tfttt
0111tf	01123033tttf	2 0 1 1 2 3 3 4 1 2 tfttt
0111tf	01123133tttf	2 0 1 1 2 3 3 4 1 3 tfttt
0111tf	01123233tttf	2 0 1 1 2 3 3 4 1 4 tfttt
0111tf	01123333tttf	2 0 1 1 2 3 3 4 1 1 tfttt
0111tf	01200333tttf	2 0 1 1 2 3 4 2 2 1 tfttt
0111tf	01201333tttf	2 0 1 1 2 3 4 2 3 1 tfttt
0111tf	01202333tttf	2 0 1 1 2 3 4 2 4 1 tfttt
0111tf	01203033tttf	2 0 1 1 2 3 4 2 1 2 tfttt
0111tf	01203133tttf	2 0 1 1 2 3 4 2 1 3 tfttt
0111tf	01203233tttf	2 0 1 1 2 3 4 2 1 4 tfttt
0111tf	01203333tttf	2 0 1 1 2 3 4 2 1 1 tfttt
0111tf	01210333tttf	2 0 1 1 2 3 4 3 2 1 tfttt
0111tf	01211333tttf	2 0 1 1 2 3 4 3 3 1 tfttt
0111tf	01212333tttf	2 0 1 1 2 3 4 3 4 1 tfttt
0111tf	01213033tttf	2 0 1 1 2 3 4 3 1 2 tfttt
0111tf	01213133tttf	2 0 1 1 2 3 4 3 1 3 tfttt
0111tf	01213233tttf	2 0 1 1 2 3 4 3 1 4 tfttt
0111tf	01213333tttf	2 0 1 1 2 3 4 3 1 1 tfttt
0111tf	01220333tttf	2 0 1 1 2 3 4 4 2 1 tfttt
0111tf	01221333tttf	2 0 1 1 2 3 4 4 3 1 tfttt
0111tf	01222333tttf	2 0 1 1 2 3 4 4 4 1 tfttt
0111tf	01223033tttf	2 0 1 1 2 3 4 4 1 2 tfttt
0111tf	01223133tttf	2 0 1 1 2 3 4 4 1 3 tfttt
0111tf	01223233tttf	2 0 1 1 2 3 4 4 1 4 tfttt
0111tf	01223333tttf	2 0 1 1 2 3 4 4 1 1 tfttt
0111tf	01230033tttf	3 0 1 1 3 3 3 4 2 1 tfttt
0111tf	01230333tttf	2 0 1 1 2 3 4 1 2 1 tfttt
0111tf	01231033tttf	2 0 1 1 2 4 4 2 3 1 tfttt
0111tf	01231133tttf	2 0 1 1 2 4 4 4 3 1 tfttt
0111tf	01231233tttf	2 0 1 1 2 4 4 3 3 1 tfttt
0111tf	01232033tttf	3 0 1 1 2 3 3 4 2 1 tfttt
0111tf	01232200ttft	3 0 1 1 3 3 3 4 1 2 tfttt
0111tf	01232202ttft	2 0 1 1 2 3 1 4 2 1 tfttt
0111tf	01232210ttft	2 0 1 1 2 4 4 2 1 3 tfttt
0111tf	01232211ttft	2 0 1 1 2 4 4 4 1 3 tfttt
0111tf	01232212ttft	2 0 1 1 2 3 1 4 3 1 tfttt
0111tf	01232213ttft	2 0 1 1 2 4 4 3 1 3 tfttt
0111tf	01232220ttft	2 0 1 1 2 3 1 4 1 2 tfttt
0111tf	01232222ttft	2 0 1 1 2 3 1 4 1 1 tfttt
0111tf	01232230ttft	3 0 1 1 2 3 3 4 1 2 tfttt
0111tf	01232232ttft	2 0 1 1 2 3 1 4 4 1 tfttt
0111tf	01232233ttft	3 0 1 1 2 2 3 4 1 2 tfttt
0111tf	01232233tttf	3 0 1 1 2 2 3 4 2 1 tfttt
0111tf	01233033tttf	2 0 1 1 2 3 4 1 1 2 tfttt
0111tf	01233133tttf	2 0 1 1 2 3 4 1 1 3 tfttt
0111tf	01233233tttf	2 0 1 1 2 3 4 1 1 4 tfttt
0111tf	01233333tttf	2 0 1 1 2 3 4 1 1 1 tfttt
0111tf	11020333tttf	3 0 1 1 3 3 2 4 2 1 tfttt
0111tf	11021333tttf	3 0 1 1 3 3 2 4 3 1 tfttt
0111tf	11022333tttf	3 0 1 1 3 3 2 4 4 1 tfttt
0111tf	11023033tttf	3 0 1 1 3 3 2 4 1 2 tfttt
0111tf	11023133tttf	3 0 1 1 3 3 2 4 1 3 tfttt
0111tf	11023233tttf	3 0 1 1 3 3 2 4 1 4 tfttt
0111tf	11023333tttf	3 0 1 1 3 3 2 4 1 1 tfttt
0111tf	11120333tttf	3 0 1 1 3 3 3 4 2 1 tfttt
0111tf	11123033tttf	3 0 1 1 3 3 3 4 1 2 tfttt
0111tf	11220333tttf	3 0 1 1 3 3 4 4 2 1 tfttt
0111tf	11230033tttf	4 0 1 1 4 4 2 2 3 1 tfttt
0111tf	11230133tttf	4 0 1 1 4 4 2 4 3 1 tfttt
0111tf	11230233tttf	4 0 1 1 4 4 2 3 3 1 tfttt
0111tf	11230333tttf	3 0 1 1 3 3 4 1 2 1 tfttt
0111tf	11231033tttf	4 0 1 1 4 3 4 4 2 1 tfttt
0111tf	11232033tttf	4 0 1 1 4 4 3 2 3 1 tfttt
0111tf	11232202ttft	3 0 1 1 3 3 1 4 2 1 tfttt
0111tf	12000333tttf	2 0 1 1 3 3 2 4 3 1 tfttt
0111tf	12001333tttf	2 0 1 1 3 3 2 4 2 1 tfttt
0111tf	12002333tttf	2 0 1 1 3 3 2 4 4 1 tfttt
0111tf	12003033tttf	2 0 1 1 3 3 2 4 1 3 tfttt
0111tf	12003133tttf	2 0 1 1 3 3 2 4 1 2 tfttt
0111tf	12003233tttf	2 0 1 1 3 3 2 4 1 4 tfttt
0111tf	12003333tttf	2 0 1 1 3 3 2 4 1 1 tfttt
0111tf	12010333tttf	2 0 1 1 3 2 2 4 3 1 tfttt
0111tf	12011333tttf	2 0 1 1 3 2 2 4 2 1 tfttt
0111tf	12012333tttf	2 0 1 1 3 2 2 4 4 1 tfttt
0111tf	12013033tttf	2 0 1 1 3 2 2 4 1 3 tfttt
0111tf	12013133tttf	2 0 1 1 3 2 2 4 1 2 tfttt
0111tf	12013233tttf	2 0 1 1 3 2 2 4 1 4 tfttt
0111tf	12013333tttf	2 0 1 1 3 2 2 4 1 1 tfttt
0111tf	12030133tttf	4 0 1 1 4 3 2 4 2 1 tfttt
0111tf	12030233tttf	4 0 1 1 4 3 2 3 2 1 tfttt
0111tf	12031133tttf	4 0 1 1 4 3 4 4 2 1 tfttt
0111tf	12031333tttf	3 0 1 1 3 4 2 1 3 1 tfttt
0111tf	12032133tttf	4 0 1 1 4 3 3 4 2 1 tfttt
0111tf	12032200ttft	2 0 1 1 4 3 4 4 2 1 tfttt
0111tf	12032202ttft	2 0 1 1 3 4 2 1 3 1 tfttt
0111tf	12032210ttft	2 0 1 1 4 3 2 4 2 1 tfttt
0111tf	12032211ttft	3 0 1 1 3 3 4 2 3 1 tfttt
0111tf	12032220ttft	2 0 1 1 3 4 2 1 1 3 tfttt
0111tf	12032221ttft	2 0 1 1 3 4 2 1 1 2 tfttt
0111tf	12032222ttft	2 0 1 1 3 4 2 1 1 1 tfttt
0111tf	12032223ttft	2 0 1 1 3 4 2 1 1 4 tfttt
0111tf	12032230ttft	2 0 1 1 4 3 3 4 2 1 tfttt
0111tf	12032231ttft	3 0 1 1 2 3 4 2 3 1 tfttt
0111tf	12032232ttft	2 0 1 1 3 4 2 1 4 1 tfttt
0111tf	12032233ttft	3 0 1 1 2 2 4 2 3 1 tfttt
0111tf	12032233tttf	4 0 1 1 4 3 3 3 2 1 tfttt
0111tf	12032333tttf	3 0 1 1 3 4 2 1 4 1 tfttt
0111tf	12033033tttf	3 0 1 1 3 4 2 1 1 2 tfttt
0111tf	12033133tttf	3 0 1 1 3 4 2 1 1 3 tfttt
0111tf	12033233tttf	3 0 1 1 3 4 2 1 1 4 tfttt
0111tf	12033333tttf	3 0 1 1 3 4 2 1 1 1 tfttt
0111tf	12100333tttf	2 0 1 1 2 3 2 4 3 1 tfttt
0111tf	12101333tttf	2 0 1 1 2 3 2 4 2 1 tfttt
0111tf	12102333tttf	2 0 1 1 2 3 2 4 4 1 tfttt
0111tf	12103133tttf	2 0 1 1 2 3 2 4 1 2 tfttt
0111tf	12103233tttf	2 0 1 1 2 3 2 4 1 4 tfttt
0111tf	12103333tttf	2 0 1 1 2 3 2 4 1 1 tfttt
0111tf	12200333tttf	3 0 1 1 3 4 4 2 2 1 tfttt
0111tf	12201333tttf	3 0 1 1 3 4 4 2 3 1 tfttt
0111tf	12202333tttf	3 0 1 1 3 4 4 2 4 1 tfttt
0111tf	12203133tttf	3 0 1 1 3 4 4 2 1 3 tfttt
0111tf	12203333tttf	3 0 1 1 3 4 4 2 1 1 tfttt
0111tf	12210333tttf	3 0 1 1 3 4 4 3 2 1 tfttt
0111tf	12220333tttf	3 0 1 1 3 4 4 4 2 1 tfttt
0111tf	12230333tttf	3 0 1 1 3 4 4 1 2 1 tfttt
0111tf	12300333tttf	3 0 1 1 3 4 1 2 2 1 tfttt
0111tf	12301333tttf	3 0 1 1 3 4 1 2 3 1 tfttt
0111tf	12302333tttf	3 0 1 1 3 4 1 2 4 1 tfttt
0111tf	12303333tttf	3 0 1 1 3 4 1 2 1 1 tfttt
