010212tff	0112233444ttttf	3 0 1 2 1 0 4 0 4 5 6 0 6 7 8 0 8 9 10 0 10 2 tfftttttttt
010212tff	0112332444ttttf	3 0 1 2 1 0 4 0 4 5 6 0 6 8 9 0 10 0 10 7 9 2 tfftttttttt
010212tff	0112342344ttttf	3 0 1 2 1 0 4 0 4 5 6 0 6 7 9 0 10 0 10 8 9 2 tfftttttttt
010212tff	0122133444ttttf	3 0 1 2 1 0 4 0 4 6 7 0 8 0 8 5 7 9 10 0 10 2 tfftttttttt
010212tff	0122331444ttttf	3 0 1 2 1 0 4 0 4 6 7 0 9 0 9 8 10 0 10 5 7 2 tfftttttttt
010212tff	0122341344ttttf	3 0 1 2 1 0 5 0 7 0 5 8 9 0 9 6 10 0 10 4 7 2 tfftttttttt
010212tff	0123123444ttttf	3 0 1 2 1 0 4 0 4 5 7 0 8 0 8 6 7 9 10 0 10 2 tfftttttttt
010212tff	0123143244ttttf	4 0 1 2 1 0 5 0 6 0 5 7 6 8 9 0 10 0 10 3 9 2 tfftttttttt
010212tff	0123143342tttft	3 0 1 2 1 0 4 0 4 6 7 0 9 0 7 8 10 0 10 5 9 2 tfftttttttt
010212tff	0123321444ttttf	3 0 1 2 1 0 4 0 4 6 7 0 9 0 9 5 10 0 10 8 7 2 tfftttttttt
010212tff	0123341244ttttf	3 0 1 2 1 0 5 0 7 0 5 8 9 0 9 4 10 0 10 6 7 2 tfftttttttt
010212tff	0123423314tttft	3 0 1 2 1 0 4 0 4 5 7 0 9 0 9 6 10 0 10 8 7 2 tfftttttttt
010212tff	0123443312tttft	3 0 1 2 1 0 4 0 4 5 7 0 9 0 9 8 10 0 10 6 7 2 tfftttttttt
010212tff	1203223440ttftt	8 0 1 2 1 0 9 0 7 0 6 0 6 3 7 5 10 0 10 4 9 2 tfftttttttt
010212tff	1203224034ttftt	8 0 1 2 1 0 9 0 7 0 7 3 5 0 5 6 10 0 10 4 9 2 tfftttttttt
010212tff	1203224430ttftt	8 0 1 2 1 0 9 0 6 0 7 0 7 3 6 5 10 0 10 4 9 2 tfftttttttt
010212tff	1203243044ttttf	6 0 1 2 1 0 7 0 5 0 5 3 8 0 8 4 7 9 10 0 10 2 tfftttttttt
010212tff	1203243340tttft	6 0 1 2 1 0 4 0 4 5 7 0 9 0 7 8 10 0 10 3 9 2 tfftttttttt
010212tff	1203302444ttttf	4 0 1 2 1 0 5 0 6 0 6 7 5 8 9 0 10 0 10 3 9 2 tfftttttttt
010212tff	1203342044ttttf	3 0 1 2 1 0 5 0 6 0 6 7 5 8 9 0 10 0 10 4 9 2 tfftttttttt
010212tff	1203443320tttft	6 0 1 2 1 0 7 0 7 5 4 0 9 0 4 8 10 0 10 3 9 2 tfftttttttt
010212tff	1223043044ttttf	8 0 1 2 1 0 9 0 9 5 4 0 7 0 7 3 10 0 10 6 4 2 tfftttttttt
010212tff	1223043340tttft	3 0 1 2 1 0 6 0 7 0 9 0 9 4 7 8 10 0 10 5 6 2 tfftttttttt
010212tff	1223340044ttttf	8 0 1 2 1 0 9 0 9 5 7 0 4 0 4 3 10 0 10 6 7 2 tfftttttttt
010212tff	1223443300tttft	3 0 1 2 1 0 5 0 7 0 7 6 9 0 9 8 10 0 10 4 5 2 tfftttttttt
