01020313tfff	0112233444ttttf	4 0 2 0 2 3 1 0 5 0 6 0 6 7 8 0 9 0 9 10 11 0 12 0 12 13 14 0 15 0 15 3 tffftttttttttttt
01020313tfff	0112332444ttttf	4 0 2 0 2 3 1 0 5 0 6 0 6 7 8 0 9 0 9 10 12 0 13 0 14 0 15 0 15 11 14 3 tffftttttttttttt
01020313tfff	0112342344ttttf	4 0 2 0 2 3 1 0 5 0 6 0 6 7 8 0 9 0 9 11 12 0 13 0 14 0 15 0 15 10 14 3 tffftttttttttttt
01020313tfff	0122133444ttttf	4 0 2 0 2 3 1 0 5 0 6 0 6 7 9 0 10 0 11 0 12 0 12 8 11 13 14 0 15 0 15 3 tffftttttttttttt
01020313tfff	0122331444ttttf	4 0 2 0 2 3 1 0 5 0 7 0 9 0 7 10 11 0 12 0 13 0 14 0 14 6 15 0 15 8 12 3 tffftttttttttttt
01020313tfff	0122341344ttttf	4 0 2 0 2 3 1 0 5 0 6 0 6 7 9 0 11 0 12 0 13 0 14 0 14 10 15 0 15 8 12 3 tffftttttttttttt
01020313tfff	0123123444ttttf	4 0 2 0 2 3 1 0 5 0 6 0 6 8 9 0 10 0 11 0 12 0 12 7 11 13 14 0 15 0 15 3 tffftttttttttttt
01020313tfff	0123143244ttttf	4 0 2 0 2 3 1 0 5 0 7 0 8 0 7 9 10 0 12 0 10 11 13 0 14 0 15 0 15 6 14 3 tffftttttttttttt
01020313tfff	0123143342tttft	5 0 2 0 2 3 1 0 6 0 7 0 8 0 9 0 8 10 9 11 12 0 13 0 14 0 15 0 15 4 14 3 tffftttttttttttt
01020313tfff	0123321444ttttf	4 0 2 0 2 3 1 0 5 0 7 0 9 0 7 10 11 0 12 0 13 0 14 0 14 8 15 0 15 6 12 3 tffftttttttttttt
01020313tfff	0123341244ttttf	4 0 2 0 2 3 1 0 5 0 6 0 6 7 9 0 11 0 12 0 13 0 14 0 14 8 15 0 15 10 12 3 tffftttttttttttt
01020313tfff	0123423314tttft	4 0 2 0 2 3 1 0 5 0 6 0 6 8 9 0 11 0 12 0 13 0 14 0 14 10 15 0 15 7 12 3 tffftttttttttttt
01020313tfff	0123443312tttft	4 0 2 0 2 3 1 0 5 0 6 0 6 8 9 0 11 0 12 0 13 0 14 0 14 7 15 0 15 10 12 3 tffftttttttttttt
01020313tfff	1200233444ttttf	4 0 2 0 2 3 1 0 6 0 7 0 8 0 9 0 9 5 8 10 11 0 12 0 12 13 14 0 15 0 15 3 tffftttttttttttt
01020313tfff	1200332444ttttf	4 0 2 0 2 3 1 0 6 0 7 0 8 0 9 0 9 5 8 10 12 0 13 0 14 0 15 0 15 11 14 3 tffftttttttttttt
01020313tfff	1200342344ttttf	4 0 2 0 2 3 1 0 6 0 7 0 8 0 9 0 9 5 8 11 12 0 13 0 14 0 15 0 15 10 14 3 tffftttttttttttt
01020313tfff	1203223440ttftt	9 0 2 0 2 3 1 0 5 0 6 0 6 7 8 0 10 0 12 0 10 11 13 0 14 0 15 0 15 4 14 3 tffftttttttttttt
01020313tfff	1203224034ttftt	9 0 2 0 2 3 1 0 7 0 8 0 5 0 10 0 10 6 12 0 8 11 13 0 14 0 15 0 15 4 14 3 tffftttttttttttt
01020313tfff	1203224430ttftt	9 0 2 0 2 3 1 0 6 0 7 0 8 0 10 0 10 5 12 0 8 11 13 0 14 0 15 0 15 4 14 3 tffftttttttttttt
01020313tfff	1203243044ttttf	6 0 2 0 2 3 1 0 5 0 7 0 9 0 7 8 10 0 11 0 12 0 12 4 11 13 14 0 15 0 15 3 tffftttttttttttt
01020313tfff	1203243340tttft	11 0 2 0 2 3 1 0 12 0 9 0 7 0 8 0 8 4 10 0 10 6 13 0 14 0 15 0 15 5 14 3 tffftttttttttttt
01020313tfff	1203302444ttttf	5 0 2 0 2 3 1 0 6 0 7 0 8 0 9 0 9 10 8 11 12 0 13 0 14 0 15 0 15 4 14 3 tffftttttttttttt
01020313tfff	1203342044ttttf	4 0 2 0 2 3 1 0 6 0 7 0 8 0 9 0 9 10 8 11 12 0 13 0 14 0 15 0 15 5 14 3 tffftttttttttttt
01020313tfff	1203443320tttft	11 0 2 0 2 3 1 0 12 0 8 0 9 0 6 0 10 0 10 4 9 7 13 0 14 0 15 0 15 5 14 3 tffftttttttttttt
01020313tfff	1220033444ttttf	4 0 2 0 2 3 1 0 6 0 8 0 9 0 10 0 11 0 11 5 12 0 12 7 9 13 14 0 15 0 15 3 tffftttttttttttt
01020313tfff	1220330444ttttf	10 0 2 0 2 3 1 0 11 0 12 0 12 7 9 0 5 0 6 0 13 0 14 0 14 4 15 0 15 8 6 3 tffftttttttttttt
01020313tfff	1220340344ttttf	4 0 2 0 2 3 1 0 6 0 8 0 9 0 11 0 12 0 12 7 13 0 14 0 14 5 15 0 15 10 9 3 tffftttttttttttt
01020313tfff	1223043044ttttf	5 0 2 0 2 3 1 0 6 0 8 0 9 0 11 0 12 0 9 10 13 0 14 0 14 7 15 0 15 4 12 3 tffftttttttttttt
01020313tfff	1223043340tttft	8 0 2 0 2 3 1 0 9 0 6 0 7 0 7 4 11 0 12 0 13 0 14 0 14 5 15 0 15 10 12 3 tffftttttttttttt
01020313tfff	1223340044ttttf	4 0 2 0 2 3 1 0 6 0 8 0 9 0 11 0 12 0 12 10 13 0 14 0 14 5 15 0 15 7 9 3 tffftttttttttttt
01020313tfff	1223443300tttft	5 0 2 0 2 3 1 0 6 0 8 0 9 0 11 0 12 0 12 10 13 0 14 0 14 4 15 0 15 7 9 3 tffftttttttttttt
01020313tfff	1230032444ttttf	4 0 2 0 2 3 1 0 6 0 8 0 9 0 11 0 12 0 12 5 13 0 14 0 14 7 15 0 15 10 9 3 tffftttttttttttt
01020313tfff	1230042344ttttf	10 0 2 0 2 3 1 0 11 0 12 0 12 7 5 0 6 0 8 0 13 0 14 0 14 4 15 0 15 9 6 3 tffftttttttttttt
01020313tfff	1230230444ttttf	6 0 2 0 2 3 1 0 5 0 7 0 9 0 7 8 11 0 12 0 13 0 14 0 14 4 15 0 15 10 12 3 tffftttttttttttt
01020313tfff	1230240344ttttf	7 0 2 0 2 3 1 0 8 0 9 0 5 0 10 0 11 0 11 4 12 0 12 6 9 13 14 0 15 0 15 3 tffftttttttttttt
01021323tfff	0112233444ttttf	4 0 2 3 2 1 1 0 5 0 6 7 6 8 8 0 9 10 9 11 11 0 12 13 12 14 14 0 15 3 15 1 tffftttttttttttt
01021323tfff	0112332444ttttf	4 0 2 3 2 1 1 0 5 0 6 7 6 8 8 0 9 11 9 12 12 0 14 0 15 10 15 14 13 3 13 1 tffftttttttttttt
01021323tfff	0112342344ttttf	4 0 2 3 2 1 1 0 5 0 6 7 6 8 8 0 10 9 12 0 10 14 14 0 15 11 15 12 13 3 13 1 tffftttttttttttt
01021323tfff	0122133444ttttf	4 0 2 3 2 1 1 0 5 0 6 7 6 9 11 0 9 0 12 8 12 11 10 13 10 14 14 0 15 3 15 1 tffftttttttttttt
01021323tfff	0122331444ttttf	4 0 2 3 2 1 1 0 5 0 6 8 6 9 9 0 12 0 13 11 13 12 14 0 15 7 15 14 10 3 10 1 tffftttttttttttt
01021323tfff	0122341344ttttf	4 0 2 3 2 1 1 0 6 0 9 0 7 11 7 12 12 0 13 8 13 9 14 0 15 5 15 14 10 3 10 1 tffftttttttttttt
01021323tfff	0123123444ttttf	4 0 2 3 2 1 1 0 5 0 6 7 6 9 10 0 9 0 11 13 12 8 12 10 11 14 14 0 15 3 15 1 tffftttttttttttt
01021323tfff	0123143244ttttf	4 0 2 3 2 1 1 0 6 0 9 0 7 10 7 11 11 0 13 8 14 0 15 5 15 9 13 14 12 3 12 1 tffftttttttttttt
01021323tfff	0123143342tttft	4 0 2 3 2 1 1 0 6 0 8 0 10 7 12 0 9 11 9 12 10 14 14 0 15 5 15 8 13 3 13 1 tffftttttttttttt
01021323tfff	0123321444ttttf	4 0 2 3 2 1 1 0 5 0 6 8 6 9 9 0 12 0 13 7 13 14 14 0 15 11 15 12 10 3 10 1 tffftttttttttttt
01021323tfff	0123341244ttttf	4 0 2 3 2 1 1 0 6 0 9 0 7 10 7 11 11 0 12 5 14 0 15 8 15 9 12 14 13 3 13 1 tffftttttttttttt
01021323tfff	0123423314tttft	4 0 2 3 2 1 1 0 6 0 8 0 10 5 12 0 13 7 13 8 10 14 14 0 15 11 15 12 9 3 9 1 tffftttttttttttt
01021323tfff	0123443312tttft	4 0 2 3 2 1 1 0 6 0 8 0 10 5 12 0 13 11 13 12 10 14 14 0 15 7 15 8 9 3 9 1 tffftttttttttttt
01021323tfff	1203223440ttftt	10 0 2 3 2 1 1 0 11 0 6 0 7 8 7 9 9 0 13 4 14 0 15 5 15 6 13 14 12 3 12 1 tffftttttttttttt
01021323tfff	1203224034ttftt	10 0 2 3 2 1 1 0 11 0 8 0 9 4 6 0 13 7 13 8 14 0 15 5 15 6 9 14 12 3 12 1 tffftttttttttttt
01021323tfff	1203224430ttftt	10 0 2 3 2 1 1 0 11 0 7 0 8 0 9 4 13 6 13 7 14 0 15 5 15 8 9 14 12 3 12 1 tffftttttttttttt
01021323tfff	1203243044ttttf	7 0 2 3 2 1 1 0 5 0 8 6 10 0 9 0 8 9 11 13 12 4 12 5 11 14 14 0 15 3 15 1 tffftttttttttttt
01021323tfff	1203243340tttft	8 0 2 3 2 1 1 0 5 0 6 7 6 9 9 0 12 0 10 11 10 12 14 0 15 4 15 5 13 3 13 1 tffftttttttttttt
01021323tfff	1203302444ttttf	5 0 2 3 2 1 1 0 6 0 7 0 8 9 10 11 10 12 12 0 8 14 14 0 15 4 15 7 13 3 13 1 tffftttttttttttt
01021323tfff	1203342044ttttf	4 0 2 3 2 1 1 0 6 0 7 0 8 9 10 11 10 12 12 0 8 14 14 0 15 5 15 6 13 3 13 1 tffftttttttttttt
01021323tfff	1203443320tttft	8 0 2 3 2 1 1 0 9 0 10 7 10 9 5 0 12 0 6 11 6 12 14 0 15 4 15 5 13 3 13 1 tffftttttttttttt
01021323tfff	1223043044ttttf	11 0 2 3 2 1 1 0 12 0 13 6 5 0 8 0 9 4 9 5 13 14 14 0 15 7 15 8 10 3 10 1 tffftttttttttttt
01021323tfff	1223043340tttft	4 0 2 3 2 1 1 0 7 0 9 0 12 0 13 5 13 9 10 11 10 12 14 0 15 6 15 7 8 3 8 1 tffftttttttttttt
01021323tfff	1223340044ttttf	11 0 2 3 2 1 1 0 12 0 13 6 8 0 5 0 10 4 10 5 13 14 14 0 15 7 15 8 9 3 9 1 tffftttttttttttt
01021323tfff	1223443300tttft	4 0 2 3 2 1 1 0 6 0 9 0 10 8 10 9 12 0 13 11 13 12 14 0 15 5 15 6 7 3 7 1 tffftttttttttttt
01021333tfff	0112233444ttttf	4 0 2 3 2 2 1 0 5 0 7 6 8 0 7 10 10 9 11 0 10 12 12 13 12 15 14 0 15 3 15 2 tffftttttttttttt
01021333tfff	0112342344ttttf	4 0 2 3 2 2 1 0 5 0 7 6 8 0 7 10 10 9 12 0 10 15 14 0 15 11 15 13 13 3 13 2 tffftttttttttttt
01021333tfff	0122331444ttttf	4 0 2 3 2 2 1 0 5 0 6 8 6 10 9 0 12 0 13 11 13 13 14 0 15 7 15 15 10 3 10 2 tffftttttttttttt
01021333tfff	0123123444ttttf	4 0 2 3 2 2 1 0 5 0 8 6 10 0 9 0 8 12 11 13 12 7 12 11 11 15 14 0 15 3 15 2 tffftttttttttttt
01021333tfff	0123143342tttft	4 0 2 3 2 2 1 0 6 0 8 0 10 7 12 0 9 11 9 13 10 15 14 0 15 5 15 9 13 3 13 2 tffftttttttttttt
01021333tfff	0123423314tttft	4 0 2 3 2 2 1 0 6 0 8 0 10 5 12 0 13 7 13 9 10 15 14 0 15 11 15 13 9 3 9 2 tffftttttttttttt
01021333tfff	1203243340tttft	8 0 2 3 2 2 1 0 5 0 6 7 6 10 9 0 12 0 10 11 10 13 14 0 15 4 15 6 13 3 13 2 tffftttttttttttt
01021333tfff	1203342044ttttf	4 0 2 3 2 2 1 0 6 0 7 0 8 9 10 11 10 13 12 0 8 15 14 0 15 5 15 10 13 3 13 2 tffftttttttttttt
01021333tfff	1223443300tttft	4 0 2 3 2 2 1 0 6 0 9 0 10 8 10 10 12 0 13 11 13 13 14 0 15 5 15 7 7 3 7 2 tffftttttttttttt
