01020313tfff	01122333tttf	4 0 2 0 2 3 1 0 5 0 6 0 6 7 8 0 9 0 9 10 11 0 12 0 12 3 tfffttttttttt
01020313tfff	01221333tttf	4 0 2 0 2 3 1 0 5 0 6 0 6 7 9 0 10 0 11 0 12 0 12 8 11 3 tfffttttttttt
01020313tfff	01231233tttf	4 0 2 0 2 3 1 0 5 0 6 0 6 8 9 0 10 0 11 0 12 0 12 7 11 3 tfffttttttttt
01020313tfff	12002333tttf	4 0 2 0 2 3 1 0 6 0 7 0 8 0 9 0 9 5 8 10 11 0 12 0 12 3 tfffttttttttt
01020313tfff	12032230ttft	6 0 2 0 2 3 1 0 5 0 7 0 9 0 7 8 10 0 11 0 12 0 12 4 11 3 tfffttttttttt
01020313tfff	12200333tttf	4 0 2 0 2 3 1 0 6 0 8 0 9 0 10 0 11 0 11 5 12 0 12 7 9 3 tfffttttttttt
01021323tfff	01122333tttf	4 0 2 3 2 1 1 0 5 0 6 7 6 8 8 0 9 10 9 11 11 0 12 3 12 1 tfffttttttttt
01021323tfff	01221333tttf	4 0 2 3 2 1 1 0 5 0 6 8 6 9 9 0 11 0 12 7 12 11 10 3 10 1 tfffttttttttt
01021323tfff	01231233tttf	4 0 2 3 2 1 1 0 5 0 7 6 9 0 7 11 11 0 12 8 12 9 10 3 10 1 tfffttttttttt
01021323tfff	12032230ttft	7 0 2 3 2 1 1 0 8 0 6 0 10 4 11 0 12 5 12 6 10 11 9 3 9 1 tfffttttttttt
01021333tfff	01122333tttf	4 0 2 3 2 2 1 0 5 0 7 6 8 0 7 9 9 10 9 12 11 0 12 3 12 2 tfffttttttttt
01021333tfff	01231233tttf	4 0 2 3 2 2 1 0 5 0 7 6 9 0 7 12 11 0 12 8 12 10 10 3 10 2 tfffttttttttt
