0102030414tffff	0112233444ttttf	5 0 2 0 3 0 3 4 1 0 6 0 7 0 8 0 8 9 10 0 11 0 12 0 12 13 14 0 15 0 16 0 16 17 18 0 19 0 20 0 20 4 tfffftttttttttttttttt
0102030414tffff	0112332444ttttf	5 0 2 0 3 0 3 4 1 0 6 0 7 0 8 0 8 9 10 0 11 0 12 0 12 14 15 0 16 0 17 0 18 0 19 0 20 0 20 13 19 4 tfffftttttttttttttttt
0102030414tffff	0112342344ttttf	5 0 2 0 3 0 3 4 1 0 6 0 7 0 8 0 8 9 10 0 11 0 12 0 12 13 15 0 16 0 17 0 19 0 18 0 20 14 20 0 18 4 tfffftttttttttttttttt
0102030414tffff	0122133444ttttf	5 0 2 0 3 0 3 4 1 0 6 0 7 0 8 0 8 10 11 0 12 0 13 0 14 0 15 0 16 0 16 9 15 17 18 0 19 0 20 0 20 4 tfffftttttttttttttttt
0102030414tffff	0122331444ttttf	5 0 2 0 3 0 3 4 1 0 6 0 7 0 8 0 8 9 11 0 13 0 14 0 15 0 16 0 17 0 18 0 19 0 19 10 20 0 20 12 17 4 tfffftttttttttttttttt
0102030414tffff	0122341344ttttf	5 0 2 0 3 0 3 4 1 0 6 0 7 0 8 0 8 10 11 0 13 0 14 0 17 0 16 0 15 0 19 9 19 0 18 0 20 0 20 12 15 4 tfffftttttttttttttttt
0102030414tffff	0123123444ttttf	5 0 2 0 3 0 3 4 1 0 6 0 7 0 8 0 8 9 11 0 12 0 13 0 14 0 15 0 16 0 16 10 15 17 18 0 19 0 20 0 20 4 tfffftttttttttttttttt
0102030414tffff	0123143244ttttf	6 0 2 0 3 0 3 4 1 0 7 0 8 0 9 0 11 0 10 0 10 13 12 0 12 14 15 0 16 0 17 0 18 0 19 0 20 0 20 5 19 4 tfffftttttttttttttttt
0102030414tffff	0123143342tttft	5 0 2 0 3 0 4 0 4 1 7 0 8 0 9 0 10 0 11 0 12 0 11 13 12 14 15 0 16 0 17 0 18 0 19 0 20 0 20 6 19 1 tfffftttttttttttttttt
0102030414tffff	0123321444ttttf	5 0 2 0 3 0 3 4 1 0 6 0 7 0 8 0 8 9 11 0 13 0 14 0 15 0 16 0 17 0 18 0 19 0 19 12 20 0 20 10 17 4 tfffftttttttttttttttt
0102030414tffff	0123341244ttttf	5 0 2 0 3 0 3 4 1 0 6 0 7 0 8 0 8 10 11 0 13 0 14 0 16 0 17 0 15 0 19 12 18 0 19 0 20 0 20 9 15 4 tfffftttttttttttttttt
0102030414tffff	0123423314tttft	5 0 2 0 3 0 4 0 4 1 6 0 7 0 11 0 10 0 13 0 14 0 11 12 15 0 16 0 17 0 18 0 19 0 19 8 20 0 20 9 17 1 tfffftttttttttttttttt
0102030414tffff	0123443312tttft	5 0 2 0 3 0 4 0 4 1 6 0 7 0 11 0 10 0 13 0 14 0 11 12 15 0 16 0 17 0 18 0 19 0 19 9 20 0 20 8 17 1 tfffftttttttttttttttt
0102030414tffff	1203223440ttftt	14 0 2 0 3 0 3 4 1 0 15 0 6 7 8 0 9 0 10 0 10 5 12 0 13 0 6 0 16 0 17 0 18 0 19 0 20 0 20 11 19 4 tfffftttttttttttttttt
0102030414tffff	1203224034ttftt	14 0 2 0 3 0 3 4 1 0 15 0 13 5 13 0 10 0 11 0 12 0 7 0 6 0 6 8 16 0 17 0 18 0 19 0 20 0 20 9 19 4 tfffftttttttttttttttt
0102030414tffff	1203224430ttftt	14 0 2 0 3 0 3 4 1 0 15 0 13 7 10 0 11 0 8 0 12 0 13 0 6 0 6 5 16 0 17 0 18 0 19 0 20 0 20 9 19 4 tfffftttttttttttttttt
0102030414tffff	1203243044ttttf	10 0 2 0 3 0 3 4 1 0 11 0 6 5 8 0 9 0 6 0 12 0 13 0 14 0 15 0 16 0 16 7 15 17 18 0 19 0 20 0 20 4 tfffftttttttttttttttt
0102030414tffff	1203243340tttft	13 0 2 0 3 0 4 0 4 1 9 0 7 0 8 0 10 0 11 0 10 5 12 0 12 14 15 0 16 0 17 0 18 0 19 0 20 0 20 6 19 1 tfffftttttttttttttttt
0102030414tffff	1203302444ttttf	6 0 2 0 3 0 3 4 1 0 7 0 8 0 9 0 10 0 11 0 12 0 12 13 11 14 15 0 16 0 17 0 18 0 19 0 20 0 20 5 19 4 tfffftttttttttttttttt
0102030414tffff	1203342044ttttf	5 0 2 0 3 0 3 4 1 0 7 0 8 0 9 0 10 0 11 0 12 0 12 13 11 14 15 0 16 0 17 0 19 0 18 0 20 6 20 0 18 4 tfffftttttttttttttttt
0102030414tffff	1203443320tttft	13 0 2 0 3 0 4 0 4 1 7 0 8 0 9 0 10 0 11 0 12 0 12 5 11 14 15 0 16 0 17 0 18 0 19 0 20 0 20 6 19 1 tfffftttttttttttttttt
0102030414tffff	1220033444ttttf	6 0 2 0 3 0 3 4 1 0 7 0 9 0 10 0 11 0 12 0 13 0 14 0 15 0 15 8 16 0 16 5 13 17 18 0 19 0 20 0 20 4 tfffftttttttttttttttt
0102030414tffff	1220330444ttttf	5 0 2 0 3 0 3 4 1 0 7 0 9 0 10 0 12 0 13 0 14 0 15 0 16 0 17 0 17 6 18 0 19 0 19 11 20 0 20 8 14 4 tfffftttttttttttttttt
0102030414tffff	1220340344ttttf	6 0 2 0 3 0 3 4 1 0 7 0 9 0 10 0 13 0 14 0 11 0 17 12 15 0 16 0 17 0 18 0 19 0 19 8 20 0 20 5 11 4 tfffftttttttttttttttt
0102030414tffff	1223043044ttttf	10 0 2 0 3 0 3 4 1 0 11 0 6 5 8 0 9 0 6 0 13 0 14 0 15 0 16 0 17 0 18 0 19 0 19 12 20 0 20 7 17 4 tfffftttttttttttttttt
0102030414tffff	1223043340tttft	12 0 2 0 3 0 4 0 4 1 13 0 14 0 8 0 9 0 10 0 10 5 6 0 15 0 16 0 17 0 18 0 19 0 19 7 20 0 20 11 17 1 tfffftttttttttttttttt
0102030414tffff	1230032444ttttf	6 0 2 0 3 0 3 4 1 0 7 0 9 0 10 0 12 0 13 0 14 0 15 0 16 0 17 0 17 8 18 0 19 0 19 11 20 0 20 5 14 4 tfffftttttttttttttttt
0102030414tffff	1230042344ttttf	5 0 2 0 3 0 3 4 1 0 7 0 9 0 10 0 12 0 13 0 14 0 15 0 16 0 17 0 17 8 19 0 18 0 18 11 20 6 20 0 14 4 tfffftttttttttttttttt
0102030414tffff	1230230444ttttf	9 0 2 0 3 0 3 4 1 0 10 0 7 0 8 0 11 0 13 0 14 0 11 12 15 0 16 0 17 0 18 0 19 0 19 6 20 0 20 5 17 4 tfffftttttttttttttttt
0102030414tffff	1230240344ttttf	5 0 2 0 3 0 3 4 1 0 7 0 9 0 10 0 11 0 12 0 13 0 15 0 14 0 14 8 16 6 16 0 13 17 18 0 19 0 20 0 20 4 tfffftttttttttttttttt
0102031424tffff	0112233444ttttf	5 0 2 0 3 4 3 1 1 0 6 0 7 0 8 9 8 10 10 0 11 0 12 13 12 14 14 0 15 0 16 17 16 18 18 0 20 0 19 1 19 4 tfffftttttttttttttttt
0102031424tffff	0112332444ttttf	5 0 2 0 3 4 3 1 1 0 6 0 7 0 8 9 8 10 10 0 11 0 13 12 15 0 13 16 16 0 17 0 20 0 19 14 19 15 18 1 18 4 tfffftttttttttttttttt
0102031424tffff	0112342344ttttf	5 0 2 0 3 4 3 1 1 0 6 0 7 0 8 9 8 10 10 0 11 0 12 14 12 15 15 0 17 0 18 0 20 17 19 0 20 13 16 4 16 1 tfffftttttttttttttttt
0102031424tffff	0122133444ttttf	5 0 2 0 3 4 3 1 1 0 6 0 7 0 8 9 8 11 12 0 11 0 15 0 13 0 16 10 16 12 14 17 14 18 18 0 20 0 19 1 19 4 tfffftttttttttttttttt
0102031424tffff	0122331444ttttf	5 0 2 0 3 4 3 1 1 0 6 0 8 0 11 0 9 12 9 13 13 0 14 0 16 0 17 0 18 7 18 16 20 0 19 10 19 11 15 1 15 4 tfffftttttttttttttttt
0102031424tffff	0122341344ttttf	5 0 2 0 3 4 3 1 1 0 6 0 8 0 10 0 15 7 14 0 12 0 18 14 18 13 16 0 17 0 15 16 19 0 20 9 20 10 11 4 11 1 tfffftttttttttttttttt
0102031424tffff	0123123444ttttf	5 0 2 0 3 4 3 1 1 0 6 0 7 0 8 9 8 11 12 0 11 0 14 0 13 0 15 17 16 10 16 12 15 18 18 0 20 0 19 1 19 4 tfffftttttttttttttttt
0102031424tffff	0123143244ttttf	5 0 2 0 3 4 3 1 1 0 7 0 8 0 11 0 10 0 9 15 9 14 13 12 15 0 13 16 16 0 17 0 19 0 20 6 20 8 18 4 18 1 tfffftttttttttttttttt
0102031424tffff	0123143342tttft	5 0 4 2 3 0 1 0 4 3 7 0 8 0 9 0 11 0 10 14 10 15 13 12 15 0 13 16 16 0 17 0 19 0 20 6 20 8 18 2 18 3 tfffftttttttttttttttt
0102031424tffff	0123321444ttttf	5 0 2 0 3 4 3 1 1 0 6 0 8 0 11 0 9 12 9 13 13 0 14 0 16 0 17 0 18 10 18 11 20 0 19 7 19 16 15 1 15 4 tfffftttttttttttttttt
0102031424tffff	0123341244ttttf	5 0 2 0 3 4 3 1 1 0 6 0 8 0 10 0 15 7 14 0 12 0 18 10 18 9 16 0 17 0 15 16 19 0 20 13 20 14 11 4 11 1 tfffftttttttttttttttt
0102031424tffff	0123423314tttft	5 0 4 2 3 0 1 0 4 3 6 0 8 0 11 0 9 10 9 11 13 0 14 0 16 0 17 0 18 12 18 13 19 0 20 7 20 16 15 2 15 3 tfffftttttttttttttttt
0102031424tffff	0123443312tttft	5 0 4 2 3 0 1 0 4 3 6 0 8 0 11 0 9 10 9 11 13 0 14 0 16 0 17 0 18 7 18 16 19 0 20 12 20 13 15 2 15 3 tfffftttttttttttttttt
0102031424tffff	1200233444ttttf	6 0 2 0 3 4 3 1 1 0 8 0 7 0 10 0 9 0 11 13 12 5 12 7 11 14 14 0 15 0 16 17 16 18 18 0 20 0 19 1 19 4 tfffftttttttttttttttt
0102031424tffff	1200332444ttttf	6 0 2 0 3 4 3 1 1 0 7 0 8 0 9 0 10 0 11 12 13 5 13 8 15 0 11 16 16 0 17 0 20 0 19 14 19 15 18 1 18 4 tfffftttttttttttttttt
0102031424tffff	1200342344ttttf	5 0 2 0 3 4 3 1 1 0 7 0 8 0 9 0 11 0 12 6 12 7 10 14 10 15 15 0 17 0 18 0 20 17 19 0 20 13 16 4 16 1 tfffftttttttttttttttt
0102031424tffff	1203223440ttftt	13 0 2 0 3 4 3 1 1 0 5 10 10 0 8 0 9 0 5 6 11 0 12 14 12 15 15 0 16 0 17 0 19 0 20 7 20 8 18 4 18 1 tfffftttttttttttttttt
0102031424tffff	1203224034ttftt	13 0 2 0 3 4 3 1 1 0 7 0 8 0 9 0 12 0 11 5 11 8 10 15 10 14 15 0 16 0 17 0 19 0 20 6 20 7 18 4 18 1 tfffftttttttttttttttt
0102031424tffff	1203224430ttftt	13 0 2 0 3 4 3 1 1 0 12 9 12 8 11 0 7 0 6 0 9 0 5 14 5 15 15 0 16 0 17 0 19 0 20 10 20 7 18 4 18 1 tfffftttttttttttttttt
0102031424tffff	1203243044ttttf	10 0 2 0 3 4 3 1 1 0 6 0 7 0 8 9 8 11 12 0 11 0 14 0 13 0 15 17 16 5 16 6 15 18 18 0 19 0 20 4 20 1 tfffftttttttttttttttt
0102031424tffff	1203243340tttft	14 0 4 2 3 0 1 0 4 3 15 0 9 0 8 0 10 0 12 0 11 6 11 9 13 5 13 16 16 0 17 0 19 0 20 7 20 8 18 2 18 3 tfffftttttttttttttttt
0102031424tffff	1203302444ttttf	6 0 2 0 3 4 3 1 1 0 7 0 8 0 9 0 10 0 11 12 13 14 13 15 15 0 11 16 16 0 17 0 20 0 19 5 19 8 18 1 18 4 tfffftttttttttttttttt
0102031424tffff	1203342044ttttf	5 0 2 0 3 4 3 1 1 0 7 0 8 0 9 0 10 0 11 12 13 14 13 15 15 0 11 18 18 0 17 0 20 7 20 6 19 0 16 4 16 1 tfffftttttttttttttttt
0102031424tffff	1203443320tttft	14 0 4 2 3 0 1 0 4 3 15 0 8 0 9 0 10 0 11 0 12 5 13 6 13 9 12 16 16 0 17 0 19 0 20 7 20 8 18 2 18 3 tfffftttttttttttttttt
0102031424tffff	1220033444ttttf	5 0 2 0 3 4 3 1 1 0 8 0 12 0 9 0 10 0 13 0 14 7 14 8 15 0 16 6 16 9 11 17 11 18 18 0 20 0 19 1 19 4 tfffftttttttttttttttt
0102031424tffff	1220330444ttttf	12 0 2 0 3 4 3 1 1 0 13 0 14 0 15 8 10 0 6 0 7 0 15 16 16 0 17 0 18 5 18 6 20 0 19 9 19 10 11 1 11 4 tfffftttttttttttttttt
0102031424tffff	1220340344ttttf	5 0 2 0 3 4 3 1 1 0 7 0 11 0 9 0 15 11 15 10 13 0 14 0 16 0 17 0 18 6 18 7 19 0 20 12 20 13 8 4 8 1 tfffftttttttttttttttt
0102031424tffff	1223043044ttttf	6 0 2 0 3 4 3 1 1 0 7 0 11 0 9 0 8 13 8 12 13 0 14 0 16 0 17 0 18 10 18 11 19 0 20 5 20 7 15 4 15 1 tfffftttttttttttttttt
0102031424tffff	1223043340tttft	9 0 4 2 3 0 1 0 4 3 10 0 7 0 8 0 11 5 13 0 14 0 11 16 16 0 17 0 18 6 18 7 19 0 20 12 20 13 15 2 15 3 tfffftttttttttttttttt
0102031424tffff	1223340044ttttf	5 0 2 0 3 4 3 1 1 0 7 0 11 0 9 0 15 13 15 12 13 0 14 0 16 0 17 0 18 6 18 7 19 0 20 10 20 11 8 4 8 1 tfffftttttttttttttttt
0102031424tffff	1223443300tttft	6 0 4 2 3 0 1 0 4 3 7 0 9 0 10 0 13 0 14 0 15 12 15 13 16 0 17 0 18 5 18 16 19 0 20 8 20 9 11 2 11 3 tfffftttttttttttttttt
0102031424tffff	1230032444ttttf	5 0 2 0 3 4 3 1 1 0 7 0 9 0 10 0 13 0 14 0 15 6 15 7 16 0 17 0 18 8 18 9 20 0 19 12 19 13 11 1 11 4 tfffftttttttttttttttt
0102031424tffff	1230042344ttttf	12 0 2 0 3 4 3 1 1 0 13 0 14 0 15 9 15 10 6 0 7 0 10 0 17 0 18 0 16 5 16 6 20 17 19 0 20 11 8 4 8 1 tfffftttttttttttttttt
0102031424tffff	1230230444ttttf	7 0 2 0 3 4 3 1 1 0 6 0 8 0 11 0 9 10 9 11 13 0 14 0 16 0 17 0 18 5 18 6 20 0 19 12 19 13 15 1 15 4 tfffftttttttttttttttt
0102031424tffff	1230240344ttttf	8 0 2 0 3 4 3 1 1 0 7 0 9 0 10 0 12 0 14 0 13 6 13 7 15 0 16 12 16 5 11 17 11 18 18 0 19 0 20 4 20 1 tfffftttttttttttttttt
0102031434tffff	0112233444ttttf	5 0 2 0 3 4 3 2 1 0 6 0 7 0 9 8 10 0 9 11 11 0 13 12 14 0 13 15 15 0 17 16 18 0 17 20 20 0 19 2 19 4 tfffftttttttttttttttt
0102031434tffff	0112332444ttttf	5 0 2 0 3 4 3 2 1 0 6 0 7 0 9 8 10 0 9 11 11 0 13 12 15 0 13 17 16 0 17 0 20 0 19 14 19 20 18 2 18 4 tfffftttttttttttttttt
0102031434tffff	0112342344ttttf	5 0 2 0 3 4 3 2 1 0 6 0 7 0 9 8 10 0 9 12 12 0 14 0 15 13 17 0 18 0 15 19 20 18 19 0 20 11 16 4 16 2 tfffftttttttttttttttt
0102031434tffff	0122133444ttttf	5 0 2 0 3 4 3 2 1 0 6 0 8 0 10 0 11 9 12 0 13 0 11 14 14 0 15 16 17 7 17 13 18 0 15 20 20 0 19 2 19 4 tfffftttttttttttttttt
0102031434tffff	0122331444ttttf	5 0 2 0 3 4 3 2 1 0 6 0 8 0 11 0 9 12 9 14 13 0 14 0 16 0 17 0 18 7 18 17 20 0 19 10 19 20 15 2 15 4 tfffftttttttttttttttt
0102031434tffff	0122341344ttttf	5 0 2 0 3 4 3 2 1 0 6 0 8 0 10 0 13 7 15 0 12 0 18 12 18 14 13 17 16 0 17 0 19 0 20 9 20 19 11 4 11 2 tfffftttttttttttttttt
0102031434tffff	0123123444ttttf	5 0 2 0 3 4 3 2 1 0 6 0 7 0 9 8 11 0 9 13 12 0 13 0 14 0 15 16 17 10 17 14 18 0 15 20 20 0 19 2 19 4 tfffftttttttttttttttt
0102031434tffff	0123143244ttttf	5 0 2 0 3 4 3 2 1 0 6 0 8 0 10 0 11 9 13 0 14 0 11 16 15 0 16 0 18 12 19 0 20 7 20 14 18 19 17 4 17 2 tfffftttttttttttttttt
0102031434tffff	0123143342tttft	6 0 4 2 3 0 1 0 4 1 7 0 8 0 9 0 11 0 12 10 14 0 15 13 12 17 16 0 17 0 15 19 19 0 20 5 20 9 18 2 18 1 tfffftttttttttttttttt
0102031434tffff	0123321444ttttf	5 0 2 0 3 4 3 2 1 0 6 0 8 0 11 0 9 12 9 14 13 0 14 0 16 0 17 0 18 10 18 20 20 0 19 7 19 17 15 2 15 4 tfffftttttttttttttttt
0102031434tffff	0123341244ttttf	5 0 2 0 3 4 3 2 1 0 6 0 8 0 10 0 11 7 13 0 14 0 11 16 15 0 16 0 17 9 19 0 20 12 20 14 17 19 18 4 18 2 tfffftttttttttttttttt
0102031434tffff	0123423314tttft	5 0 4 2 3 0 1 0 4 1 7 0 9 0 10 0 12 0 13 0 15 8 16 0 17 0 18 11 18 13 15 19 19 0 20 6 20 17 14 2 14 1 tfffftttttttttttttttt
0102031434tffff	0123443312tttft	5 0 4 2 3 0 1 0 4 1 7 0 9 0 10 0 12 0 13 0 15 8 16 0 17 0 18 6 18 17 15 19 19 0 20 11 20 13 14 2 14 1 tfffftttttttttttttttt
0102031434tffff	1200233444ttttf	6 0 2 0 3 4 3 2 1 0 7 0 8 0 9 0 10 0 11 12 13 5 13 9 14 0 11 15 15 0 17 16 18 0 17 20 20 0 19 2 19 4 tfffftttttttttttttttt
0102031434tffff	1200332444ttttf	6 0 2 0 3 4 3 2 1 0 7 0 8 0 9 0 10 0 11 12 13 5 13 9 15 0 11 17 16 0 17 0 20 0 19 14 19 20 18 2 18 4 tfffftttttttttttttttt
0102031434tffff	1200342344ttttf	6 0 2 0 3 4 3 2 1 0 7 0 8 0 9 0 11 0 12 13 14 0 15 5 15 9 17 0 18 0 12 19 20 18 19 0 20 10 16 4 16 2 tfffftttttttttttttttt
0102031434tffff	1203223440ttftt	11 0 2 0 3 4 3 2 1 0 10 0 7 0 8 0 9 5 9 14 14 0 13 0 15 0 16 0 18 12 19 0 20 6 20 8 18 19 17 4 17 2 tfffftttttttttttttttt
0102031434tffff	1203224034ttftt	8 0 2 0 3 4 3 2 1 0 9 0 10 0 6 0 12 0 13 0 14 11 15 0 16 0 18 5 18 13 19 0 20 7 20 10 14 19 17 4 17 2 tfffftttttttttttttttt
0102031434tffff	1203224430ttftt	10 0 2 0 3 4 3 2 1 0 7 0 8 0 9 0 12 0 11 13 14 0 18 9 18 5 15 0 16 0 19 0 20 6 20 12 11 19 17 4 17 2 tfffftttttttttttttttt
0102031434tffff	1203243044ttttf	10 0 2 0 3 4 3 2 1 0 11 0 7 0 8 0 9 5 9 13 12 0 13 0 14 0 15 16 17 6 17 8 18 0 15 19 19 0 20 4 20 2 tfffftttttttttttttttt
0102031434tffff	1203243340tttft	14 0 4 2 3 0 1 0 4 1 15 0 9 0 8 0 10 0 12 0 11 6 11 12 13 5 13 17 16 0 17 0 19 0 20 7 20 10 18 2 18 1 tfffftttttttttttttttt
0102031434tffff	1203302444ttttf	5 0 2 0 3 4 3 2 1 0 7 0 8 0 9 0 11 0 12 13 14 0 15 10 15 17 16 0 17 0 12 20 20 0 19 6 19 11 18 2 18 4 tfffftttttttttttttttt
0102031434tffff	1203342044ttttf	6 0 2 0 3 4 3 2 1 0 7 0 8 0 9 0 11 0 12 13 14 0 15 10 15 17 18 0 17 0 12 19 20 9 20 5 19 0 16 4 16 2 tfffftttttttttttttttt
0102031434tffff	1203443320tttft	14 0 4 2 3 0 1 0 4 1 15 0 8 0 9 0 10 0 11 0 12 5 13 6 13 10 12 17 16 0 17 0 19 0 20 7 20 11 18 2 18 1 tfffftttttttttttttttt
0102031434tffff	1220033444ttttf	6 0 2 0 3 4 3 2 1 0 7 0 9 0 13 0 10 0 11 0 14 0 15 8 15 13 12 16 17 5 17 11 18 0 12 20 20 0 19 2 19 4 tfffftttttttttttttttt
0102031434tffff	1220330444ttttf	12 0 2 0 3 4 3 2 1 0 13 0 14 0 15 8 10 0 6 0 7 0 15 17 16 0 17 0 18 5 18 7 20 0 19 9 19 20 11 2 11 4 tfffftttttttttttttttt
0102031434tffff	1220340344ttttf	5 0 2 0 3 4 3 2 1 0 7 0 9 0 11 0 13 0 14 0 15 11 15 8 16 0 17 0 18 6 18 19 19 0 20 12 20 14 10 4 10 2 tfffftttttttttttttttt
0102031434tffff	1223043044ttttf	6 0 2 0 3 4 3 2 1 0 7 0 11 0 9 0 8 14 8 12 13 0 14 0 16 0 17 0 18 10 18 19 19 0 20 5 20 9 15 4 15 2 tfffftttttttttttttttt
0102031434tffff	1223043340tttft	9 0 4 2 3 0 1 0 4 1 10 0 7 0 8 0 11 5 13 0 14 0 11 17 16 0 17 0 18 6 18 8 19 0 20 12 20 14 15 2 15 1 tfffftttttttttttttttt
0102031434tffff	1223443300tttft	6 0 4 2 3 0 1 0 4 1 7 0 9 0 10 0 13 0 14 0 15 12 15 14 16 0 17 0 18 5 18 17 19 0 20 8 20 10 11 2 11 1 tfffftttttttttttttttt
0102031434tffff	1230032444ttttf	5 0 2 0 3 4 3 2 1 0 7 0 9 0 10 0 12 0 13 0 14 6 15 0 16 0 17 8 17 10 20 0 19 11 19 13 14 20 18 2 18 4 tfffftttttttttttttttt
0102031434tffff	1230042344ttttf	11 0 2 0 3 4 3 2 1 0 12 0 13 0 14 8 6 0 7 0 9 0 17 0 18 0 16 5 16 7 14 19 20 18 19 0 20 10 15 4 15 2 tfffftttttttttttttttt
0102031434tffff	1230230444ttttf	5 0 2 0 3 4 3 2 1 0 9 0 7 0 14 0 11 0 12 0 15 0 16 0 17 6 17 14 18 8 20 0 19 10 19 12 18 20 13 2 13 4 tfffftttttttttttttttt
0102031434tffff	1230240344ttttf	5 0 2 0 3 4 3 2 1 0 9 0 8 0 11 0 12 0 10 0 13 14 16 0 15 7 15 10 18 0 17 16 17 6 13 19 19 0 20 4 20 2 tfffftttttttttttttttt
0102031444tffff	0112233444ttttf	5 0 2 0 3 4 3 3 1 0 6 0 8 0 9 0 11 7 12 0 13 0 11 14 14 10 15 0 14 17 17 16 18 0 17 19 20 0 19 3 19 4 tfffftttttttttttttttt
0102031444tffff	0112332444ttttf	5 0 2 0 3 4 3 3 1 0 6 0 8 0 9 0 10 7 11 0 10 13 13 12 15 0 13 18 16 0 17 0 20 0 19 14 19 19 18 3 18 4 tfffftttttttttttttttt
0102031444tffff	0122133444ttttf	5 0 2 0 3 4 3 3 1 0 6 0 8 0 10 0 11 9 12 0 13 0 11 15 14 0 15 16 17 7 17 17 18 0 15 19 20 0 19 3 19 4 tfffftttttttttttttttt
0102031444tffff	0123143244ttttf	5 0 2 0 3 4 3 3 1 0 6 0 8 0 10 0 11 9 13 0 14 0 11 17 15 0 16 0 18 12 19 0 20 7 20 18 18 20 17 4 17 3 tfffftttttttttttttttt
0102031444tffff	0123341244ttttf	5 0 2 0 3 4 3 3 1 0 6 0 8 0 10 0 11 7 13 0 14 0 11 17 15 0 16 0 17 9 19 0 20 12 20 18 17 20 18 4 18 3 tfffftttttttttttttttt
0102031444tffff	0123423314tttft	5 0 4 2 3 0 1 0 4 4 7 0 9 0 10 0 12 0 13 0 15 8 16 0 17 0 18 11 18 14 15 20 19 0 20 6 20 18 14 2 14 4 tfffftttttttttttttttt
0102031444tffff	1200233444ttttf	6 0 2 0 3 4 3 3 1 0 7 0 8 0 9 0 11 0 12 10 13 0 14 5 14 14 15 0 12 17 17 16 18 0 17 19 20 0 19 3 19 4 tfffftttttttttttttttt
0102031444tffff	1200332444ttttf	6 0 2 0 3 4 3 3 1 0 7 0 8 0 9 0 10 0 11 12 13 5 13 13 15 0 11 18 16 0 17 0 20 0 19 14 19 19 18 3 18 4 tfffftttttttttttttttt
0102031444tffff	1203223440ttftt	9 0 2 0 3 4 3 3 1 0 8 0 7 0 10 0 14 0 13 0 11 5 11 18 15 0 16 0 18 12 19 0 20 6 20 11 18 20 17 4 17 3 tfffftttttttttttttttt
0102031444tffff	1203224430ttftt	10 0 2 0 3 4 3 3 1 0 7 0 8 0 9 0 14 0 11 12 13 0 18 18 15 0 16 0 18 5 19 0 20 6 20 11 11 20 17 4 17 3 tfffftttttttttttttttt
0102031444tffff	1203243044ttttf	7 0 2 0 3 4 3 3 1 0 8 0 9 0 10 0 11 0 12 0 13 0 14 15 16 5 17 6 17 16 18 0 16 17 14 20 19 0 20 4 20 3 tfffftttttttttttttttt
0102031444tffff	1203342044ttttf	6 0 2 0 3 4 3 3 1 0 7 0 8 0 9 0 11 0 12 13 14 0 15 10 15 16 17 0 18 0 12 20 20 15 19 0 20 5 16 4 16 3 tfffftttttttttttttttt
0102031444tffff	1220033444ttttf	6 0 2 0 3 4 3 3 1 0 7 0 9 0 12 0 10 0 11 0 14 0 15 8 13 16 15 17 17 5 17 13 18 0 13 19 20 0 19 3 19 4 tfffftttttttttttttttt
0102031444tffff	1223043044ttttf	6 0 2 0 3 4 3 3 1 0 7 0 9 0 10 0 13 0 14 0 11 12 11 15 16 0 17 0 18 8 18 20 19 0 20 5 20 11 15 4 15 3 tfffftttttttttttttttt
0102031444tffff	1230032444ttttf	5 0 2 0 3 4 3 3 1 0 7 0 9 0 10 0 12 0 13 0 14 6 15 0 16 0 17 8 17 18 20 0 19 11 19 14 14 19 18 3 18 4 tfffftttttttttttttttt
0102031444tffff	1230230444ttttf	5 0 2 0 3 4 3 3 1 0 9 0 7 0 14 0 11 0 12 0 15 0 16 0 17 6 17 18 18 8 20 0 19 10 19 13 18 19 13 3 13 4 tfffftttttttttttttttt
0102131424tffff	0112233444ttttf	5 0 2 4 3 4 3 1 1 0 6 0 7 9 8 9 8 10 10 0 11 13 12 13 12 14 14 0 15 17 16 17 16 19 19 0 18 1 20 4 18 4 tfffftttttttttttttttt
0102131424tffff	0112332444ttttf	5 0 2 4 3 4 3 1 1 0 6 0 7 9 8 9 8 10 10 0 11 14 12 14 12 15 15 0 19 0 20 13 18 13 18 19 17 1 16 4 17 4 tfffftttttttttttttttt
0102131424tffff	0112342344ttttf	5 0 2 4 3 4 3 1 1 0 6 0 7 9 8 9 8 10 10 0 11 12 13 12 17 0 13 18 20 17 20 16 18 0 19 16 15 4 14 4 14 1 tfffftttttttttttttttt
0102131424tffff	0122133444ttttf	5 0 2 4 3 4 3 1 1 0 6 0 7 10 8 10 8 11 11 0 14 0 15 9 16 9 16 14 12 17 13 17 13 19 19 0 18 1 20 4 18 4 tfffftttttttttttttttt
0102131424tffff	0122331444ttttf	5 0 2 4 3 4 3 1 1 0 6 0 7 10 8 10 8 11 11 0 15 0 16 14 17 14 17 15 19 0 20 9 18 9 18 19 13 1 12 4 13 4 tfffftttttttttttttttt
0102131424tffff	0122341344ttttf	5 0 2 4 3 4 3 1 1 0 9 0 13 0 17 13 17 12 10 14 11 14 11 15 15 0 16 12 18 0 19 6 20 6 20 18 8 4 7 4 7 1 tfffftttttttttttttttt
0102131424tffff	0123123444ttttf	5 0 2 4 3 4 3 1 1 0 6 0 7 8 9 8 11 0 9 12 12 0 13 10 14 17 15 17 16 10 16 11 15 19 19 0 18 1 20 4 18 4 tfffftttttttttttttttt
0102131424tffff	0123143244ttttf	6 0 2 4 3 4 3 1 1 0 7 0 8 0 12 11 9 13 10 13 10 14 14 0 17 11 18 0 19 5 20 5 20 7 17 18 15 4 16 4 16 1 tfffftttttttttttttttt
0102131424tffff	0123143342tttft	5 0 2 3 4 3 1 0 4 1 7 0 8 0 11 12 9 14 10 14 10 15 13 12 15 0 13 18 18 0 19 6 20 6 20 8 16 3 17 3 17 1 tfffftttttttttttttttt
0102131424tffff	0123321444ttttf	5 0 2 4 3 4 3 1 1 0 6 0 7 10 8 10 8 11 11 0 15 0 16 9 17 9 17 19 19 0 20 14 18 14 18 15 13 1 12 4 13 4 tfffftttttttttttttttt
0102131424tffff	0123341244ttttf	5 0 2 4 3 4 3 1 1 0 7 0 11 0 8 13 9 13 9 14 14 0 15 6 16 6 18 0 19 10 20 10 20 11 16 18 12 4 17 4 17 1 tfffftttttttttttttttt
0102131424tffff	0123423314tttft	5 0 2 3 4 3 1 0 4 1 6 0 8 7 10 0 13 7 15 0 16 9 17 9 17 10 13 18 18 0 19 14 20 14 20 15 11 3 12 3 12 1 tfffftttttttttttttttt
0102131424tffff	0123443312tttft	5 0 2 3 4 3 1 0 4 1 6 0 8 7 10 0 13 7 15 0 16 14 17 14 17 15 13 18 18 0 19 9 20 9 20 10 11 3 12 3 12 1 tfffftttttttttttttttt
0102131424tffff	1200233444ttttf	6 0 2 4 3 4 3 1 1 0 7 0 8 0 9 5 10 13 11 13 12 5 12 8 11 14 14 0 15 17 16 17 16 19 19 0 18 1 20 4 18 4 tfffftttttttttttttttt
0102131424tffff	1200332444ttttf	6 0 2 4 3 4 3 1 1 0 7 0 10 0 11 5 12 5 12 10 8 14 9 14 9 15 15 0 19 0 20 13 18 13 18 19 17 1 16 4 17 4 tfffftttttttttttttttt
0102131424tffff	1200342344ttttf	6 0 2 4 3 4 3 1 1 0 7 0 8 0 9 5 10 12 11 12 13 5 13 8 17 0 11 18 20 17 20 16 18 0 19 16 15 4 14 4 14 1 tfffftttttttttttttttt
0102131424tffff	1203223440ttftt	13 0 2 4 3 4 3 1 1 0 14 0 6 11 8 9 6 9 11 0 7 0 12 5 17 5 18 0 19 10 20 10 20 7 17 18 15 4 16 4 16 1 tfffftttttttttttttttt
0102131424tffff	1203224034ttftt	13 0 2 4 3 4 3 1 1 0 14 0 9 0 8 0 10 6 11 5 12 5 17 6 17 8 18 0 19 7 20 7 20 9 12 18 15 4 16 4 16 1 tfffftttttttttttttttt
0102131424tffff	1203224430ttftt	13 0 2 4 3 4 3 1 1 0 14 0 17 10 17 8 12 0 10 0 7 5 6 5 11 8 18 0 19 9 20 9 20 12 6 18 15 4 16 4 16 1 tfffftttttttttttttttt
0102131424tffff	1203243044ttttf	10 0 2 4 3 4 3 1 1 0 11 0 7 0 8 5 9 5 9 12 12 0 13 6 14 17 15 17 16 6 16 7 15 18 18 0 19 4 20 4 20 1 tfffftttttttttttttttt
0102131424tffff	1203243340tttft	13 0 2 3 4 3 1 0 4 1 10 0 7 0 8 5 9 5 9 10 11 14 12 14 12 15 15 0 18 0 19 6 20 6 20 7 16 3 17 3 17 1 tfffftttttttttttttttt
0102131424tffff	1203302444ttttf	6 0 2 4 3 4 3 1 1 0 7 0 9 0 10 12 11 12 8 14 13 14 13 15 15 0 11 19 19 0 20 5 18 5 18 9 17 1 16 4 17 4 tfffftttttttttttttttt
0102131424tffff	1203342044ttttf	5 0 2 4 3 4 3 1 1 0 7 0 9 0 10 12 11 12 8 16 13 16 13 17 17 0 11 18 20 7 20 6 18 0 19 6 15 4 14 4 14 1 tfffftttttttttttttttt
0102131424tffff	1203443320tttft	13 0 2 3 4 3 1 0 4 1 7 0 10 0 11 5 12 5 12 10 8 14 9 14 9 15 15 0 18 0 19 6 20 6 20 7 16 3 17 3 17 1 tfffftttttttttttttttt
0102131424tffff	1220033444ttttf	10 0 2 4 3 4 3 1 1 0 11 0 7 0 12 6 13 6 13 14 14 0 15 5 16 5 16 7 8 17 9 17 9 19 19 0 18 1 20 4 18 4 tfffftttttttttttttttt
0102131424tffff	1220330444ttttf	10 0 2 4 3 4 3 1 1 0 11 0 7 0 12 14 13 14 13 15 15 0 16 5 17 5 17 7 19 0 20 6 18 6 18 19 9 1 8 4 9 4 tfffftttttttttttttttt
0102131424tffff	1220340344ttttf	14 0 2 4 3 4 3 1 1 0 15 0 16 10 17 10 13 12 13 11 12 0 6 0 7 11 17 18 18 0 19 5 20 5 20 6 9 4 8 4 8 1 tfffftttttttttttttttt
0102131424tffff	1223043044ttttf	14 0 2 4 3 4 3 1 1 0 15 0 16 12 17 12 8 6 10 0 11 5 8 5 6 0 17 18 18 0 19 9 20 9 20 10 7 4 13 4 13 1 tfffftttttttttttttttt
0102131424tffff	1223043340tttft	6 0 2 3 4 3 1 0 4 1 7 0 11 0 8 14 9 14 9 15 15 0 16 5 17 5 17 7 18 0 19 10 20 10 20 11 12 3 13 3 13 1 tfffftttttttttttttttt
0102131424tffff	1223340044ttttf	14 0 2 4 3 4 3 1 1 0 15 0 16 10 17 10 13 6 13 5 12 0 6 0 7 5 17 18 18 0 19 11 20 11 20 12 9 4 8 4 8 1 tfffftttttttttttttttt
0102131424tffff	1223443300tttft	5 0 2 3 4 3 1 0 4 1 7 0 11 0 12 10 13 10 13 11 15 0 16 14 17 14 17 15 18 0 19 6 20 6 20 7 8 3 9 3 9 1 tfffftttttttttttttttt
0102131424tffff	1230032444ttttf	13 0 2 4 3 4 3 1 1 0 14 0 15 9 16 9 16 10 6 0 7 12 8 12 10 0 19 0 20 5 18 5 18 6 8 19 17 1 11 4 17 4 tfffftttttttttttttttt
0102131424tffff	1230042344ttttf	9 0 2 4 3 4 3 1 1 0 10 0 11 8 12 8 6 0 17 0 15 5 14 5 14 6 12 18 20 17 20 16 18 0 19 16 7 4 13 4 13 1 tfffftttttttttttttttt
0102131424tffff	1230230444ttttf	13 0 2 4 3 4 3 1 1 0 14 0 15 9 16 9 16 10 10 0 12 11 6 0 17 11 19 0 20 5 18 5 18 6 17 19 8 1 7 4 8 4 tfffftttttttttttttttt
0102131424tffff	1230240344ttttf	6 0 2 4 3 4 3 1 1 0 7 0 11 0 13 5 12 5 12 14 14 0 15 10 16 11 16 10 8 17 9 17 9 18 18 0 19 4 20 4 20 1 tfffftttttttttttttttt
0102131434tffff	0112233444ttttf	5 0 2 4 3 4 3 2 1 0 6 0 7 9 8 9 8 11 10 0 11 13 12 13 12 15 14 0 15 17 16 17 16 20 19 0 18 2 20 4 18 4 tfffftttttttttttttttt
0102131434tffff	0112332444ttttf	5 0 2 4 3 4 3 2 1 0 6 0 7 9 8 9 8 11 10 0 11 14 12 14 12 16 15 0 19 0 20 13 18 13 18 20 17 2 16 4 17 4 tfffftttttttttttttttt
0102131434tffff	0112342344ttttf	5 0 2 4 3 4 3 2 1 0 6 0 7 8 9 8 10 0 9 11 11 12 13 12 17 0 13 19 20 15 20 16 18 0 19 16 15 4 14 4 14 2 tfffftttttttttttttttt
0102131434tffff	0122133444ttttf	5 0 2 4 3 4 3 2 1 0 6 0 7 10 9 10 11 0 9 12 14 0 15 8 16 8 16 15 12 17 13 17 13 20 19 0 18 2 20 4 18 4 tfffftttttttttttttttt
0102131434tffff	0122331444ttttf	5 0 2 4 3 4 3 2 1 0 6 0 7 10 8 10 8 12 11 0 15 0 16 14 17 14 17 16 19 0 20 9 18 9 18 20 13 2 12 4 13 4 tfffftttttttttttttttt
0102131434tffff	0122341344ttttf	5 0 2 4 3 4 3 2 1 0 9 0 13 0 17 8 17 12 10 14 11 14 11 16 15 0 16 12 18 0 19 6 20 6 20 19 8 4 7 4 7 2 tfffftttttttttttttttt
0102131434tffff	0123123444ttttf	5 0 2 4 3 4 3 2 1 0 6 0 7 8 9 8 11 0 9 13 12 0 13 10 14 17 15 17 16 10 16 14 15 20 19 0 18 2 20 4 18 4 tfffftttttttttttttttt
0102131434tffff	0123143244ttttf	6 0 2 4 3 4 3 2 1 0 7 0 8 0 12 11 9 13 10 13 10 15 14 0 17 11 18 0 19 5 20 5 20 12 17 19 15 4 16 4 16 2 tfffftttttttttttttttt
0102131434tffff	0123143342tttft	5 0 2 3 4 3 1 0 4 2 7 0 8 0 11 12 9 14 10 14 10 16 13 12 15 0 13 19 18 0 19 6 20 6 20 9 16 3 17 3 17 2 tfffftttttttttttttttt
0102131434tffff	0123321444ttttf	5 0 2 4 3 4 3 2 1 0 6 0 7 10 8 10 8 12 11 0 15 0 16 9 17 9 17 20 19 0 20 14 18 14 18 16 13 2 12 4 13 4 tfffftttttttttttttttt
0102131434tffff	0123341244ttttf	5 0 2 4 3 4 3 2 1 0 7 0 11 0 8 13 9 13 9 15 14 0 15 6 16 6 18 0 19 10 20 10 20 12 16 19 12 4 17 4 17 2 tfffftttttttttttttttt
0102131434tffff	0123423314tttft	5 0 2 3 4 3 1 0 4 2 6 0 8 7 10 0 13 7 15 0 16 9 17 9 17 11 13 19 18 0 19 14 20 14 20 16 11 3 12 3 12 2 tfffftttttttttttttttt
0102131434tffff	0123443312tttft	5 0 2 3 4 3 1 0 4 2 6 0 8 7 10 0 13 7 15 0 16 14 17 14 17 16 13 19 18 0 19 9 20 9 20 11 11 3 12 3 12 2 tfffftttttttttttttttt
0102131434tffff	1200233444ttttf	6 0 2 4 3 4 3 2 1 0 7 0 8 0 9 5 10 13 11 13 12 5 12 9 11 15 14 0 15 17 16 17 16 20 19 0 18 2 20 4 18 4 tfffftttttttttttttttt
0102131434tffff	1200332444ttttf	6 0 2 4 3 4 3 2 1 0 7 0 10 0 11 5 12 5 12 11 8 14 9 14 9 16 15 0 19 0 20 13 18 13 18 20 17 2 16 4 17 4 tfffftttttttttttttttt
0102131434tffff	1200342344ttttf	6 0 2 4 3 4 3 2 1 0 7 0 8 0 9 5 10 12 11 12 13 5 13 9 17 0 11 19 20 15 20 16 18 0 19 16 15 4 14 4 14 2 tfffftttttttttttttttt
0102131434tffff	1203223440ttftt	13 0 2 4 3 4 3 2 1 0 14 0 6 12 9 0 10 0 12 5 11 7 6 7 17 5 18 0 19 8 20 8 20 11 17 19 15 4 16 4 16 2 tfffftttttttttttttttt
0102131434tffff	1203224034ttftt	13 0 2 4 3 4 3 2 1 0 14 0 9 0 8 0 10 6 11 5 12 5 17 6 17 11 18 0 19 7 20 7 20 10 12 19 15 4 16 4 16 2 tfffftttttttttttttttt
0102131434tffff	1203224430ttftt	13 0 2 4 3 4 3 2 1 0 14 0 17 11 17 8 12 0 10 0 7 5 6 5 11 8 18 0 19 9 20 9 20 7 6 19 15 4 16 4 16 2 tfffftttttttttttttttt
0102131434tffff	1203243044ttttf	10 0 2 4 3 4 3 2 1 0 11 0 7 0 8 5 9 5 9 13 12 0 13 6 14 17 15 17 16 6 16 8 15 19 18 0 19 4 20 4 20 2 tfffftttttttttttttttt
0102131434tffff	1203243340tttft	13 0 2 3 4 3 1 0 4 2 10 0 7 0 8 5 9 5 9 11 11 14 12 14 12 16 15 0 18 0 19 6 20 6 20 8 16 3 17 3 17 2 tfffftttttttttttttttt
0102131434tffff	1203302444ttttf	6 0 2 4 3 4 3 2 1 0 7 0 9 0 10 12 11 12 8 14 13 14 13 16 15 0 11 20 19 0 20 5 18 5 18 10 17 2 16 4 17 4 tfffftttttttttttttttt
0102131434tffff	1203342044ttttf	5 0 2 4 3 4 3 2 1 0 7 0 9 0 10 12 11 12 8 16 13 16 13 15 17 0 11 19 20 8 20 6 18 0 19 6 15 4 14 4 14 2 tfffftttttttttttttttt
0102131434tffff	1203443320tttft	13 0 2 3 4 3 1 0 4 2 7 0 10 0 11 5 12 5 12 11 8 14 9 14 9 16 15 0 18 0 19 6 20 6 20 8 16 3 17 3 17 2 tfffftttttttttttttttt
0102131434tffff	1220033444ttttf	10 0 2 4 3 4 3 2 1 0 11 0 7 0 12 6 13 6 13 15 14 0 15 5 16 5 16 8 8 17 9 17 9 20 19 0 18 2 20 4 18 4 tfffftttttttttttttttt
0102131434tffff	1220330444ttttf	10 0 2 4 3 4 3 2 1 0 11 0 7 0 12 14 13 14 13 16 15 0 16 5 17 5 17 8 19 0 20 6 18 6 18 20 9 2 8 4 9 4 tfffftttttttttttttttt
0102131434tffff	1220340344ttttf	14 0 2 4 3 4 3 2 1 0 15 0 16 10 17 10 13 9 13 11 12 0 6 0 7 11 17 19 18 0 19 5 20 5 20 7 9 4 8 4 8 2 tfffftttttttttttttttt
0102131434tffff	1223043044ttttf	14 0 2 4 3 4 3 2 1 0 15 0 16 12 17 12 8 7 10 0 11 5 8 5 6 0 17 19 18 0 19 9 20 9 20 11 7 4 13 4 13 2 tfffftttttttttttttttt
0102131434tffff	1223043340tttft	6 0 2 3 4 3 1 0 4 2 7 0 11 0 8 14 9 14 9 16 15 0 16 5 17 5 17 8 18 0 19 10 20 10 20 12 12 3 13 3 13 2 tfffftttttttttttttttt
0102131434tffff	1223340044ttttf	14 0 2 4 3 4 3 2 1 0 15 0 16 10 17 10 13 7 13 5 12 0 6 0 7 5 17 19 18 0 19 11 20 11 20 9 9 4 8 4 8 2 tfffftttttttttttttttt
0102131434tffff	1223443300tttft	5 0 2 3 4 3 1 0 4 2 7 0 11 0 12 10 13 10 13 12 15 0 16 14 17 14 17 16 18 0 19 6 20 6 20 8 8 3 9 3 9 2 tfffftttttttttttttttt
0102131434tffff	1230032444ttttf	13 0 2 4 3 4 3 2 1 0 14 0 15 9 16 9 16 11 6 0 7 12 8 12 10 0 19 0 20 5 18 5 18 7 8 20 17 2 11 4 17 4 tfffftttttttttttttttt
0102131434tffff	1230042344ttttf	9 0 2 4 3 4 3 2 1 0 10 0 11 8 12 8 6 0 17 0 15 5 14 5 14 7 12 19 20 15 20 16 18 0 19 16 7 4 13 4 13 2 tfffftttttttttttttttt
0102131434tffff	1230230444ttttf	13 0 2 4 3 4 3 2 1 0 14 0 15 9 16 9 16 12 10 0 12 11 6 0 17 11 19 0 20 5 18 5 18 7 17 20 8 2 7 4 8 4 tfffftttttttttttttttt
0102131434tffff	1230240344ttttf	6 0 2 4 3 4 3 2 1 0 7 0 11 0 13 5 12 5 12 15 14 0 15 10 16 13 16 10 8 17 9 17 9 19 18 0 19 4 20 4 20 2 tfffftttttttttttttttt
0102131444tffff	0112233444ttttf	5 0 2 4 3 4 3 3 1 0 6 0 8 7 9 0 10 7 11 12 10 13 13 12 14 0 13 16 15 17 16 17 16 18 19 0 18 3 20 4 18 4 tfffftttttttttttttttt
0102131444tffff	0112332444ttttf	5 0 2 4 3 4 3 3 1 0 6 0 7 9 8 9 8 12 10 0 11 14 12 14 12 17 15 0 19 0 20 13 18 13 18 18 17 3 16 4 17 4 tfffftttttttttttttttt
0102131444tffff	0112342344ttttf	5 0 2 4 3 4 3 3 1 0 6 0 8 7 9 0 10 7 11 12 10 13 13 12 17 0 13 20 20 14 20 16 18 0 19 16 15 4 14 4 14 3 tfffftttttttttttttttt
0102131444tffff	0122133444ttttf	5 0 2 4 3 4 3 3 1 0 6 0 7 10 9 10 11 0 9 13 14 0 15 8 16 8 16 16 12 17 13 17 13 18 19 0 18 3 20 4 18 4 tfffftttttttttttttttt
0102131444tffff	0122331444ttttf	5 0 2 4 3 4 3 3 1 0 6 0 7 10 8 10 8 13 11 0 15 0 16 14 17 14 17 17 19 0 20 9 18 9 18 18 13 3 12 4 13 4 tfffftttttttttttttttt
0102131444tffff	0122341344ttttf	5 0 2 4 3 4 3 3 1 0 9 0 13 0 17 7 17 12 10 14 11 14 11 17 15 0 16 12 18 0 19 6 20 6 20 20 8 4 7 4 7 3 tfffftttttttttttttttt
0102131444tffff	0123123444ttttf	5 0 2 4 3 4 3 3 1 0 6 0 8 7 10 0 11 7 12 0 13 9 11 16 14 17 15 17 16 9 16 15 15 18 19 0 18 3 20 4 18 4 tfffftttttttttttttttt
0102131444tffff	0123143244ttttf	6 0 2 4 3 4 3 3 1 0 7 0 8 0 12 11 9 13 10 13 10 16 14 0 17 11 18 0 19 5 20 5 20 17 17 20 15 4 16 4 16 3 tfffftttttttttttttttt
0102131444tffff	0123143342tttft	5 0 2 3 4 3 1 0 4 4 7 0 8 0 11 12 9 14 10 14 10 17 13 12 15 0 13 20 18 0 19 6 20 6 20 10 16 3 17 3 17 4 tfffftttttttttttttttt
0102131444tffff	0123321444ttttf	5 0 2 4 3 4 3 3 1 0 6 0 7 10 9 10 11 0 9 13 15 0 16 8 17 8 17 18 19 0 20 14 18 14 18 17 13 3 12 4 13 4 tfffftttttttttttttttt
0102131444tffff	0123341244ttttf	5 0 2 4 3 4 3 3 1 0 7 0 11 0 8 13 9 13 9 16 14 0 15 6 16 6 18 0 19 10 20 10 20 17 16 20 12 4 17 4 17 3 tfffftttttttttttttttt
0102131444tffff	0123423314tttft	5 0 2 3 4 3 1 0 4 4 6 0 8 7 10 0 13 7 15 0 16 9 17 9 17 12 13 20 18 0 19 14 20 14 20 17 11 3 12 3 12 4 tfffftttttttttttttttt
0102131444tffff	0123443312tttft	5 0 2 3 4 3 1 0 4 4 6 0 8 7 10 0 13 7 15 0 16 14 17 14 17 17 13 20 18 0 19 9 20 9 20 12 11 3 12 3 12 4 tfffftttttttttttttttt
0102131444tffff	1200233444ttttf	6 0 2 4 3 4 3 3 1 0 7 0 8 0 9 5 10 12 11 12 13 5 13 13 14 0 11 16 15 17 16 17 16 18 19 0 18 3 20 4 18 4 tfffftttttttttttttttt
0102131444tffff	1200332444ttttf	6 0 2 4 3 4 3 3 1 0 7 0 10 0 11 5 12 5 12 12 8 14 9 14 9 17 15 0 19 0 20 13 18 13 18 18 17 3 16 4 17 4 tfffftttttttttttttttt
0102131444tffff	1200342344ttttf	6 0 2 4 3 4 3 3 1 0 7 0 8 0 9 5 10 12 11 12 13 5 13 13 17 0 11 20 20 14 20 16 18 0 19 16 15 4 14 4 14 3 tfffftttttttttttttttt
0102131444tffff	1203223440ttftt	13 0 2 4 3 4 3 3 1 0 14 0 6 17 9 0 10 0 12 5 11 7 6 7 17 5 18 0 19 8 20 8 20 6 17 20 15 4 16 4 16 3 tfffftttttttttttttttt
0102131444tffff	1203224034ttftt	13 0 2 4 3 4 3 3 1 0 14 0 9 0 8 0 10 6 11 5 12 5 17 6 17 12 18 0 19 7 20 7 20 17 12 20 15 4 16 4 16 3 tfffftttttttttttttttt
0102131444tffff	1203224430ttftt	13 0 2 4 3 4 3 3 1 0 14 0 17 17 11 0 9 0 12 5 6 5 10 7 17 7 18 0 19 8 20 8 20 6 6 20 15 4 16 4 16 3 tfffftttttttttttttttt
0102131444tffff	1203243044ttttf	8 0 2 4 3 4 3 3 1 0 9 0 7 0 10 5 12 0 13 6 11 5 11 16 14 17 15 17 16 6 16 11 15 20 18 0 19 4 20 4 20 3 tfffftttttttttttttttt
0102131444tffff	1203243340tttft	13 0 2 3 4 3 1 0 4 4 10 0 7 0 8 5 9 5 9 12 11 14 12 14 12 17 15 0 18 0 19 6 20 6 20 9 16 3 17 3 17 4 tfffftttttttttttttttt
0102131444tffff	1203302444ttttf	6 0 2 4 3 4 3 3 1 0 7 0 9 0 10 12 11 12 8 14 13 14 13 17 15 0 11 18 19 0 20 5 18 5 18 11 17 3 16 4 17 4 tfffftttttttttttttttt
0102131444tffff	1203342044ttttf	5 0 2 4 3 4 3 3 1 0 7 0 9 0 10 12 11 12 8 15 13 15 13 14 16 0 11 20 20 13 18 0 19 6 20 6 17 4 14 4 14 3 tfffftttttttttttttttt
0102131444tffff	1203443320tttft	13 0 2 3 4 3 1 0 4 4 7 0 10 0 11 5 12 5 12 12 8 14 9 14 9 17 15 0 18 0 19 6 20 6 20 9 16 3 17 3 17 4 tfffftttttttttttttttt
0102131444tffff	1220033444ttttf	9 0 2 4 3 4 3 3 1 0 10 0 7 0 12 6 13 6 14 0 15 5 13 16 16 5 16 11 8 17 11 17 11 18 19 0 18 3 20 4 18 4 tfffftttttttttttttttt
0102131444tffff	1220330444ttttf	10 0 2 4 3 4 3 3 1 0 11 0 7 0 12 14 13 14 13 17 15 0 16 5 17 5 17 9 19 0 20 6 18 6 18 18 9 3 8 4 9 4 tfffftttttttttttttttt
0102131444tffff	1220340344ttttf	14 0 2 4 3 4 3 3 1 0 15 0 16 10 17 10 13 8 13 11 12 0 6 0 7 11 17 20 18 0 19 5 20 5 20 13 9 4 8 4 8 3 tfffftttttttttttttttt
0102131444tffff	1223043044ttttf	14 0 2 4 3 4 3 3 1 0 15 0 16 9 17 9 8 13 6 0 11 0 12 5 8 5 17 20 18 0 19 10 20 10 20 8 7 4 13 4 13 3 tfffftttttttttttttttt
0102131444tffff	1223043340tttft	6 0 2 3 4 3 1 0 4 4 7 0 11 0 8 14 9 14 9 17 15 0 16 5 17 5 17 9 18 0 19 10 20 10 20 13 12 3 13 3 13 4 tfffftttttttttttttttt
0102131444tffff	1223340044ttttf	14 0 2 4 3 4 3 3 1 0 15 0 16 9 17 9 13 13 11 0 6 0 7 5 13 5 17 20 18 0 19 10 20 10 20 8 12 4 8 4 8 3 tfffftttttttttttttttt
0102131444tffff	1223443300tttft	5 0 2 3 4 3 1 0 4 4 7 0 11 0 12 10 13 10 13 13 15 0 16 14 17 14 17 17 18 0 19 6 20 6 20 9 8 3 9 3 9 4 tfffftttttttttttttttt
0102131444tffff	1230032444ttttf	13 0 2 4 3 4 3 3 1 0 14 0 15 9 16 9 16 17 6 0 7 12 8 12 10 0 19 0 20 5 18 5 18 8 8 18 17 3 11 4 17 4 tfffftttttttttttttttt
0102131444tffff	1230042344ttttf	9 0 2 4 3 4 3 3 1 0 10 0 11 8 12 8 6 0 17 0 15 5 14 5 14 13 12 20 20 14 20 16 18 0 19 16 7 4 13 4 13 3 tfffftttttttttttttttt
0102131444tffff	1230230444ttttf	13 0 2 4 3 4 3 3 1 0 14 0 15 9 16 9 16 17 10 0 12 11 6 0 17 11 19 0 20 5 18 5 18 8 17 18 8 3 7 4 8 4 tfffftttttttttttttttt
0102131444tffff	1230240344ttttf	6 0 2 4 3 4 3 3 1 0 7 0 10 0 12 5 11 5 13 0 14 9 16 11 16 9 8 17 15 17 11 16 15 20 18 0 19 4 20 4 20 3 tfffftttttttttttttttt
0102132434tffff	0112233444ttttf	5 0 2 4 3 1 3 2 1 0 6 0 7 8 9 10 10 0 9 11 11 12 13 14 14 0 13 15 15 17 16 20 16 19 20 0 18 2 18 1 19 4 tfffftttttttttttttttt
0102132434tffff	0112332444ttttf	5 0 2 4 3 1 3 2 1 0 6 0 7 9 8 10 8 11 10 0 11 14 12 15 12 16 15 0 20 0 19 13 18 20 18 19 17 2 17 1 16 4 tfffftttttttttttttttt
0102132434tffff	0112342344ttttf	5 0 2 4 3 1 3 2 1 0 6 0 7 8 9 10 10 0 9 12 12 11 16 0 13 18 13 19 20 15 20 16 19 17 18 0 15 4 14 1 14 2 tfffftttttttttttttttt
0102132434tffff	0122133444ttttf	5 0 2 4 3 1 3 2 1 0 6 0 7 9 8 11 8 12 14 0 11 0 15 10 16 14 16 15 12 17 13 20 13 19 20 0 18 2 18 1 19 4 tfffftttttttttttttttt
0102132434tffff	0122331444ttttf	5 0 2 4 3 1 3 2 1 0 6 0 7 10 8 11 8 12 11 0 15 0 16 14 17 15 17 16 20 0 19 9 18 20 18 19 13 2 13 1 12 4 tfffftttttttttttttttt
0102132434tffff	0122341344ttttf	5 0 2 4 3 1 3 2 1 0 10 0 9 0 17 8 17 9 16 13 11 14 12 15 12 16 15 0 18 0 19 6 20 18 20 19 8 4 7 1 7 2 tfffftttttttttttttttt
0102132434tffff	0123123444ttttf	5 0 2 4 3 1 3 2 1 0 6 0 7 8 10 11 12 0 11 0 10 15 13 17 15 9 16 12 16 13 14 20 14 19 20 0 18 2 18 1 19 4 tfffftttttttttttttttt
0102132434tffff	0123143244ttttf	5 0 2 4 3 1 3 2 1 0 7 0 11 0 8 12 9 13 9 14 13 0 17 10 18 0 19 6 20 11 20 17 16 19 16 18 14 4 15 1 15 2 tfffftttttttttttttttt
0102132434tffff	0123143342tttft	5 0 4 2 1 3 2 0 4 1 7 0 8 0 12 11 9 14 10 15 10 16 15 0 13 18 13 19 18 0 19 6 20 8 20 9 16 3 17 2 17 1 tfffftttttttttttttttt
0102132434tffff	0123321444ttttf	5 0 2 4 3 1 3 2 1 0 6 0 7 10 9 11 11 0 9 12 15 0 16 8 17 20 17 19 20 0 19 14 18 15 18 16 13 2 13 1 12 4 tfffftttttttttttttttt
0102132434tffff	0123341244ttttf	5 0 2 4 3 1 3 2 1 0 7 0 11 0 8 12 9 13 9 14 13 0 14 6 18 0 19 10 20 11 20 17 15 19 15 18 17 4 16 1 16 2 tfffftttttttttttttttt
0102132434tffff	0123423314tttft	5 0 4 2 1 3 2 0 4 1 7 0 9 0 12 6 15 0 16 8 17 9 17 10 13 18 13 19 18 0 19 14 20 15 20 16 10 3 11 2 11 1 tfffftttttttttttttttt
0102132434tffff	0123443312tttft	5 0 4 2 1 3 2 0 4 1 7 0 9 0 12 6 15 0 16 14 17 15 17 16 13 18 13 19 18 0 19 8 20 9 20 10 10 3 11 2 11 1 tfffftttttttttttttttt
0102132434tffff	1203223440ttftt	12 0 2 4 3 1 3 2 1 0 13 0 6 16 11 0 9 0 10 7 6 11 16 5 18 0 19 8 20 9 20 10 17 18 17 19 14 4 15 1 15 2 tfffftttttttttttttttt
0102132434tffff	1203224034ttftt	12 0 2 4 3 1 3 2 1 0 13 0 8 0 9 0 10 5 17 6 16 9 16 10 18 0 19 7 20 8 20 17 11 19 11 18 14 4 15 1 15 2 tfffftttttttttttttttt
0102132434tffff	1203224430ttftt	12 0 2 4 3 1 3 2 1 0 13 0 17 16 10 0 11 5 8 0 16 7 17 8 18 0 19 9 20 10 20 11 6 18 6 19 14 4 15 1 15 2 tfffftttttttttttttttt
0102132434tffff	1203243044ttttf	8 0 2 4 3 1 3 2 1 0 6 0 9 7 12 0 11 0 10 11 10 15 13 17 15 5 16 6 16 9 14 18 14 19 18 0 19 4 20 1 20 2 tfffftttttttttttttttt
0102132434tffff	1203243340tttft	13 0 4 2 1 3 2 0 4 1 10 0 7 0 8 5 9 10 9 11 11 14 12 15 12 16 15 0 18 0 19 6 20 7 20 8 16 3 17 2 17 1 tfffftttttttttttttttt
0102132434tffff	1203302444ttttf	6 0 2 4 3 1 3 2 1 0 7 0 8 0 9 11 12 14 13 15 13 16 15 0 10 20 10 19 20 0 19 5 18 8 18 9 17 2 17 1 16 4 tfffftttttttttttttttt
0102132434tffff	1203342044ttttf	5 0 2 4 3 1 3 2 1 0 7 0 8 0 9 11 12 15 13 16 13 17 16 0 10 18 10 19 20 12 18 0 19 6 20 7 17 4 14 1 14 2 tfffftttttttttttttttt
0102132434tffff	1203443320tttft	13 0 4 2 1 3 2 0 4 1 7 0 10 0 11 5 12 10 12 11 8 14 9 15 9 16 15 0 18 0 19 6 20 7 20 8 16 3 17 2 17 1 tfffftttttttttttttttt
0102132434tffff	1223043044ttttf	14 0 2 4 3 1 3 2 1 0 15 0 16 8 7 12 6 0 10 0 11 5 7 6 17 18 17 19 18 0 19 9 20 10 20 11 12 4 13 1 13 2 tfffftttttttttttttttt
0102132434tffff	1223043340tttft	6 0 4 2 1 3 2 0 4 1 7 0 11 0 8 14 9 15 9 16 15 0 16 5 17 7 17 8 18 0 19 10 20 11 20 12 12 3 13 2 13 1 tfffftttttttttttttttt
0102132434tffff	1223340044ttttf	14 0 2 4 3 1 3 2 1 0 15 0 16 8 13 12 10 0 6 0 12 5 13 6 17 18 17 19 18 0 19 9 20 10 20 11 11 4 7 1 7 2 tfffftttttttttttttttt
0102132434tffff	1223443300tttft	5 0 4 2 1 3 2 0 4 1 7 0 11 0 12 10 13 11 13 12 15 0 16 14 17 15 17 16 18 0 19 6 20 7 20 8 8 3 9 2 9 1 tfffftttttttttttttttt
0102132444tffff	0112233444ttttf	5 0 2 4 3 1 3 3 1 0 6 0 8 7 9 0 10 9 11 12 10 13 13 14 14 0 13 16 15 17 16 20 16 18 20 0 18 3 18 1 19 4 tfffftttttttttttttttt
0102132444tffff	0112332444ttttf	5 0 2 4 3 1 3 3 1 0 6 0 7 9 8 10 8 12 10 0 11 14 12 15 12 17 15 0 20 0 19 13 18 20 18 18 17 3 17 1 16 4 tfffftttttttttttttttt
0102132444tffff	0112342344ttttf	5 0 2 4 3 1 3 3 1 0 6 0 7 8 9 10 10 0 9 13 12 11 16 0 13 18 13 20 20 14 20 16 19 17 18 0 15 4 14 1 14 3 tfffftttttttttttttttt
0102132444tffff	0122133444ttttf	5 0 2 4 3 1 3 3 1 0 6 0 7 9 8 11 8 13 14 0 11 0 15 10 16 14 16 16 12 17 13 20 13 18 20 0 18 3 18 1 19 4 tfffftttttttttttttttt
0102132444tffff	0122331444ttttf	5 0 2 4 3 1 3 3 1 0 6 0 7 10 8 11 8 13 11 0 15 0 16 14 17 15 17 17 20 0 19 9 18 20 18 18 13 3 13 1 12 4 tfffftttttttttttttttt
0102132444tffff	0122341344ttttf	5 0 2 4 3 1 3 3 1 0 10 0 9 0 17 7 17 9 16 13 11 14 12 15 12 17 15 0 18 0 19 6 20 18 20 20 8 4 7 1 7 3 tfffftttttttttttttttt
0102132444tffff	0123123444ttttf	5 0 2 4 3 1 3 3 1 0 6 0 7 8 10 11 12 0 11 0 10 16 13 17 15 9 16 12 16 14 14 20 14 18 20 0 18 3 18 1 19 4 tfffftttttttttttttttt
0102132444tffff	0123143244ttttf	5 0 2 4 3 1 3 3 1 0 7 0 11 0 8 12 9 13 9 15 13 0 17 10 18 0 19 6 20 11 20 16 16 20 16 18 14 4 15 1 15 3 tfffftttttttttttttttt
0102132444tffff	0123143342tttft	5 0 4 2 1 3 2 0 4 4 7 0 8 0 12 11 9 14 10 15 10 17 15 0 13 18 13 20 18 0 19 6 20 8 20 10 16 3 17 2 17 4 tfffftttttttttttttttt
0102132444tffff	0123321444ttttf	5 0 2 4 3 1 3 3 1 0 6 0 7 10 9 11 11 0 9 13 15 0 16 8 17 20 17 18 20 0 19 14 18 15 18 17 13 3 13 1 12 4 tfffftttttttttttttttt
0102132444tffff	0123423314tttft	5 0 4 2 1 3 2 0 4 4 7 0 9 0 12 6 15 0 16 8 17 9 17 11 13 18 13 20 18 0 19 14 20 15 20 17 10 3 11 2 11 4 tfffftttttttttttttttt
0102132444tffff	0123443312tttft	5 0 4 2 1 3 2 0 4 4 7 0 9 0 12 6 15 0 16 14 17 15 17 17 13 18 13 20 18 0 19 8 20 9 20 11 10 3 11 2 11 4 tfffftttttttttttttttt
0102132444tffff	1203223440ttftt	12 0 2 4 3 1 3 3 1 0 13 0 6 17 11 0 9 0 10 7 6 11 16 5 18 0 19 8 20 9 20 6 17 18 17 20 14 4 15 1 15 3 tfffftttttttttttttttt
0102132444tffff	1203224034ttftt	12 0 2 4 3 1 3 3 1 0 13 0 8 0 9 0 10 5 17 6 16 9 16 11 18 0 19 7 20 8 20 16 11 20 11 18 14 4 15 1 15 3 tfffftttttttttttttttt
0102132444tffff	1203243044ttttf	8 0 2 4 3 1 3 3 1 0 6 0 9 7 12 0 11 0 10 11 10 16 13 17 15 5 16 6 16 10 14 18 14 20 18 0 19 4 20 1 20 3 tfffftttttttttttttttt
0102132444tffff	1203243340tttft	13 0 4 2 1 3 2 0 4 4 10 0 7 0 8 5 9 10 9 12 11 14 12 15 12 17 15 0 18 0 19 6 20 7 20 9 16 3 17 2 17 4 tfffftttttttttttttttt
0102132444tffff	1203342044ttttf	5 0 2 4 3 1 3 3 1 0 7 0 8 0 9 11 12 15 13 16 13 14 16 0 10 18 10 20 20 13 18 0 19 6 20 7 17 4 14 1 14 3 tfffftttttttttttttttt
0102132444tffff	1203443320tttft	13 0 4 2 1 3 2 0 4 4 7 0 10 0 11 5 12 10 12 12 8 14 9 15 9 17 15 0 18 0 19 6 20 7 20 9 16 3 17 2 17 4 tfffftttttttttttttttt
0102132444tffff	1223043340tttft	6 0 4 2 1 3 2 0 4 4 7 0 11 0 8 14 9 15 9 17 15 0 16 5 17 7 17 9 18 0 19 10 20 11 20 13 12 3 13 2 13 4 tfffftttttttttttttttt
0102132444tffff	1223340044ttttf	14 0 2 4 3 1 3 3 1 0 15 0 16 8 13 13 10 0 6 0 12 5 13 6 17 18 17 20 18 0 19 9 20 10 20 7 11 4 7 1 7 3 tfffftttttttttttttttt
0102132444tffff	1223443300tttft	5 0 4 2 1 3 2 0 4 4 7 0 11 0 12 10 13 11 13 13 15 0 16 14 17 15 17 17 18 0 19 6 20 7 20 9 8 3 9 2 9 4 tfffftttttttttttttttt
