0102030414tffff	01122333tttf	5 0 2 0 3 0 4 0 4 1 6 0 7 0 8 0 8 9 10 0 11 0 12 0 12 13 14 0 15 0 16 0 16 1 tfffftttttttttttt
0102030414tffff	01221333tttf	5 0 2 0 3 0 4 0 4 1 6 0 7 0 8 0 8 10 11 0 12 0 13 0 14 0 15 0 16 0 16 9 15 1 tfffftttttttttttt
0102030414tffff	01231233tttf	5 0 2 0 3 0 4 0 4 1 6 0 7 0 8 0 8 9 11 0 12 0 13 0 14 0 15 0 16 0 16 10 15 1 tfffftttttttttttt
0102030414tffff	12032230ttft	10 0 2 0 3 0 3 4 1 0 11 0 6 5 8 0 9 0 6 0 12 0 13 0 14 0 15 0 16 0 16 7 15 4 tfffftttttttttttt
0102030414tffff	12200333tttf	6 0 2 0 3 0 4 0 4 1 7 0 9 0 10 0 11 0 12 0 13 0 14 0 15 0 15 8 16 0 16 5 13 1 tfffftttttttttttt
0102031424tffff	01122333tttf	5 0 4 2 3 0 1 0 4 3 6 0 7 0 8 9 8 10 10 0 11 0 12 13 12 14 14 0 15 0 16 2 16 3 tfffftttttttttttt
0102031424tffff	01221333tttf	5 0 4 2 3 0 1 0 4 3 6 0 7 0 9 8 11 0 9 12 12 0 13 0 15 0 16 10 16 11 14 2 14 3 tfffftttttttttttt
0102031424tffff	01231233tttf	5 0 4 2 3 0 1 0 4 3 6 0 7 0 8 10 8 11 11 0 12 0 13 0 15 0 16 9 16 12 14 2 14 3 tfffftttttttttttt
0102031424tffff	12002333tttf	6 0 4 2 3 0 1 0 4 3 8 0 7 0 10 0 9 0 11 13 12 5 12 7 11 14 14 0 15 0 16 2 16 3 tfffftttttttttttt
0102031424tffff	12032230ttft	9 0 2 0 3 4 3 1 1 0 6 0 8 0 7 11 7 10 11 0 12 0 13 0 15 0 16 5 16 6 14 4 14 1 tfffftttttttttttt
0102031424tffff	12200333tttf	5 0 4 2 3 0 1 0 4 3 7 0 9 0 10 0 12 0 13 0 14 6 14 7 15 0 16 8 16 9 11 2 11 3 tfffftttttttttttt
0102031434tffff	01122333tttf	5 0 4 2 3 0 1 0 4 1 6 0 7 0 9 8 10 0 9 11 11 0 13 12 14 0 13 15 15 0 16 2 16 1 tfffftttttttttttt
0102031434tffff	01221333tttf	5 0 4 2 3 0 1 0 4 1 6 0 7 0 9 8 11 0 9 13 12 0 13 0 15 0 16 10 16 15 14 2 14 1 tfffftttttttttttt
0102031434tffff	01231233tttf	5 0 4 2 3 0 1 0 4 1 6 0 8 0 10 0 11 9 12 0 13 0 11 15 15 0 16 7 16 13 14 2 14 1 tfffftttttttttttt
0102031434tffff	12002333tttf	6 0 4 2 3 0 1 0 4 1 7 0 8 0 9 0 10 0 11 12 13 5 13 9 14 0 11 15 15 0 16 2 16 1 tfffftttttttttttt
0102031434tffff	12032230ttft	6 0 2 0 3 4 3 2 1 0 7 0 9 0 10 0 12 0 13 0 11 8 11 15 15 0 16 5 16 10 14 4 14 2 tfffftttttttttttt
0102031434tffff	12200333tttf	5 0 4 2 3 0 1 0 4 1 7 0 9 0 10 0 12 0 13 0 14 6 14 15 15 0 16 8 16 10 11 2 11 1 tfffftttttttttttt
0102031444tffff	01122333tttf	5 0 4 2 3 0 1 0 4 4 6 0 8 0 9 0 10 7 11 0 10 13 13 12 14 0 13 16 15 0 16 2 16 4 tfffftttttttttttt
0102031444tffff	01221333tttf	5 0 4 2 3 0 1 0 4 4 6 0 7 0 9 8 11 0 9 14 12 0 13 0 15 0 16 10 16 16 14 2 14 4 tfffftttttttttttt
0102031444tffff	12002333tttf	6 0 4 2 3 0 1 0 4 4 7 0 8 0 9 0 10 0 11 12 13 5 13 13 14 0 11 16 15 0 16 2 16 4 tfffftttttttttttt
0102031444tffff	12032230ttft	6 0 2 0 3 4 3 3 1 0 7 0 9 0 10 0 12 0 13 0 11 8 11 16 15 0 16 5 16 11 14 4 14 3 tfffftttttttttttt
0102031444tffff	12200333tttf	5 0 4 2 3 0 1 0 4 4 7 0 9 0 10 0 12 0 13 0 14 6 14 16 15 0 16 8 16 11 11 2 11 4 tfffftttttttttttt
0102131424tffff	01122333tttf	5 0 2 3 4 3 1 0 4 1 6 0 7 9 8 9 8 10 10 0 11 13 12 13 12 14 14 0 15 3 16 3 16 1 tfffftttttttttttt
0102131424tffff	01221333tttf	5 0 2 3 4 3 1 0 4 1 6 0 7 10 8 10 8 11 11 0 14 0 15 9 16 9 16 14 12 3 13 3 13 1 tfffftttttttttttt
0102131424tffff	01231233tttf	5 0 2 3 4 3 1 0 4 1 6 0 7 8 9 8 11 0 9 14 14 0 15 10 16 10 16 11 12 3 13 3 13 1 tfffftttttttttttt
0102131424tffff	12002333tttf	6 0 2 3 4 3 1 0 4 1 7 0 8 0 9 5 10 13 11 13 12 5 12 8 11 14 14 0 15 3 16 3 16 1 tfffftttttttttttt
0102131424tffff	12032230ttft	10 0 2 4 3 4 3 1 1 0 11 0 7 0 8 5 9 5 9 14 14 0 15 6 16 6 16 7 12 4 13 4 13 1 tfffftttttttttttt
0102131424tffff	12200333tttf	10 0 2 3 4 3 1 0 4 1 11 0 12 8 13 8 6 0 13 14 14 0 15 5 16 5 16 6 7 3 9 3 9 1 tfffftttttttttttt
0102131434tffff	01122333tttf	5 0 2 3 4 3 1 0 4 2 6 0 7 9 8 9 8 11 10 0 11 13 12 13 12 15 14 0 15 3 16 3 16 2 tfffftttttttttttt
0102131434tffff	01221333tttf	5 0 2 3 4 3 1 0 4 2 6 0 7 10 8 10 8 12 11 0 14 0 15 9 16 9 16 15 12 3 13 3 13 2 tfffftttttttttttt
0102131434tffff	01231233tttf	5 0 2 3 4 3 1 0 4 2 6 0 7 8 9 8 11 0 9 15 14 0 15 10 16 10 16 12 12 3 13 3 13 2 tfffftttttttttttt
0102131434tffff	12002333tttf	6 0 2 3 4 3 1 0 4 2 7 0 8 0 9 5 10 13 11 13 12 5 12 9 11 15 14 0 15 3 16 3 16 2 tfffftttttttttttt
0102131434tffff	12032230ttft	10 0 2 4 3 4 3 2 1 0 11 0 7 0 8 5 9 5 9 15 14 0 15 6 16 6 16 8 12 4 13 4 13 2 tfffftttttttttttt
0102131434tffff	12200333tttf	10 0 2 3 4 3 1 0 4 2 11 0 12 8 13 8 6 0 13 15 14 0 15 5 16 5 16 7 7 3 9 3 9 2 tfffftttttttttttt
0102131444tffff	01122333tttf	5 0 2 3 4 3 1 0 4 4 6 0 7 8 9 8 10 0 9 12 11 13 12 13 12 16 14 0 15 3 16 3 16 4 tfffftttttttttttt
0102131444tffff	01221333tttf	5 0 2 3 4 3 1 0 4 4 6 0 7 10 8 10 8 13 11 0 14 0 15 9 16 9 16 16 12 3 13 3 13 4 tfffftttttttttttt
0102131444tffff	01231233tttf	5 0 2 3 4 3 1 0 4 4 6 0 7 8 9 8 11 0 9 16 14 0 15 10 16 10 16 13 12 3 13 3 13 4 tfffftttttttttttt
0102131444tffff	12002333tttf	6 0 2 3 4 3 1 0 4 4 7 0 8 0 9 5 10 13 11 13 12 5 12 12 11 16 14 0 15 3 16 3 16 4 tfffftttttttttttt
0102131444tffff	12032230ttft	10 0 2 4 3 4 3 3 1 0 11 0 7 0 8 5 9 5 9 16 14 0 15 6 16 6 16 9 12 4 13 4 13 3 tfffftttttttttttt
0102131444tffff	12200333tttf	10 0 2 3 4 3 1 0 4 4 11 0 12 8 13 8 6 0 13 16 14 0 15 5 16 5 16 9 7 3 9 3 9 4 tfffftttttttttttt
0102132434tffff	01122333tttf	5 0 4 2 1 3 2 0 4 1 6 0 7 8 9 10 10 0 9 11 11 13 12 14 12 15 14 0 15 3 16 2 16 1 tfffftttttttttttt
0102132434tffff	01221333tttf	5 0 4 2 1 3 2 0 4 1 6 0 7 10 8 11 8 12 11 0 14 0 15 9 16 14 16 15 12 3 13 2 13 1 tfffftttttttttttt
0102132434tffff	01231233tttf	5 0 4 2 1 3 2 0 4 1 6 0 8 7 11 0 9 14 9 15 14 0 15 10 16 11 16 12 12 3 13 2 13 1 tfffftttttttttttt
0102132434tffff	12032230ttft	10 0 2 4 3 1 3 2 1 0 11 0 7 0 9 5 8 15 8 14 14 0 15 6 16 7 16 9 12 4 13 1 13 2 tfffftttttttttttt
0102132444tffff	01122333tttf	5 0 4 2 1 3 2 0 4 4 6 0 7 8 9 10 10 0 9 12 11 13 12 14 12 16 14 0 15 3 16 2 16 4 tfffftttttttttttt
0102132444tffff	01221333tttf	5 0 4 2 1 3 2 0 4 4 6 0 7 10 8 11 8 13 11 0 14 0 15 9 16 14 16 16 12 3 13 2 13 4 tfffftttttttttttt
0102132444tffff	01231233tttf	5 0 4 2 1 3 2 0 4 4 6 0 8 7 11 0 9 14 9 16 14 0 15 10 16 11 16 13 12 3 13 2 13 4 tfffftttttttttttt
0102132444tffff	12032230ttft	10 0 2 4 3 1 3 3 1 0 11 0 7 0 9 5 8 16 8 14 14 0 15 6 16 7 16 8 12 4 13 1 13 3 tfffftttttttttttt
