0102030414tffff	011222ttf	5 0 2 0 3 0 3 4 1 0 6 0 7 0 8 0 8 9 10 0 11 0 12 0 12 4 tfffftttttttt
0102031424tffff	011222ttf	5 0 2 0 3 4 3 1 1 0 6 0 7 0 8 9 8 10 10 0 11 0 12 4 12 1 tfffftttttttt
0102031424tffff	120022ttf	5 0 2 0 3 4 3 1 1 0 7 0 8 0 9 0 11 0 12 6 12 7 10 4 10 1 tfffftttttttt
0102031434tffff	011222ttf	5 0 2 0 3 4 3 2 1 0 6 0 7 0 9 8 10 0 9 11 11 0 12 4 12 2 tfffftttttttt
0102031434tffff	120022ttf	5 0 2 0 3 4 3 2 1 0 7 0 8 0 9 0 11 0 12 6 12 11 10 4 10 2 tfffftttttttt
0102031444tffff	011222ttf	5 0 2 0 3 4 3 3 1 0 6 0 7 0 9 8 10 0 9 12 11 0 12 4 12 3 tfffftttttttt
0102031444tffff	120022ttf	5 0 2 0 3 4 3 3 1 0 7 0 8 0 9 0 11 0 12 6 12 12 10 4 10 3 tfffftttttttt
0102131424tffff	011222ttf	5 0 2 4 3 4 3 1 1 0 6 0 7 9 8 9 8 10 10 0 11 4 12 4 12 1 tfffftttttttt
0102131424tffff	120022ttf	6 0 2 4 3 4 3 1 1 0 7 0 10 0 11 5 12 5 12 10 8 4 9 4 9 1 tfffftttttttt
0102131434tffff	011222ttf	5 0 2 4 3 4 3 2 1 0 6 0 7 9 8 9 8 11 10 0 11 4 12 4 12 2 tfffftttttttt
0102131434tffff	120022ttf	6 0 2 4 3 4 3 2 1 0 7 0 10 0 11 5 12 5 12 11 8 4 9 4 9 2 tfffftttttttt
0102131444tffff	011222ttf	5 0 2 4 3 4 3 3 1 0 6 0 7 9 8 9 8 12 10 0 11 4 12 4 12 3 tfffftttttttt
0102131444tffff	120022ttf	6 0 2 4 3 4 3 3 1 0 7 0 10 0 11 5 12 5 12 12 8 4 9 4 9 3 tfffftttttttt
0102132434tffff	011222ttf	5 0 2 4 3 1 3 2 1 0 6 0 7 9 8 10 8 11 10 0 11 4 12 1 12 2 tfffftttttttt
0102132444tffff	011222ttf	5 0 2 4 3 1 3 3 1 0 6 0 7 9 8 10 8 12 10 0 11 4 12 1 12 3 tfffftttttttt
