010212tff	012122fft	0 1 0 2 3 2 0 4 3 4 ffftt
010222tff	012101fft	0 2 1 3 0 3 4 3 1 3 fffft
010222tff	012101ftt	0 2 1 4 0 4 1 4 3 4 ffttt
010222ttf	010202fft	0 1 0 3 2 3 2 4 2 4 fffft
010222ttf	010212fft	0 1 0 3 2 3 2 4 3 4 fffft
010222ttf	010212ftt	0 1 0 3 2 3 2 4 3 4 ffftt
010222ttf	010222fft	0 1 0 3 2 3 2 4 4 4 fffft
010222ttf	010222ftt	0 1 0 3 2 3 2 4 4 4 ffftt
010222ttf	012101fft	0 1 0 3 2 3 4 3 2 3 fffft
010222ttf	012101ftt	0 1 0 3 2 3 4 3 2 3 ffftt
012101tff	011222fft	0 1 2 3 0 3 4 3 0 3 ffftt
012101tff	111222fft	0 1 2 3 0 3 4 3 0 3 ffftt
012122ttf	010202fft	0 1 2 1 2 3 2 4 2 4 fffft
012122ttf	010212fft	0 1 2 1 2 3 2 4 3 4 fffft
012122ttf	010212ftt	0 1 2 1 2 3 2 4 3 4 ffftt
012122ttf	010222fft	0 1 2 1 2 3 2 4 4 4 fffft
012122ttf	010222ftt	0 1 2 1 2 3 2 4 4 4 ffftt
012122ttf	011212fft	0 1 2 1 2 3 3 4 3 4 fffft
012122ttf	011222fft	0 1 2 1 2 3 3 4 4 4 fffft
012122ttf	012101fft	0 1 2 1 2 3 4 3 2 3 fffft
012122ttf	012101ftt	0 1 2 1 2 3 4 3 2 3 ffftt
012122ttf	012111fft	0 1 2 1 2 3 4 3 3 3 fffft
012122ttf	012111ftf	0 1 2 1 2 4 4 4 3 4 fffft
012122ttf	012121fft	0 1 2 1 2 3 4 3 4 3 fffft
012122ttf	012122fft	0 1 2 1 2 3 4 3 4 4 fffft
012122ttf	012222fft	0 1 2 1 2 3 4 4 4 4 fffft
