0102132434tffff	01020333ffft	0 4 0 5 1 6 2 7 0 8 1 9 2 10 3 10 1 13 2 14 3 14 0 12 11 13 12 14 13 14 ffffffffffftttt
0102132434tffff	01020333fftt	0 4 0 5 1 6 2 7 0 8 1 9 2 10 3 10 1 13 2 14 3 14 0 12 11 13 12 14 13 14 ffffffffttttttt
0102132434tffff	01020333fttt	0 4 0 5 1 6 2 7 0 8 1 9 2 10 3 10 1 13 2 14 3 14 0 12 11 13 12 14 13 14 ffffttttttttttt
0102132434tffff	01023221fftt	0 4 0 5 1 6 2 7 0 9 1 10 2 11 3 11 0 9 12 10 13 11 14 11 0 5 8 6 9 7 ffffffffttttttt
0102132444tffff	01020333ffft	0 4 0 5 1 6 3 7 0 8 1 9 2 10 3 10 1 13 2 14 3 14 0 12 11 13 12 14 14 14 ffffffffffftttt
0102132444tffff	01020333fftt	0 4 0 5 1 6 3 7 0 8 1 9 2 10 3 10 1 13 2 14 3 14 0 12 11 13 12 14 14 14 ffffffffttttttt
0102132444tffff	01020333fttt	0 4 0 5 1 6 3 7 0 8 1 9 2 10 3 10 1 13 2 14 3 14 0 12 11 13 12 14 14 14 ffffttttttttttt
0102132444tffff	01023221fftt	0 4 0 5 1 6 3 7 0 9 1 10 2 11 3 11 0 9 12 10 13 11 14 11 0 5 8 6 11 7 ffffffffttttttt
0102341144tffff	01021323ffft	0 4 2 4 0 5 3 6 0 9 1 10 3 10 2 8 0 13 7 14 6 14 4 12 0 13 11 14 10 14 ffffffffffffttt
0102341144tffff	01021333ffft	0 4 2 4 0 5 3 6 0 9 1 10 3 10 2 8 0 12 7 13 6 13 0 12 14 13 13 13 11 11 ffffffffffftttt
0102342144tffff	01021323ffft	0 4 2 4 1 6 3 6 0 9 1 10 3 10 2 8 0 13 7 14 6 14 5 12 0 13 11 14 10 14 ffffffffffffttt
